1.55836249903, -1.46760166087, 1.84038676248, -1.92281656395, -1.59003404046, -0.00163744093062
1.55831229255, -1.47062511694, 1.8459552081, -1.92536252054, -1.59003508428, -0.00168764347101
1.55829083318, -1.47185856275, 1.84831192757, -1.92648620865, -1.5900355312, -0.00170909998295
1.55828250804, -1.47228800293, 1.84923086037, -1.9269758634, -1.59003570541, -0.00171742292598
1.55828013041, -1.4723558329, 1.84950422032, -1.92718144137, -1.59003575614, -0.00171979883946
1.55828043489, -1.47226093593, 1.84948731947, -1.92725943416, -1.59003575118, -0.00171949306136
1.55828194644, -1.47209279675, 1.84933982194, -1.92728004943, -1.59003572117, -0.00171798064305
1.55828400047, -1.47189169249, 1.84913353632, -1.92727483141, -1.59003567989, -0.0017159261703
1.55828629791, -1.47167575483, 1.84890077078, -1.92725796226, -1.59003563356, -0.00171362872136
1.55828870424, -1.47145314673, 1.84865606393, -1.92723582016, -1.59003558498, -0.00171122281478
1.55829115899, -1.47122754332, 1.84840595863, -1.92721127394, -1.59003553539, -0.00170876893448
1.55829363496, -1.47100059922, 1.84815339947, -1.92718561402, -1.59003548536, -0.00170629426507
1.55829611992, -1.47077305938, 1.84789971166, -1.92715942083, -1.59003543515, -0.00170381101321
1.55829860838, -1.47054525919, 1.84764549162, -1.92713295546, -1.59003538487, -0.00170132464622
1.55830109786, -1.47031734962, 1.84739100775, -1.92710633531, -1.59003533458, -0.00169883759668
1.55830358726, -1.47008939865, 1.84713638083, -1.92707961316, -1.59003528428, -0.0016963509285
1.55830607607, -1.46986143686, 1.84688166521, -1.92705281276, -1.59003523401, -0.00169386508647
1.55830856407, -1.46963347801, 1.84662688535, -1.92702594475, -1.59003518375, -0.00169138023399
1.55831105116, -1.46940552828, 1.84637205224, -1.92699901392, -1.59003513352, -0.00168889640561
1.5583135373, -1.46917759045, 1.84611717082, -1.92697202243, -1.59003508331, -0.00168641357643
1.55831602246, -1.46894966576, 1.84586224332, -1.92694497126, -1.59003503312, -0.00168393169425
1.55831850664, -1.46872175474, 1.84560727074, -1.92691786085, -1.59003498294, -0.0016814506948
1.55832098983, -1.46849385764, 1.84535225351, -1.92689069143, -1.59003493279, -0.00167897050963
1.55832347204, -1.46826597456, 1.84509719186, -1.92686346314, -1.59003488266, -0.00167649107048
1.55832595325, -1.46803810554, 1.84484208587, -1.92683617608, -1.59003483255, -0.00167401231213
1.55832843348, -1.46781025057, 1.8445869356, -1.92680883033, -1.59003478245, -0.00167153417458
1.55833091272, -1.46758240967, 1.84433174108, -1.92678142598, -1.59003473237, -0.00166905660468
1.55833339098, -1.46735458281, 1.84407650234, -1.92675396313, -1.59003468231, -0.00166657955761
1.55833586824, -1.46712677, 1.8438212194, -1.92672644188, -1.59003463226, -0.00166410299811
1.55833834452, -1.46689897122, 1.84356589227, -1.92669886233, -1.59003458222, -0.00166162690142
1.55834081981, -1.46667118646, 1.84331052099, -1.9266712246, -1.5900345322, -0.00165915125409
1.55834329412, -1.46644341572, 1.84305510558, -1.92664352881, -1.59003448219, -0.00165667605448
1.55834576744, -1.46621565897, 1.84279964606, -1.92661577506, -1.59003443219, -0.00165420131299
1.55834823977, -1.46598791621, 1.84254414245, -1.92658796347, -1.5900343822, -0.0016517270521
1.55835071113, -1.46576018744, 1.84228859477, -1.92656009415, -1.59003433223, -0.00164925330607
1.55835318149, -1.46553247263, 1.84203300305, -1.9265321672, -1.59003428226, -0.00164678012035
1.55835565088, -1.46530477177, 1.84177736731, -1.92650418271, -1.59003423231, -0.00164430755083
1.55835811928, -1.46507708486, 1.84152168754, -1.92647614077, -1.59003418237, -0.00164183566271
1.5583605867, -1.46484941187, 1.84126596377, -1.92644804145, -1.59003413244, -0.00163936452926
1.55836305314, -1.4646217528, 1.841010196, -1.92641988479, -1.59003408253, -0.00163689423026
1.5583655186, -1.46439410762, 1.84075438424, -1.92639167086, -1.59003403262, -0.00163442485038
1.55836798308, -1.46416647632, 1.84049852847, -1.92636339965, -1.59003398273, -0.00163195647729
1.55837044658, -1.46393885887, 1.84024262869, -1.9263350712, -1.59003393286, -0.00162948919981
1.5583729091, -1.46371125527, 1.83998668489, -1.92630668548, -1.59003388301, -0.00162702310586
1.55837537064, -1.46348366547, 1.83973069705, -1.92627824247, -1.59003383317, -0.00162455828046
1.55837783121, -1.46325608947, 1.83947466514, -1.92624974214, -1.59003378335, -0.00162209480378
1.5583802908, -1.46302852723, 1.83921858913, -1.92622118441, -1.59003373355, -0.00161963274919
1.55838274942, -1.46280097873, 1.838962469, -1.92619256922, -1.59003368377, -0.0016171721815
1.55838520706, -1.46257344394, 1.83870630471, -1.92616389648, -1.59003363401, -0.00161471315527
1.55838766373, -1.46234592283, 1.83845009622, -1.9261351661, -1.59003358427, -0.00161225571343
1.55839011943, -1.46211841537, 1.83819384348, -1.92610637797, -1.59003353456, -0.00160979988602
1.55839257415, -1.46189092154, 1.83793754646, -1.92607753199, -1.59003348488, -0.00160734568927
1.5583950279, -1.4616634413, 1.8376812051, -1.92604862804, -1.59003343522, -0.00160489312496
1.55839748068, -1.46143597463, 1.83742481937, -1.926019666, -1.59003338558, -0.00160244218006
1.55839993249, -1.46120852149, 1.83716838921, -1.92599064577, -1.59003333598, -0.00159999282673
1.55840238334, -1.46098108185, 1.8369119146, -1.92596156724, -1.59003328639, -0.00159754502265
1.55840483321, -1.46075365569, 1.83665539547, -1.9259324303, -1.59003323684, -0.00159509871168
1.55840728211, -1.46052624298, 1.83639883181, -1.92590323487, -1.59003318731, -0.0015926538248
1.55840973005, -1.46029884369, 1.83614222357, -1.92587398087, -1.59003313781, -0.00159021028145
1.55841217702, -1.46007145779, 1.83588557073, -1.92584466825, -1.59003308834, -0.00158776799107
1.55841462302, -1.45984408527, 1.83562887326, -1.92581529695, -1.59003303889, -0.00158532685492
1.55841706805, -1.4596167261, 1.83537213114, -1.92578586696, -1.59003298946, -0.00158288676817
1.55841951212, -1.45938938025, 1.83511534436, -1.92575637826, -1.59003294006, -0.00158044762207
1.55842195523, -1.45916204772, 1.83485851292, -1.92572683087, -1.59003289068, -0.00157800930637
1.55842439737, -1.45893472848, 1.8346016368, -1.92569722483, -1.59003284132, -0.0015755717117
1.55842683854, -1.45870742251, 1.83434471603, -1.9256675602, -1.59003279197, -0.00157313473208
1.55842927875, -1.45848012981, 1.83408775061, -1.92563783704, -1.59003274265, -0.00157069826731
1.55843171799, -1.45825285037, 1.83383074055, -1.92560805546, -1.59003269334, -0.00156826222538
1.55843415627, -1.45802558416, 1.83357368589, -1.92557821558, -1.59003264405, -0.00156582652465
1.55843659359, -1.45779833119, 1.83331658664, -1.92554831751, -1.59003259477, -0.00156339109588
1.55843902994, -1.45757109144, 1.83305944285, -1.92551836141, -1.59003254551, -0.00156095588406
1.55844146533, -1.4573438649, 1.83280225453, -1.92548834742, -1.59003249625, -0.00155852084984
1.55844389976, -1.45711665158, 1.83254502174, -1.92545827571, -1.59003244701, -0.00155608597079
1.55844633323, -1.45688945146, 1.8322877445, -1.92542814643, -1.59003239777, -0.00155365124215
1.55844876573, -1.45666226455, 1.83203042286, -1.92539795977, -1.59003234854, -0.00155121667734
1.55845119727, -1.45643509082, 1.83177305686, -1.92536771587, -1.59003229932, -0.00154878230795
1.55845362786, -1.45620793028, 1.83151564652, -1.92533741491, -1.59003225011, -0.0015463481834
1.55845605748, -1.45598078291, 1.83125819189, -1.92530705702, -1.5900322009, -0.00154391437015
1.55845848614, -1.45575364872, 1.83100069298, -1.92527664234, -1.59003215171, -0.00154148095055
1.55846091385, -1.45552652768, 1.83074314983, -1.925246171, -1.59003210252, -0.00153904802126
1.55846334059, -1.4552994198, 1.83048556246, -1.92521564309, -1.59003205334, -0.00153661569135
1.55846576638, -1.45507232504, 1.83022793087, -1.9251850587, -1.59003200416, -0.0015341840801
1.55846819121, -1.45484524341, 1.82997025508, -1.92515441788, -1.590031955, -0.00153175331447
1.55847061509, -1.45461817487, 1.82971253508, -1.92512372067, -1.59003190585, -0.00152932352639
1.55847303801, -1.45439111942, 1.82945477086, -1.92509296708, -1.59003185672, -0.00152689484991
1.55847545998, -1.45416407703, 1.82919696242, -1.92506215709, -1.5900318076, -0.00152446741815
1.55847788099, -1.45393704768, 1.82893910971, -1.92503129066, -1.59003175849, -0.00152204136036
1.55848030105, -1.45371003134, 1.82868121272, -1.92500036772, -1.59003170941, -0.00151961679881
1.55848272016, -1.45348302798, 1.8284232714, -1.92496938818, -1.59003166034, -0.001517193846
1.55848513832, -1.45325603757, 1.82816528571, -1.92493835193, -1.5900316113, -0.00151477260187
1.55848755553, -1.45302906008, 1.8279072556, -1.92490725883, -1.59003156228, -0.00151235315128
1.55848997179, -1.45280209548, 1.82764918101, -1.92487610874, -1.59003151328, -0.00150993556181
1.5584923871, -1.45257514374, 1.82739106188, -1.9248449015, -1.59003146431, -0.00150751988193
1.55849480146, -1.45234820481, 1.82713289816, -1.92481363693, -1.59003141537, -0.00150510613942
1.55849721487, -1.45212127867, 1.82687468977, -1.92478231486, -1.59003136646, -0.00150269434043
1.55849962734, -1.45189436528, 1.82661643665, -1.9247509351, -1.59003131757, -0.00150028446883
1.55850203887, -1.4516674646, 1.82635813874, -1.92471949749, -1.59003126872, -0.00149787648619
1.55850444944, -1.45144057661, 1.82609979598, -1.92468800184, -1.5900312199, -0.0014954703321
1.55850685908, -1.45121370125, 1.82584140831, -1.92465644802, -1.59003117111, -0.00149306592521
1.55850926777, -1.45098683851, 1.82558297566, -1.92462483586, -1.59003112234, -0.00149066316452
1.55851167551, -1.45075998836, 1.82532449801, -1.92459316525, -1.59003107361, -0.0014882619313
1.55851408232, -1.45053315075, 1.82506597529, -1.92456143608, -1.59003102491, -0.00148586209145
1.55851648818, -1.45030632567, 1.82480740749, -1.92452964828, -1.59003097624, -0.0014834634981
1.5585188931, -1.4500795131, 1.82454879457, -1.92449780181, -1.59003092759, -0.00148106599474
1.55852129708, -1.44985271301, 1.82429013651, -1.92446589663, -1.59003087897, -0.0014786694185
1.55852370011, -1.44962592537, 1.82403143332, -1.92443393276, -1.59003083037, -0.00147627360368
1.5585261022, -1.44939915019, 1.82377268498, -1.92440191025, -1.59003078179, -0.00147387838542
1.55852850336, -1.44917238743, 1.82351389151, -1.92436982916, -1.59003073324, -0.0014714836034
1.55853090357, -1.4489456371, 1.82325505293, -1.92433768961, -1.5900306847, -0.00146908910553
1.55853330284, -1.44871889918, 1.82299616926, -1.92430549173, -1.59003063617, -0.00146669475155
1.55853570117, -1.44849217366, 1.82273724055, -1.92427323568, -1.59003058766, -0.00146430041634
1.55853809856, -1.44826546055, 1.82247826684, -1.92424092164, -1.59003053916, -0.00146190599308
1.55854049501, -1.44803875983, 1.82221924818, -1.92420854982, -1.59003049067, -0.00145951139596
1.55854289052, -1.44781207151, 1.82196018462, -1.92417612045, -1.59003044219, -0.00145711656255
1.55854528509, -1.44758539559, 1.82170107621, -1.92414363375, -1.59003039371, -0.00145472145562
1.55854767872, -1.44735873206, 1.82144192303, -1.92411108997, -1.59003034523, -0.00145232606447
1.55855007141, -1.44713208093, 1.82118272513, -1.92407848935, -1.59003029676, -0.00144993040569
1.55855246317, -1.4469054422, 1.82092348257, -1.92404583214, -1.5900302483, -0.00144753452328
1.55855485398, -1.44667881587, 1.82066419541, -1.92401311857, -1.59003019983, -0.00144513848823
1.55855724386, -1.44645220194, 1.8204048637, -1.92398034885, -1.59003015137, -0.0014427423974
1.5585596328, -1.4462256004, 1.8201454875, -1.92394752319, -1.5900301029, -0.00144034637186
1.55856202081, -1.44599901125, 1.81988606683, -1.92391464176, -1.59003005445, -0.00143795055461
1.55856440788, -1.44577243448, 1.81962660175, -1.92388170473, -1.59003000599, -0.00143555510782
1.55856679401, -1.44554587008, 1.81936709226, -1.9238487122, -1.59002995754, -0.00143316020948
1.55856917921, -1.44531931805, 1.81910753839, -1.92381566427, -1.59002990909, -0.00143076604976
1.55857156348, -1.44509277835, 1.81884794014, -1.92378256098, -1.59002986066, -0.00142837282692
1.55857394682, -1.44486625098, 1.81858829749, -1.92374940236, -1.59002981223, -0.00142598074301
1.55857632922, -1.4446397359, 1.81832861044, -1.92371618836, -1.59002976382, -0.00142358999937
1.5585787107, -1.44441323311, 1.81806887895, -1.92368291894, -1.59002971542, -0.00142120079209
1.55858109124, -1.44418674256, 1.81780910297, -1.92364959397, -1.59002966704, -0.00141881330748
1.55858347086, -1.44396026422, 1.81754928245, -1.92361621334, -1.59002961868, -0.00141642771768
1.55858584955, -1.44373379807, 1.81728941734, -1.92358277686, -1.59002957034, -0.00141404417646
1.55858822731, -1.44350734405, 1.81702950756, -1.92354928433, -1.59002952203, -0.00141166281546
1.55859060415, -1.44328090214, 1.81676955302, -1.92351573553, -1.59002947375, -0.00140928374068
1.55859298006, -1.44305447229, 1.81650955365, -1.92348213021, -1.59002942549, -0.00140690702968
1.55859535505, -1.44282805446, 1.81624950935, -1.92344846811, -1.59002937727, -0.00140453272921
1.55859772912, -1.44260164861, 1.81598942003, -1.92341474894, -1.59002932908, -0.00140216085352
1.55860010226, -1.44237525468, 1.8157292856, -1.92338097245, -1.59002928093, -0.00139979138347
1.55860247448, -1.44214887265, 1.81546910596, -1.92334713835, -1.59002923282, -0.0013974242662
1.55860484578, -1.44192250246, 1.81520888102, -1.92331324638, -1.59002918473, -0.00139505941571
1.55860721616, -1.44169614407, 1.8149486107, -1.92327929629, -1.59002913669, -0.00139269671409
1.55860958562, -1.44146979745, 1.81468829491, -1.92324528786, -1.59002908868, -0.00139033601358
1.55861195417, -1.44124346256, 1.81442793359, -1.92321122089, -1.59002904071, -0.00138797713926
1.55861432179, -1.44101713937, 1.81416752668, -1.92317709521, -1.59002899278, -0.00138561989242
1.55861668849, -1.44079082783, 1.81390707412, -1.9231429107, -1.59002894487, -0.00138326405463
1.55861905428, -1.44056452794, 1.81364657588, -1.92310866727, -1.590028897, -0.00138090939217
1.55862141914, -1.44033823965, 1.81338603193, -1.92307436488, -1.59002884916, -0.00137855566103
1.55862378309, -1.44011196296, 1.81312544226, -1.92304000354, -1.59002880134, -0.00137620261217
1.55862614612, -1.43988569784, 1.81286480687, -1.92300558329, -1.59002875355, -0.00137384999699
1.55862850824, -1.43965944429, 1.81260412579, -1.92297110423, -1.59002870577, -0.00137149757298
1.55863086943, -1.4394332023, 1.81234339905, -1.92293656652, -1.59002865802, -0.00136914510921
1.55863322971, -1.43920697187, 1.81208262668, -1.92290197033, -1.59002861028, -0.00136679239179
1.55863558906, -1.43898075298, 1.81182180875, -1.92286731591, -1.59002856255, -0.00136443922899
1.5586379475, -1.43875454566, 1.81156094533, -1.92283260352, -1.59002851482, -0.00136208545598
1.55864030503, -1.43852834989, 1.81130003648, -1.92279783346, -1.5900284671, -0.00135973093906
1.55864266163, -1.4383021657, 1.81103908231, -1.92276300606, -1.59002841939, -0.00135737557925
1.55864501732, -1.43807599308, 1.81077808289, -1.92272812165, -1.59002837167, -0.00135501931521
1.55864737209, -1.43784983206, 1.81051703832, -1.92269318061, -1.59002832395, -0.00135266212531
1.55864972594, -1.43762368263, 1.8102559487, -1.92265818328, -1.59002827623, -0.00135030402893
1.55865207887, -1.43739754482, 1.80999481413, -1.92262313004, -1.5900282285, -0.0013479450868
1.55865443089, -1.43717141862, 1.80973363468, -1.92258802122, -1.59002818077, -0.00134558540042
1.558656782, -1.43694530406, 1.80947241046, -1.92255285715, -1.59002813302, -0.00134322511058
1.55865913218, -1.43671920112, 1.80921114154, -1.92251763814, -1.59002808528, -0.00134086439495
1.55866148146, -1.43649310983, 1.80894982799, -1.92248236446, -1.59002803752, -0.00133850346478
1.55866382981, -1.43626703017, 1.80868846985, -1.92244703633, -1.59002798977, -0.0013361425608
1.55866617726, -1.43604096213, 1.80842706719, -1.92241165394, -1.59002794201, -0.00133378194842
1.55866852379, -1.43581490573, 1.80816562001, -1.92237621742, -1.59002789425, -0.00133142191213
1.55867086942, -1.43558886093, 1.80790412834, -1.92234072684, -1.59002784649, -0.00132906274956
1.55867321413, -1.43536282771, 1.80764259217, -1.92230518223, -1.59002779875, -0.00132670476497
1.55867555793, -1.43513680607, 1.80738101147, -1.92226958355, -1.59002775101, -0.00132434826256
1.55867790082, -1.43491079596, 1.8071193862, -1.92223393071, -1.59002770328, -0.00132199353956
1.55868024281, -1.43468479736, 1.80685771631, -1.92219822355, -1.59002765557, -0.00131964087946
1.55868258389, -1.43445881023, 1.80659600172, -1.92216246186, -1.59002760788, -0.0013172905453
1.55868492407, -1.43423283452, 1.80633424234, -1.92212664539, -1.59002756022, -0.00131494277337
1.55868726335, -1.43400687019, 1.80607243807, -1.92209077384, -1.59002751258, -0.00131259776733
1.55868960172, -1.43378091719, 1.8058105888, -1.92205484686, -1.59002746498, -0.001310255693
1.55869193919, -1.43355497546, 1.80554869439, -1.92201886407, -1.59002741741, -0.00130791667383
1.55869427576, -1.43332904496, 1.80528675472, -1.92198282508, -1.59002736988, -0.00130558078735
1.55869661143, -1.43310312563, 1.80502476966, -1.92194672946, -1.59002732239, -0.00130324806244
1.5586989462, -1.4328772174, 1.80476273905, -1.92191057681, -1.59002727495, -0.00130091847776
1.55870128008, -1.43265132024, 1.80450066277, -1.92187436669, -1.59002722755, -0.00129859196122
1.55870361305, -1.43242543407, 1.80423854068, -1.92183809871, -1.5900271802, -0.00129626839058
1.55870594513, -1.43219955885, 1.80397637266, -1.92180177247, -1.59002713289, -0.00129394759522
1.55870827632, -1.43197369453, 1.80371415858, -1.92176538764, -1.59002708563, -0.00129162935901
1.55871060661, -1.43174784106, 1.80345189834, -1.92172894389, -1.59002703841, -0.00128931342428
1.558712936, -1.43152199841, 1.80318959185, -1.92169244097, -1.59002699124, -0.00128699949674
1.5587152645, -1.43129616652, 1.80292723904, -1.92165587866, -1.5900269441, -0.00128468725147
1.5587175921, -1.43107034537, 1.80266483985, -1.92161925683, -1.59002689701, -0.00128237633951
1.55871991881, -1.43084453494, 1.80240239424, -1.9215825754, -1.59002684995, -0.00128006639528
1.55872224463, -1.43061873519, 1.80213990221, -1.92154583435, -1.59002680292, -0.00127775704449
1.55872456954, -1.43039294613, 1.80187736375, -1.92150903375, -1.59002675592, -0.00127544791232
1.55872689356, -1.43016716773, 1.80161477889, -1.92147217374, -1.59002670894, -0.00127313863187
1.55872921669, -1.4299414, 1.80135214768, -1.92143525451, -1.59002666197, -0.00127082885257
1.55873153892, -1.42971564294, 1.80108947019, -1.92139827633, -1.59002661502, -0.00126851824833
1.55873386025, -1.42948989656, 1.80082674651, -1.92136123955, -1.59002656808, -0.00126620652539
1.55873618069, -1.42926416087, 1.80056397675, -1.92132414456, -1.59002652114, -0.00126389342953
1.55873850023, -1.42903843589, 1.80030116101, -1.92128699179, -1.5900264742, -0.00126157875257
1.55874081888, -1.42881272164, 1.80003829944, -1.92124978172, -1.59002642725, -0.00125926233793
1.55874313662, -1.42858701814, 1.79977539217, -1.92121251487, -1.59002638029, -0.00125694408516
1.55874545347, -1.42836132542, 1.79951243934, -1.92117519176, -1.59002633332, -0.0012546239533
1.55874776942, -1.4281356435, 1.79924944112, -1.92113781293, -1.59002628634, -0.00125230196295
1.55875008448, -1.42790997242, 1.79898639764, -1.92110037893, -1.59002623934, -0.00124997819699
1.55875239864, -1.42768431219, 1.79872330905, -1.92106289027, -1.59002619232, -0.00124765279997
1.5587547119, -1.42745866283, 1.79846017548, -1.92102534745, -1.59002614528, -0.00124532597601
1.55875702427, -1.42723302437, 1.79819699706, -1.92098775092, -1.59002609823, -0.00124299798539
1.55875933575, -1.42700739682, 1.7979337739, -1.92095010109, -1.59002605115, -0.00124066913976
1.55876164633, -1.42678178019, 1.79767050609, -1.92091239831, -1.59002600407, -0.00123833979618
1.55876395602, -1.42655617448, 1.7974071937, -1.92087464286, -1.59002595697, -0.0012360103499
1.55876626481, -1.4263305797, 1.79714383677, -1.92083683494, -1.59002590986, -0.00123368122626
1.55876857272, -1.42610499582, 1.79688043534, -1.92079897467, -1.59002586274, -0.00123135287164
1.55877087973, -1.42587942283, 1.7966169894, -1.9207610621, -1.59002581563, -0.0012290257439
1.55877318586, -1.42565386072, 1.79635349893, -1.92072309718, -1.59002576852, -0.00122670030221
1.5587754911, -1.42542830944, 1.79608996386, -1.92068507977, -1.59002572142, -0.00122437699677
1.55877779546, -1.42520276896, 1.79582638413, -1.92064700964, -1.59002567433, -0.00122205625852
1.55878009893, -1.42497723923, 1.79556275962, -1.92060888648, -1.59002562727, -0.00121973848899
1.55878240152, -1.42475172019, 1.7952990902, -1.92057070993, -1.59002558024, -0.00121742405074
1.55878470323, -1.4245262118, 1.79503537574, -1.92053247951, -1.59002553324, -0.00121511325838
1.55878700406, -1.42430071398, 1.79477161606, -1.92049419472, -1.59002548628, -0.00121280637056
1.55878930401, -1.42407522667, 1.79450781098, -1.92045585498, -1.59002543936, -0.00121050358305
1.55879160309, -1.42384974979, 1.79424396031, -1.9204174597, -1.59002539249, -0.00120820502306
1.55879390129, -1.42362428328, 1.79398006384, -1.92037900825, -1.59002534568, -0.00120591074503
1.55879619861, -1.42339882705, 1.79371612137, -1.92034049998, -1.59002529891, -0.00120362072799
1.55879849506, -1.42317338103, 1.79345213269, -1.92030193426, -1.59002525221, -0.00120133487451
1.55880079064, -1.42294794516, 1.79318809761, -1.92026331046, -1.59002520557, -0.00119905301138
1.55880308534, -1.42272251935, 1.79292401594, -1.92022462799, -1.59002515899, -0.00119677489203
1.55880537917, -1.42249710354, 1.7926598875, -1.92018588632, -1.59002511247, -0.0011945002006
1.55880767213, -1.42227169768, 1.79239571213, -1.92014708495, -1.590025066, -0.00119222855769
1.55880996422, -1.4220463017, 1.7921314897, -1.92010822349, -1.59002501959, -0.00118995952765
1.55881225544, -1.42182091556, 1.79186722009, -1.92006930158, -1.59002497324, -0.00118769262723
1.55881454578, -1.42159553921, 1.79160290322, -1.92003031901, -1.59002492693, -0.00118542733554
1.55881683525, -1.42137017264, 1.79133853904, -1.91999127563, -1.59002488067, -0.00118316310499
1.55881912385, -1.4211448158, 1.79107412752, -1.9199521714, -1.59002483444, -0.00118089937311
1.55882141158, -1.4209194687, 1.79080966868, -1.9199130064, -1.59002478825, -0.00117863557488
1.55882369843, -1.42069413132, 1.79054516254, -1.91987378082, -1.59002474208, -0.00117637115538
1.55882598441, -1.42046880367, 1.7902806092, -1.91983449493, -1.59002469593, -0.00117410558246
1.55882826952, -1.42024348577, 1.79001600874, -1.91979514912, -1.59002464979, -0.00117183835919
1.55883055374, -1.42001817763, 1.78975136131, -1.91975574389, -1.59002460365, -0.00116956903564
1.5588328371, -1.41979287928, 1.78948666706, -1.91971627981, -1.59002455751, -0.00116729722001
1.55883511957, -1.41956759076, 1.78922192617, -1.91967675752, -1.59002451136, -0.00116502258848
1.55883740117, -1.41934231212, 1.78895713884, -1.91963717773, -1.5900244652, -0.00116274489392
1.55883968189, -1.41911704338, 1.78869230529, -1.91959754121, -1.59002441901, -0.00116046397285
1.55884196173, -1.41889178461, 1.78842742574, -1.91955784874, -1.59002437279, -0.00115817975082
1.5588442407, -1.41866653585, 1.78816250042, -1.91951810113, -1.59002432655, -0.00115589224578
1.55884651879, -1.41844129715, 1.78789752956, -1.91947829919, -1.59002428026, -0.00115360156951
1.55884879599, -1.41821606856, 1.78763251338, -1.9194384437, -1.59002423395, -0.0011513079269
1.55885107233, -1.41799085011, 1.78736745209, -1.91939853541, -1.59002418759, -0.00114901161319
1.55885334778, -1.41776564186, 1.78710234589, -1.919358575, -1.5900241412, -0.00114671300909
1.55885562236, -1.41754044382, 1.78683719495, -1.91931856311, -1.59002409478, -0.00114441257383
1.55885789607, -1.41731525604, 1.78657199942, -1.91927850026, -1.59002404832, -0.00114211083645
1.5588601689, -1.41709007851, 1.7863067594, -1.91923838689, -1.59002400184, -0.00113980838517
1.55886244085, -1.41686491126, 1.786041475, -1.9191982233, -1.59002395533, -0.00113750585534
1.55886471194, -1.41663975427, 1.78577614624, -1.91915800972, -1.59002390881, -0.00113520391606
1.55886698216, -1.41641460754, 1.78551077314, -1.91911774619, -1.59002386227, -0.0011329032558
1.55886925151, -1.41618947103, 1.78524535568, -1.91907743267, -1.59002381574, -0.00113060456722
1.55887151999, -1.41596434471, 1.78497989377, -1.91903706896, -1.59002376921, -0.00112830853171
1.55887378761, -1.41573922854, 1.7847143873, -1.91899665474, -1.59002372269, -0.00112601580382
1.55887605436, -1.41551412244, 1.78444883613, -1.91895618955, -1.5900236762, -0.00112372699594
1.55887832026, -1.41528902637, 1.78418324008, -1.91891567283, -1.59002362974, -0.00112144266377
1.5588805853, -1.41506394023, 1.78391759893, -1.9188751039, -1.59002358332, -0.00111916329263
1.55888284948, -1.41483886394, 1.78365191243, -1.918834482, -1.59002353695, -0.00111688928514
1.5588851128, -1.41461379741, 1.78338618031, -1.91879380626, -1.59002349063, -0.00111462095059
1.55888737527, -1.41438874054, 1.78312040229, -1.9187530758, -1.59002344438, -0.00111235849607
1.55888963689, -1.41416369323, 1.78285457808, -1.91871228964, -1.5900233982, -0.00111010201983
1.55889189766, -1.41393865537, 1.78258870736, -1.91867144683, -1.59002335209, -0.00110785150691
1.55889415758, -1.41371362687, 1.78232278982, -1.91863054639, -1.59002330607, -0.00110560682723
1.55889641665, -1.41348860762, 1.78205682518, -1.91858958737, -1.59002326012, -0.00110336773629
1.55889867487, -1.41326359753, 1.78179081315, -1.91854856889, -1.59002321425, -0.00110113387834
1.55890093224, -1.4130385965, 1.78152475347, -1.91850749008, -1.59002316847, -0.00109890479226
1.55890318877, -1.41281360446, 1.78125864589, -1.91846635023, -1.59002312276, -0.00109667991982
1.55890544445, -1.41258862131, 1.7809924902, -1.91842514866, -1.59002307713, -0.00109445861631
1.55890769928, -1.41236364701, 1.78072628625, -1.91838388488, -1.59002303157, -0.00109224016338
1.55890995326, -1.4121386815, 1.7804600339, -1.91834255848, -1.59002298608, -0.0010900237837
1.55891220639, -1.41191372474, 1.78019373306, -1.91830116925, -1.59002294064, -0.00108780865731
1.55891445867, -1.4116887767, 1.7799273837, -1.91825971709, -1.59002289525, -0.0010855939392
1.5589167101, -1.41146383737, 1.77966098582, -1.91821820208, -1.59002284991, -0.00108337877784
1.55891896068, -1.41123890675, 1.7793945395, -1.91817662448, -1.59002280459, -0.00108116233419
1.5589212104, -1.41101398486, 1.77912804484, -1.91813498469, -1.59002275929, -0.00107894380081
1.55892345928, -1.41078907172, 1.77886150199, -1.91809328327, -1.590022714, -0.00107672242064
1.55892570729, -1.41056416737, 1.77859491114, -1.91805152093, -1.59002266871, -0.00107449750501
1.55892795445, -1.41033927187, 1.77832827255, -1.9180096985, -1.5900226234, -0.00107226845048
1.55893020075, -1.41011438528, 1.77806158649, -1.91796781695, -1.59002257807, -0.00107003475406
1.55893244619, -1.40988950767, 1.77779485325, -1.91792587732, -1.59002253271, -0.00106779602651
1.55893469077, -1.40966463911, 1.77752807316, -1.91788388075, -1.59002248731, -0.00106555200328
1.55893693449, -1.40943977969, 1.77726124657, -1.91784182843, -1.59002244186, -0.00106330255296
1.55893917736, -1.40921492948, 1.77699437383, -1.91779972155, -1.59002239635, -0.0010610476828
1.55894141935, -1.40899008858, 1.77672745529, -1.91775756133, -1.59002235078, -0.00105878754126
1.55894366049, -1.40876525706, 1.77646049128, -1.91771534896, -1.59002230516, -0.00105652241745
1.55894590077, -1.408540435, 1.77619348214, -1.91767308557, -1.59002225947, -0.00105425273734
1.55894814019, -1.40831562248, 1.77592642817, -1.9176307722, -1.59002221371, -0.00105197905693
1.55895037875, -1.40809081954, 1.77565932963, -1.91758840981, -1.5900221679, -0.00104970205218
1.55895261645, -1.40786602624, 1.77539218677, -1.91754599921, -1.59002212203, -0.00104742250621
1.55895485329, -1.40764124261, 1.77512499977, -1.91750354106, -1.5900220761, -0.00104514129378
1.55895708928, -1.40741646869, 1.77485776876, -1.91746103588, -1.59002203014, -0.00104285936336
1.55895932441, -1.40719170447, 1.77459049383, -1.91741848398, -1.59002198413, -0.00104057771725
1.55896155869, -1.40696694995, 1.77432317501, -1.9173758855, -1.59002193811, -0.00103829739005
1.55896379213, -1.40674220509, 1.77405581225, -1.91733324036, -1.59002189207, -0.00103601942605
1.55896602471, -1.40651746987, 1.77378840548, -1.91729054831, -1.59002184603, -0.00103374485586
1.55896825646, -1.40629274421, 1.77352095452, -1.91724780886, -1.5900218, -0.00103147467299
1.55897048736, -1.40606802804, 1.77325345918, -1.91720502137, -1.590021754, -0.00102920981072
1.55897271742, -1.40584332127, 1.77298591918, -1.91716218499, -1.59002170803, -0.00102695111992
1.55897494665, -1.4056186238, 1.77271833421, -1.91711929873, -1.59002166212, -0.0010246993483
1.55897717504, -1.40539393549, 1.77245070391, -1.91707636144, -1.59002161627, -0.00102245512152
1.5589794026, -1.40516925624, 1.77218302789, -1.91703337185, -1.5900215705, -0.0010202189267
1.55898162933, -1.40494458589, 1.77191530571, -1.9169903286, -1.59002152481, -0.00101799109875
1.55898385523, -1.4047199243, 1.77164753694, -1.91694723024, -1.59002147921, -0.00101577180983
1.55898608031, -1.40449527134, 1.77137972112, -1.91690407533, -1.59002143372, -0.00101356106229
1.55898830456, -1.40427062685, 1.7711118578, -1.91686086238, -1.59002138834, -0.00101135868521
1.55899052798, -1.4040459907, 1.77084394652, -1.91681758996, -1.59002134307, -0.0010091643349
1.55899275059, -1.40382136273, 1.77057598685, -1.91677425669, -1.59002129791, -0.00100697749919
1.55899497237, -1.40359674284, 1.77030797841, -1.9167308613, -1.59002125287, -0.00100479750564
1.55899719333, -1.40337213089, 1.77003992082, -1.91668740262, -1.59002120794, -0.00100262353355
1.55899941346, -1.40314752678, 1.76977181377, -1.91664387966, -1.59002116311, -0.00100045462943
1.55900163277, -1.40292293042, 1.769503657, -1.91660029161, -1.59002111838, -0.000998289725897
1.55900385126, -1.40269834174, 1.76923545031, -1.91655663784, -1.59002107374, -0.000996127663424
1.55900606892, -1.40247376069, 1.76896719358, -1.91651291796, -1.59002102918, -0.000993967214613
1.55900828576, -1.40224918723, 1.76869888673, -1.91646913182, -1.59002098469, -0.000991807110445
1.55901050176, -1.40202462135, 1.76843052977, -1.91642527949, -1.59002094025, -0.000989646068042
1.55901271694, -1.40180006305, 1.7681621228, -1.91638136131, -1.59002089584, -0.000987482819221
1.55901493128, -1.40157551238, 1.76789366598, -1.91633737785, -1.59002085146, -0.000985316139318
1.55901714479, -1.40135096937, 1.76762515952, -1.91629332991, -1.59002080709, -0.000983144875578
1.55901935746, -1.4011264341, 1.76735660373, -1.91624921854, -1.5900207627, -0.000980967974508
1.55902156929, -1.40090190665, 1.76708799897, -1.91620504495, -1.59002071829, -0.000978784507499
1.55902378028, -1.40067738713, 1.76681934564, -1.91616081058, -1.59002067383, -0.00097659369418
1.55902599043, -1.40045287564, 1.76655064421, -1.91611651697, -1.59002062932, -0.00097439492287
1.55902819974, -1.40022837231, 1.76628189516, -1.91607216582, -1.59002058474, -0.000972187767637
1.5590304082, -1.40000387727, 1.76601309903, -1.91602775889, -1.59002054009, -0.000969972001518
1.55903261581, -1.39977939066, 1.76574425634, -1.91598329801, -1.59002049534, -0.00096774760554
1.55903482258, -1.39955491261, 1.76547536762, -1.915938785, -1.59002045049, -0.000965514773194
1.5590370285, -1.39933044327, 1.76520643341, -1.91589422164, -1.59002040554, -0.000963273910265
1.55903923357, -1.39910598274, 1.7649374542, -1.91584960964, -1.59002036049, -0.000961025629852
1.5590414378, -1.39888153115, 1.76466843046, -1.91580495061, -1.59002031534, -0.000958770742639
1.55904364118, -1.39865708861, 1.76439936262, -1.915760246, -1.59002027008, -0.000956510242505
1.55904584371, -1.39843265519, 1.76413025103, -1.91571549705, -1.59002022474, -0.00095424528777
1.55904804541, -1.39820823097, 1.76386109601, -1.91567070482, -1.5900201793, -0.000951977178349
1.55905024626, -1.397983816, 1.76359189777, -1.91562587008, -1.59002013379, -0.000949707329262
1.55905244628, -1.3977594103, 1.76332265645, -1.91558099336, -1.59002008822, -0.000947437241055
1.55905464546, -1.39753501387, 1.76305337212, -1.9155360749, -1.5900200426, -0.000945168467715
1.55905684381, -1.39731062668, 1.76278404473, -1.91549111462, -1.59001999695, -0.000942902582725
1.55905904134, -1.39708624868, 1.76251467417, -1.91544611216, -1.59001995129, -0.000940641144043
1.55906123803, -1.39686187979, 1.76224526022, -1.91540106686, -1.59001990564, -0.000938385658741
1.55906343391, -1.39663751992, 1.76197580257, -1.91535597776, -1.59001986002, -0.000936137548076
1.55906562897, -1.39641316893, 1.76170630084, -1.91531084363, -1.59001981444, -0.000933898113813
1.55906782321, -1.39618882667, 1.76143675458, -1.91526566299, -1.59001976893, -0.000931668506596
1.55907001664, -1.39596449299, 1.76116716324, -1.91522043414, -1.5900197235, -0.000929449697061
1.55907220927, -1.3957401677, 1.76089752624, -1.91517515518, -1.59001967818, -0.000927242450457
1.55907440109, -1.3955158506, 1.76062784296, -1.91512982406, -1.59001963297, -0.0009250473054
1.5590765921, -1.39529154149, 1.76035811273, -1.91508443864, -1.5900195879, -0.000922864557273
1.55907878232, -1.39506724016, 1.76008833486, -1.9150389967, -1.59001954297, -0.000920694246801
1.55908097174, -1.3948429464, 1.75981850868, -1.91499349603, -1.5900194982, -0.000918536154123
1.55908316036, -1.39461866001, 1.75954863351, -1.91494793443, -1.59001945358, -0.000916389798612
1.55908534819, -1.39439438077, 1.75927870869, -1.91490230982, -1.59001940913, -0.000914254444561
1.55908753522, -1.39417010851, 1.75900873363, -1.91485662023, -1.59001936484, -0.000912129112709
1.55908972145, -1.39394584306, 1.75873870777, -1.91481086389, -1.59001932071, -0.000910012597488
1.55909190689, -1.39372158425, 1.75846863064, -1.91476503925, -1.59001927673, -0.000907903489697
1.55909409153, -1.39349733197, 1.75819850183, -1.91471914504, -1.59001923289, -0.000905800204183
1.55909627537, -1.39327308611, 1.75792832103, -1.91467318027, -1.59001918917, -0.000903701012062
1.55909845841, -1.39304884659, 1.75765808803, -1.9146271443, -1.59001914557, -0.000901604076773
1.55910064064, -1.39282461337, 1.75738780273, -1.91458103684, -1.59001910207, -0.000899507493283
1.55910282207, -1.39260038644, 1.75711746513, -1.91453485795, -1.59001905863, -0.000897409329575
1.5591050027, -1.39237616581, 1.75684707535, -1.91448860808, -1.59001901525, -0.00089530766961
1.5591071825, -1.39215195153, 1.75657663363, -1.91444228802, -1.59001897189, -0.000893200656727
1.5591093615, -1.39192774369, 1.75630614029, -1.91439589895, -1.59001892853, -0.000891086536559
1.55911153967, -1.39170354239, 1.75603559578, -1.91434944236, -1.59001888516, -0.000888963698523
1.55911371702, -1.39147934776, 1.75576500063, -1.91430292007, -1.59001884174, -0.000886830714868
1.55911589355, -1.39125515998, 1.75549435546, -1.91425633418, -1.59001879825, -0.000884686376368
1.55911806925, -1.39103097921, 1.75522366095, -1.914209687, -1.59001875467, -0.000882529723828
1.55912024411, -1.39080680566, 1.75495291786, -1.91416298105, -1.59001871098, -0.000880360074547
1.55912241815, -1.39058263952, 1.75468212696, -1.91411621899, -1.59001866716, -0.00087817704311
1.55912459135, -1.39035848102, 1.75441128907, -1.91406940353, -1.5900186232, -0.000875980555887
1.55912676371, -1.39013433037, 1.754140405, -1.91402253743, -1.59001857909, -0.000873770858793
1.55912893524, -1.38991018778, 1.75386947556, -1.91397562339, -1.59001853482, -0.00087154851803
1.55913110593, -1.38968605345, 1.75359850151, -1.913928664, -1.59001849038, -0.000869314413621
1.55913327578, -1.38946192758, 1.75332748358, -1.9138816617, -1.59001844578, -0.000867069725767
1.5591354448, -1.38923781032, 1.75305642242, -1.9138346187, -1.59001840102, -0.000864815914168
1.55913761299, -1.38901370183, 1.75278531861, -1.91378753695, -1.59001835612, -0.000862554690664
1.55913978035, -1.38878960223, 1.7525141726, -1.91374041804, -1.59001831107, -0.000860287985659
1.55914194688, -1.38856551159, 1.75224298478, -1.91369326322, -1.5900182659, -0.000858017908978
1.55914411258, -1.38834142997, 1.75197175537, -1.91364607333, -1.59001822063, -0.000855746705889
1.55914627746, -1.38811735739, 1.75170048448, -1.91359884879, -1.59001817527, -0.000853476709251
1.55914844153, -1.38789329382, 1.75142917209, -1.91355158954, -1.59001812986, -0.000851210288738
1.55915060478, -1.3876692392, 1.75115781803, -1.91350429512, -1.59001808442, -0.000848949798223
1.55915276723, -1.38744519342, 1.75088642201, -1.91345696456, -1.59001803899, -0.000846697522489
1.55915492888, -1.38722115635, 1.75061498359, -1.91340959648, -1.59001799358, -0.000844455624486
1.55915708973, -1.38699712781, 1.75034350222, -1.91336218909, -1.59001794823, -0.000842226094221
1.55915924978, -1.3867731076, 1.75007197721, -1.91331474019, -1.59001790297, -0.000840010700613
1.55916140905, -1.38654909547, 1.74980040778, -1.91326724727, -1.59001785782, -0.000837810947319
1.55916356754, -1.38632509116, 1.74952879307, -1.91321970748, -1.59001781283, -0.000835628033694
1.55916572525, -1.3861010944, 1.74925713213, -1.91317211779, -1.59001776799, -0.000833462821814
1.55916788218, -1.38587710488, 1.74898542398, -1.91312447495, -1.59001772335, -0.000831315810446
1.55917003835, -1.38565312229, 1.74871366758, -1.91307677564, -1.59001767892, -0.000829187116683
1.55917219374, -1.38542914634, 1.74844186192, -1.91302901651, -1.5900176347, -0.00082707646581
1.55917434837, -1.38520517671, 1.74817000597, -1.91298119424, -1.59001759072, -0.000824983189779
1.55917650223, -1.38498121311, 1.74789809875, -1.91293330564, -1.59001754697, -0.000822906234492
1.55917865532, -1.38475725526, 1.74762613934, -1.91288534772, -1.59001750345, -0.000820844175936
1.55918080765, -1.38453330292, 1.7473541269, -1.91283731777, -1.59001746017, -0.000818795244967
1.55918295921, -1.38430935585, 1.7470820607, -1.91278921338, -1.5900174171, -0.000816757360303
1.55918511, -1.38408541387, 1.74680994011, -1.91274103258, -1.59001737424, -0.000814728169217
1.55918726002, -1.38386147683, 1.74653776465, -1.9126927738, -1.59001733157, -0.000812705095142
1.55918940927, -1.38363754461, 1.74626553398, -1.91264443601, -1.59001728906, -0.000810685391237
1.55919155774, -1.38341361715, 1.74599324794, -1.91259601867, -1.59001724668, -0.000808666198828
1.55919370543, -1.38318969443, 1.74572090651, -1.91254752181, -1.5900172044, -0.000806644609529
1.55919585232, -1.38296577648, 1.74544850985, -1.91249894599, -1.5900171622, -0.000804617729694
1.55919799843, -1.38274186338, 1.74517605829, -1.91245029237, -1.59001712003, -0.000802582745798
1.55920014374, -1.38251795526, 1.74490355232, -1.9124015626, -1.59001707787, -0.000800536989312
1.55920228825, -1.38229405229, 1.74463099259, -1.91235275889, -1.59001703566, -0.000798477999568
1.55920443194, -1.38207015466, 1.7443583799, -1.9123038839, -1.59001699339, -0.000796403583217
1.55920657483, -1.38184626264, 1.74408571516, -1.91225494072, -1.590016951, -0.000794311868799
1.5592087169, -1.38162237649, 1.74381299941, -1.91220593281, -1.59001690848, -0.000792201355174
1.55921085815, -1.38139849652, 1.74354023376, -1.91215686391, -1.59001686578, -0.000790070952548
1.55921299858, -1.38117462305, 1.74326741942, -1.91210773801, -1.59001682289, -0.000787920015072
1.55921513817, -1.38095075642, 1.74299455759, -1.91205855918, -1.59001677978, -0.000785748364075
1.55921727694, -1.38072689695, 1.74272164952, -1.91200933158, -1.59001673644, -0.000783556301245
1.55921941488, -1.38050304497, 1.74244869644, -1.91196005928, -1.59001669284, -0.00078134461128
1.55922155198, -1.38027920081, 1.74217569952, -1.91191074622, -1.590016649, -0.000779114553683
1.55922368826, -1.38005536477, 1.74190265987, -1.91186139612, -1.5900166049, -0.000776867843761
1.5592258237, -1.37983153711, 1.74162957851, -1.91181201236, -1.59001656055, -0.000774606622951
1.55922795832, -1.37960771807, 1.74135645631, -1.91176259792, -1.59001651597, -0.000772333419012
1.55923009212, -1.37938390784, 1.74108329403, -1.91171315529, -1.59001647117, -0.000770051096723
1.55923222509, -1.37916010657, 1.74081009224, -1.91166368642, -1.59001642617, -0.000767762800028
1.55923435725, -1.37893631436, 1.74053685134, -1.91161419268, -1.59001638101, -0.000765471886774
1.5592364886, -1.37871253124, 1.74026357152, -1.91156467476, -1.59001633571, -0.000763181857347
1.55923861915, -1.3784887572, 1.73999025278, -1.9115151327, -1.59001629032, -0.000760896278715
1.55924074889, -1.37826499216, 1.73971689491, -1.91146556586, -1.59001624488, -0.000758618705458
1.55924287785, -1.37804123598, 1.7394434975, -1.9114159729, -1.59001619942, -0.000756352599536
1.55924500603, -1.37781748848, 1.73917005991, -1.91136635184, -1.59001615399, -0.000754101250574
1.55924713343, -1.3775937494, 1.73889658134, -1.91131670002, -1.59001610864, -0.000751867698456
1.55924926006, -1.37737001844, 1.73862306079, -1.91126701424, -1.59001606342, -0.00074965466
1.55925138593, -1.37714629527, 1.73834949711, -1.91121729075, -1.59001601835, -0.000747464461491
1.55925351105, -1.3769225795, 1.73807588901, -1.91116752534, -1.59001597349, -0.000745298978643
1.55925563541, -1.37669887072, 1.73780223508, -1.91111771344, -1.59001592887, -0.000743159585557
1.55925775903, -1.37647516849, 1.73752853385, -1.91106785022, -1.59001588452, -0.000741047113935
1.55925988192, -1.37625147236, 1.73725478378, -1.91101793066, -1.59001584047, -0.000738961823705
1.55926200406, -1.37602778187, 1.73698098331, -1.91096794971, -1.59001579675, -0.000736903385941
1.55926412548, -1.37580409657, 1.73670713091, -1.91091790233, -1.59001575336, -0.000734870878681
1.55926624616, -1.37558041604, 1.73643322509, -1.9108677837, -1.59001571031, -0.000732862796026
1.55926836612, -1.37535673984, 1.73615926444, -1.91081758925, -1.59001566761, -0.000730877070535
1.55927048534, -1.37513306761, 1.7358852477, -1.91076731481, -1.59001562525, -0.000728911108715
1.55927260382, -1.37490939901, 1.73561117371, -1.91071695669, -1.59001558321, -0.000726961839033
1.55927472158, -1.37468573375, 1.73533704153, -1.9106665118, -1.59001554147, -0.000725025771619
1.55927683859, -1.37446207161, 1.73506285039, -1.9106159777, -1.5900155, -0.000723099068572
1.55927895486, -1.37423841242, 1.73478859978, -1.91056535269, -1.59001545878, -0.000721177623468
1.55928107037, -1.37401475607, 1.73451428938, -1.91051463586, -1.59001541775, -0.000719257148468
1.55928318513, -1.37379110255, 1.73423991917, -1.91046382712, -1.59001537688, -0.000717333267224
1.55928529913, -1.3735674519, 1.73396548934, -1.9104129272, -1.5900153361, -0.000715401611598
1.55928741235, -1.37334380424, 1.73369100037, -1.91036193771, -1.59001529539, -0.000713457920087
1.5592895248, -1.37312015975, 1.73341645297, -1.91031086104, -1.59001525466, -0.000711498135811
1.55929163646, -1.37289651869, 1.7331418481, -1.91025970039, -1.59001521388, -0.00070951850178
1.55929374732, -1.37267288138, 1.73286718692, -1.91020845968, -1.59001517299, -0.000707515651323
1.55929585738, -1.37244924819, 1.73259247082, -1.91015714349, -1.59001513194, -0.000705486691477
1.55929796663, -1.37222561955, 1.73231770133, -1.91010575694, -1.59001509067, -0.000703429277381
1.55930007507, -1.37200199592, 1.73204288015, -1.91005430563, -1.59001504914, -0.00070134167578
1.55930218268, -1.37177837778, 1.73176800905, -1.9100027955, -1.59001500731, -0.000699222816033
1.55930428947, -1.37155476565, 1.7314930899, -1.9099512327, -1.59001496515, -0.000697072327199
1.55930639542, -1.37133116005, 1.73121812457, -1.90989962347, -1.59001492263, -0.000694890560109
1.55930850055, -1.37110756149, 1.73094311492, -1.90984797397, -1.59001487973, -0.000692678593649
1.55931060484, -1.37088397046, 1.73066806277, -1.9097962902, -1.59001483645, -0.000690438224767
1.5593127083, -1.37066038742, 1.7303929698, -1.90974457779, -1.59001479277, -0.000688171942115
1.55931481093, -1.37043681281, 1.73011783757, -1.90969284192, -1.59001474872, -0.000685882883661
1.55931691273, -1.37021324699, 1.72984266746, -1.90964108716, -1.5900147043, -0.000683574778794
1.55931901371, -1.36998969028, 1.72956746065, -1.9095893174, -1.59001465954, -0.000681251876045
1.55932111387, -1.36976614292, 1.72929221803, -1.90953753569, -1.59001461448, -0.000678918857654
1.55932321322, -1.36954260508, 1.72901694025, -1.9094857442, -1.59001456916, -0.000676580742752
1.55932531176, -1.36931907683, 1.72874162767, -1.90943394414, -1.59001452363, -0.000674242781022
1.55932740951, -1.36909555818, 1.72846628033, -1.9093821357, -1.59001447793, -0.000671910339106
1.55932950647, -1.36887204903, 1.72819089796, -1.90933031806, -1.59001443214, -0.000669588782145
1.55933160266, -1.3686485492, 1.72791547998, -1.90927848934, -1.59001438632, -0.000667283353019
1.55933369809, -1.36842505842, 1.7276400255, -1.90922664668, -1.59001434054, -0.000664999051974
1.55933579276, -1.36820157633, 1.72736453333, -1.90917478623, -1.59001429485, -0.000662740519351
1.55933788669, -1.36797810251, 1.72708900202, -1.90912290326, -1.59001424933, -0.000660511924098
1.55933997988, -1.36775463646, 1.72681342986, -1.90907099221, -1.59001420404, -0.000658316860695
1.55934207235, -1.36753117762, 1.72653781494, -1.90901904684, -1.59001415904, -0.000656158256997
1.55934416411, -1.36730772538, 1.72626215517, -1.90896706032, -1.59001411439, -0.000654038295257
1.55934625515, -1.36708427908, 1.72598644831, -1.90891502541, -1.59001407014, -0.000651958348374
1.5593483455, -1.36686083808, 1.72571069206, -1.90886293457, -1.59001402633, -0.000649918933101
1.55935043515, -1.36663740167, 1.72543488408, -1.90881078016, -1.59001398298, -0.000647919681591
1.55935252411, -1.36641396919, 1.72515902205, -1.90875855461, -1.59001394014, -0.000645959332298
1.55935461238, -1.36619053999, 1.72488310371, -1.90870625055, -1.5900138978, -0.000644035740798
1.55935669997, -1.36596711345, 1.72460712692, -1.90865386104, -1.59001385597, -0.0006421459107
1.55935878686, -1.36574368899, 1.72433108973, -1.90860137969, -1.59001381464, -0.000640286044314
1.55936087306, -1.3655202661, 1.72405499039, -1.90854880082, -1.59001377378, -0.00063845161236
1.55936295856, -1.36529684436, 1.72377882742, -1.90849611963, -1.59001373338, -0.000636637441502
1.55936504337, -1.36507342341, 1.72350259963, -1.90844333229, -1.59001369339, -0.000634837818086
1.55936712746, -1.364850003, 1.72322630618, -1.90839043608, -1.59001365375, -0.000633046606079
1.55936921083, -1.36462658298, 1.72294994658, -1.90833742944, -1.59001361441, -0.000631257376824
1.55937129348, -1.3644031633, 1.72267352072, -1.90828431204, -1.5900135753, -0.000629463547933
1.55937337539, -1.36417974401, 1.72239702885, -1.90823108484, -1.59001353634, -0.000627658528357
1.55937545655, -1.36395632531, 1.72212047165, -1.90817775003, -1.59001349746, -0.000625835866503
1.55937753694, -1.36373290745, 1.72184385014, -1.90812431108, -1.59001345858, -0.000623989398129
1.55937961657, -1.36350949083, 1.72156716572, -1.90807077263, -1.59001341961, -0.00062211339067
1.5593816954, -1.36328607593, 1.72129042013, -1.90801714043, -1.59001338047, -0.000620202680687
1.55938377344, -1.3630626633, 1.72101361541, -1.90796342125, -1.59001334108, -0.000618252801211
1.55938585068, -1.36283925359, 1.72073675387, -1.9079096227, -1.59001330138, -0.000616260095915
1.55938792709, -1.3626158475, 1.72045983804, -1.90785575314, -1.59001326128, -0.000614221817287
1.55939000268, -1.36239244577, 1.7201828706, -1.90780182144, -1.59001322074, -0.000612136206289
1.55939207744, -1.36216904919, 1.71990585436, -1.90774783685, -1.59001317969, -0.000610002551345
1.55939415135, -1.36194565854, 1.71962879216, -1.90769380875, -1.5900131381, -0.000607821224894
1.55939622443, -1.36172227461, 1.71935168683, -1.90763974649, -1.59001309593, -0.000605593696295
1.55939829665, -1.36149889817, 1.71907454113, -1.90758565911, -1.59001305318, -0.000603322520302
1.55940036804, -1.36127552992, 1.71879735764, -1.90753155523, -1.59001300984, -0.00060101130088
1.55940243858, -1.36105217055, 1.71852013878, -1.90747744274, -1.59001296591, -0.000598664630714
1.55940450828, -1.36082882063, 1.71824288667, -1.90742332868, -1.59001292143, -0.000596288007276
1.55940657714, -1.36060548066, 1.71796560312, -1.90736921907, -1.59001287643, -0.000593887726896
1.55940864519, -1.36038215103, 1.71768828959, -1.90731511868, -1.59001283096, -0.000591470758769
1.55941071241, -1.36015883202, 1.7174109471, -1.90726103099, -1.59001278508, -0.000589044601352
1.55941277884, -1.35993552378, 1.71713357628, -1.90720695801, -1.59001273887, -0.000586617124052
1.55941484447, -1.35971222634, 1.71685617724, -1.90715290027, -1.5900126924, -0.000584196397413
1.55941690933, -1.35948893959, 1.71657874968, -1.90709885673, -1.59001264578, -0.000581790515488
1.55941897342, -1.35926566327, 1.71630129277, -1.9070448248, -1.59001259908, -0.000579407414168
1.55942103677, -1.35904239701, 1.71602380525, -1.90699080035, -1.59001255242, -0.000577054689525
1.55942309938, -1.35881914031, 1.71574628539, -1.90693677779, -1.59001250589, -0.000574739420198
1.55942516128, -1.35859589254, 1.71546873105, -1.90688275016, -1.5900124596, -0.000572467997983
1.55942722248, -1.35837265296, 1.71519113972, -1.90682870925, -1.59001241363, -0.000570245970491
1.55942928298, -1.35814942076, 1.71491350853, -1.90677464578, -1.59001236809, -0.000568077899767
1.55943134282, -1.35792619504, 1.71463583438, -1.90672054958, -1.59001232305, -0.000565967240265
1.55943340199, -1.35770297482, 1.71435811392, -1.90666640977, -1.5900122786, -0.000563916239366
1.55943546051, -1.35747975913, 1.71408034368, -1.90661221506, -1.59001223478, -0.00056192586311
1.55943751839, -1.35725654692, 1.71380252015, -1.90655795393, -1.59001219167, -0.000559995749275
1.55943957562, -1.35703333721, 1.71352463979, -1.90650361492, -1.59001214928, -0.000558124189445
1.55944163222, -1.35681012899, 1.71324669918, -1.90644918686, -1.59001210765, -0.000556308140998
1.55944368819, -1.35658692134, 1.71296869508, -1.90639465918, -1.59001206678, -0.000554543269362
1.55944574352, -1.35636371338, 1.71269062448, -1.90634002209, -1.59001202665, -0.000552824020154
1.55944779821, -1.35614050436, 1.7124124847, -1.90628526689, -1.59001198723, -0.000551143720191
1.55944985225, -1.35591729359, 1.71213427344, -1.90623038612, -1.59001194849, -0.000549494705667
1.55945190564, -1.35569408055, 1.71185598887, -1.9061753738, -1.59001191036, -0.000547868475112
1.55945395836, -1.35547086484, 1.71157762962, -1.90612022555, -1.59001187276, -0.000546255864222
1.5594560104, -1.35524764621, 1.71129919488, -1.90606493877, -1.59001183561, -0.000544647239037
1.55945806175, -1.35502442459, 1.71102068441, -1.90600951271, -1.59001179881, -0.00054303270346
1.55946011239, -1.35480120004, 1.71074209853, -1.90595394851, -1.59001176224, -0.00054140231677
1.5594621623, -1.35457797283, 1.71046343816, -1.90589824922, -1.59001172579, -0.000539746316394
1.55946421147, -1.35435474335, 1.7101847048, -1.90584241979, -1.59001168935, -0.000538055341062
1.55946625988, -1.35413151217, 1.70990590047, -1.90578646697, -1.59001165278, -0.00053632064931
1.55946830751, -1.35390828002, 1.70962702776, -1.90573039921, -1.59001161596, -0.000534534328306
1.55947035434, -1.35368504772, 1.70934808969, -1.90567422648, -1.59001157877, -0.000532689488164
1.55947240035, -1.35346181625, 1.70906908971, -1.90561796011, -1.59001154111, -0.000530780437049
1.55947444554, -1.35323858666, 1.70879003159, -1.90556161253, -1.59001150286, -0.000528802832734
1.55947648988, -1.35301536008, 1.70851091939, -1.90550519703, -1.59001146394, -0.000526753806827
1.55947853338, -1.35279213771, 1.70823175733, -1.90544872749, -1.59001142427, -0.000524632058223
1.55948057601, -1.35256892073, 1.70795254972, -1.90539221805, -1.59001138377, -0.000522437913135
1.55948261777, -1.35234571035, 1.70767330084, -1.9053356828, -1.59001134242, -0.000520173349723
1.55948465866, -1.35212250775, 1.70739401489, -1.90527913548, -1.59001130017, -0.000517841985995
1.55948669867, -1.35189931403, 1.70711469585, -1.90522258918, -1.59001125703, -0.000515449030613
1.55948873782, -1.35167613023, 1.7068353474, -1.90516605597, -1.59001121301, -0.000513001196913
1.5594907761, -1.35145295725, 1.70655597283, -1.90510954667, -1.59001116814, -0.00051050658139
1.55949281352, -1.35122979587, 1.70627657496, -1.90505307057, -1.59001112247, -0.000507974508697
1.55949485011, -1.35100664674, 1.70599715608, -1.90499663515, -1.59001107608, -0.000505415345934
1.55949688586, -1.3507835103, 1.70571771785, -1.90494024593, -1.59001102907, -0.00050284028986
1.55949892079, -1.35056038682, 1.70543826129, -1.90488390629, -1.59001098154, -0.000500261131242
1.55950095493, -1.35033727638, 1.70515878672, -1.90482761732, -1.5900109336, -0.000497690001239
1.5595029883, -1.35011417884, 1.70487929375, -1.9047713778, -1.5900108854, -0.00049513910511
1.55950502091, -1.34989109387, 1.70459978127, -1.90471518415, -1.59001083708, -0.000492620449053
1.55950705279, -1.34966802094, 1.70432024747, -1.90465903047, -1.59001078878, -0.000490145566151
1.55950908397, -1.34944495933, 1.70404068982, -1.90460290864, -1.59001074067, -0.000487725247577
1.55951111445, -1.34922190811, 1.70376110521, -1.90454680843, -1.59001069287, -0.000485369285217
1.55951314428, -1.34899886622, 1.70348148988, -1.90449071774, -1.59001064556, -0.000483086231726
1.55951517346, -1.34877583245, 1.70320183962, -1.90443462277, -1.59001059885, -0.000480883183741
1.55951720202, -1.34855280544, 1.70292214976, -1.90437850835, -1.59001055288, -0.000478765593629
1.55951922997, -1.34832978377, 1.7026424153, -1.90432235822, -1.59001050777, -0.000476737114482
1.55952125733, -1.34810676595, 1.70236263103, -1.90426615543, -1.59001046361, -0.000474799482604
1.55952328412, -1.34788375044, 1.70208279162, -1.90420988261, -1.59001042048, -0.000472952440776
1.55952531033, -1.34766073573, 1.70180289175, -1.90415352244, -1.59001037843, -0.000471193704902
1.55952733597, -1.34743772033, 1.70152292621, -1.90409705803, -1.59001033751, -0.000469518975582
1.55952936106, -1.34721470281, 1.70124289006, -1.90404047324, -1.59001029771, -0.00046792199526
1.55953138558, -1.34699168187, 1.7009627787, -1.90398375316, -1.59001025902, -0.000466394650566
1.55953340952, -1.34676865632, 1.70068258801, -1.90392688439, -1.59001022141, -0.000464927118402
1.55953543289, -1.34654562514, 1.70040231444, -1.9038698554, -1.59001018481, -0.000463508053392
1.55953745566, -1.34632258749, 1.7001219551, -1.90381265682, -1.59001014912, -0.000462124813232
1.55953947782, -1.34609954277, 1.69984150784, -1.90375528172, -1.59001011425, -0.000460763717685
1.55954149936, -1.34587649057, 1.69956097131, -1.90369772576, -1.59001008004, -0.000459410335968
1.55954352024, -1.34565343074, 1.69928034503, -1.90363998741, -1.59001004637, -0.000458049796731
1.55954554045, -1.34543036338, 1.69899962937, -1.90358206798, -1.59001001306, -0.000456667113975
1.55954755996, -1.34520728884, 1.6987188256, -1.90352397165, -1.59000997995, -0.000455247521971
1.55954957875, -1.3449842077, 1.69843793586, -1.90346570548, -1.59000994684, -0.00045377681183
1.55955159678, -1.34476112081, 1.69815696313, -1.90340727927, -1.59000991356, -0.000452241662111
1.55955361403, -1.34453802922, 1.69787591119, -1.90334870539, -1.59000987992, -0.000450629955982
1.55955563048, -1.3443149342, 1.69759478454, -1.90328999858, -1.59000984574, -0.000448931077481
1.55955764609, -1.34409183718, 1.6973135883, -1.90323117563, -1.59000981085, -0.000447136179835
1.55955966085, -1.34386873976, 1.69703232815, -1.90317225508, -1.59000977509, -0.000445238419266
1.55956167474, -1.34364564364, 1.69675101016, -1.9031132568, -1.59000973833, -0.00044323314827
1.55956368774, -1.34342255063, 1.69646964069, -1.9030542016, -1.59000970043, -0.000441118063323
1.55956569983, -1.34319946253, 1.69618822625, -1.90299511078, -1.59000966131, -0.000438893302723
1.559567711, -1.3429763812, 1.69590677336, -1.90293600561, -1.5900096209, -0.00043656149141
1.55956972126, -1.34275330842, 1.69562528839, -1.90287690694, -1.59000957915, -0.000434127730741
1.55957173059, -1.34253024589, 1.69534377743, -1.90281783463, -1.59000953604, -0.00043159953231
1.55957373901, -1.3423071952, 1.69506224611, -1.90275880714, -1.5900094916, -0.000428986696274
1.55957574651, -1.34208415778, 1.69478069952, -1.90269984108, -1.59000944587, -0.000426301135771
1.55957775311, -1.34186113484, 1.69449914205, -1.90264095079, -1.59000939893, -0.000423556650372
1.55957975883, -1.34163812739, 1.69421757727, -1.90258214798, -1.59000935089, -0.000420768652614
1.55958176368, -1.34141513615, 1.69393600784, -1.90252344139, -1.59000930189, -0.000417953852895
1.5595837677, -1.3411921616, 1.69365443547, -1.90246483657, -1.59000925208, -0.000415129908966
1.5595857709, -1.3409692039, 1.6933728608, -1.90240633569, -1.59000920164, -0.00041231504724
1.55958777333, -1.34074626289, 1.6930912834, -1.9023479374, -1.59000915078, -0.000409527663852
1.559589775, -1.34052333815, 1.69280970175, -1.90228963679, -1.5900090997, -0.000406785914072
1.55959177596, -1.3403004289, 1.69252811325, -1.90223142547, -1.59000904863, -0.000404107299091
1.55959377623, -1.3400775341, 1.69224651428, -1.90217329166, -1.5900089978, -0.00040150825937
1.55959577585, -1.33985465242, 1.69196490022, -1.90211522037, -1.59000894743, -0.000399003783919
1.55959777486, -1.33963178228, 1.69168326556, -1.90205719372, -1.59000889775, -0.000396607044537
1.55959977328, -1.33940892189, 1.69140160401, -1.90199919127, -1.59000884895, -0.000394329063733
1.55960177115, -1.33918606923, 1.6911199086, -1.9019411904, -1.59000880124, -0.000392178424526
1.55960376848, -1.33896322218, 1.69083817185, -1.9018831668, -1.59000875478, -0.000390161029397
1.5596057653, -1.3387403785, 1.69055638592, -1.90182509501, -1.59000870973, -0.000388279914866
1.55960776164, -1.33851753589, 1.69027454276, -1.90176694891, -1.59000866621, -0.000386535126839
1.5596097575, -1.33829469205, 1.68999263433, -1.90170870234, -1.59000862431, -0.000384923660867
1.55961175289, -1.33807184472, 1.68971065273, -1.90165032969, -1.59000858407, -0.000383439469826
1.55961374781, -1.33784899176, 1.68942859042, -1.90159180644, -1.59000854552, -0.000382073540216
1.55961574226, -1.33762613116, 1.68914644036, -1.90153310981, -1.59000850864, -0.000380814036705
1.55961773624, -1.3374032611, 1.68886419621, -1.90147421922, -1.59000847336, -0.000379646512999
1.55961972972, -1.33718038001, 1.68858185248, -1.90141511686, -1.5900084396, -0.000378554185592
1.5596217227, -1.33695748661, 1.68829940466, -1.90135578813, -1.59000840723, -0.000377518265509
1.55962371514, -1.33673457992, 1.68801684934, -1.90129622202, -1.59000837608, -0.000376518341651
1.55962570702, -1.33651165929, 1.68773418431, -1.90123641141, -1.59000834596, -0.000375532808186
1.55962769831, -1.33628872447, 1.68745140865, -1.90117635338, -1.59000831665, -0.00037453932721
1.55962968897, -1.33606577554, 1.68716852275, -1.90111604928, -1.59000828791, -0.000373515316971
1.55963167896, -1.33584281298, 1.68688552834, -1.9010555048, -1.59000825947, -0.000372438455158
1.55963366824, -1.33561983767, 1.68660242849, -1.90099472998, -1.59000823107, -0.000371287186223
1.55963565678, -1.33539685081, 1.68631922752, -1.900933739, -1.59000820242, -0.000370041221468
1.55963764454, -1.33517385397, 1.68603593101, -1.90087254999, -1.59000817326, -0.000368682020367
1.55963963146, -1.33495084902, 1.68575254559, -1.90081118466, -1.59000814331, -0.000367193242068
1.55964161752, -1.33472783813, 1.68546907893, -1.90074966794, -1.59000811231, -0.000365561156245
1.55964360269, -1.33450482369, 1.68518553948, -1.90068802742, -1.59000808003, -0.000363775003282
1.55964558693, -1.33428180826, 1.68490193637, -1.90062629281, -1.59000804625, -0.000361827294677
1.55964757021, -1.33405879456, 1.68461827918, -1.90056449534, -1.59000801078, -0.000359714045772
1.55964955251, -1.33383578535, 1.68433457776, -1.90050266703, -1.59000797348, -0.00035743493418
1.55965153382, -1.33361278343, 1.68405084197, -1.90044084002, -1.59000793423, -0.000354993378969
1.55965351413, -1.33338979153, 1.6837670815, -1.90037904585, -1.59000789297, -0.000352396537165
1.55965549343, -1.33316681226, 1.68348330564, -1.90031731474, -1.59000784968, -0.000349655216126
1.55965747173, -1.33294384807, 1.68319952305, -1.90025567486, -1.59000780437, -0.000346783702044
1.55965944904, -1.33272090115, 1.68291574154, -1.90019415168, -1.59000775711, -0.000343799506818
1.55966142538, -1.33249797341, 1.68263196792, -1.90013276735, -1.59000770801, -0.000340723037357
1.55966340077, -1.33227506644, 1.6823482078, -1.9000715401, -1.59000765723, -0.000337577193285
1.55966537523, -1.3320521814, 1.68206446542, -1.90001048379, -1.59000760498, -0.000334386900636
1.55966734881, -1.33182931907, 1.68178074356, -1.8999496075, -1.59000755148, -0.000331178590815
1.55966932154, -1.33160647977, 1.68149704345, -1.8998889152, -1.59000749701, -0.000327979635438
1.55967129347, -1.33138366337, 1.68121336467, -1.89982840564, -1.59000744186, -0.000324817748955
1.55967326465, -1.33116086927, 1.68092970517, -1.89976807219, -1.59000738635, -0.000321720371795
1.55967523512, -1.33093809639, 1.68064606127, -1.89970790291, -1.59000733081, -0.000318714047563
1.55967720494, -1.33071534322, 1.68036242769, -1.89964788076, -1.59000727558, -0.000315823808231
1.55967917414, -1.33049260783, 1.68007879768, -1.89958798382, -1.59000722101, -0.000313072581188
1.5596811428, -1.33026988787, 1.67979516309, -1.89952818572, -1.59000716742, -0.000310480632082
1.55968311094, -1.33004718067, 1.67951151457, -1.89946845613, -1.59000711513, -0.000308065056544
1.55968507861, -1.32982448327, 1.67922784171, -1.89940876139, -1.59000706443, -0.000305839333292
1.55968704586, -1.32960179247, 1.67894413332, -1.89934906516, -1.59000701559, -0.000303812949808
1.5596890127, -1.3293791049, 1.6786603776, -1.89928932925, -1.59000696883, -0.000301991110505
1.55969097919, -1.32915641711, 1.67837656243, -1.89922951436, -1.59000692434, -0.000300374535499
1.55969294532, -1.32893372561, 1.6780926756, -1.89916958101, -1.59000688225, -0.000298959356317
1.55969491112, -1.32871102701, 1.67780870515, -1.89910949041, -1.59000684266, -0.000297737112847
1.55969687659, -1.328488318, 1.67752463957, -1.89904920531, -1.59000680559, -0.000296694853489
1.55969884173, -1.32826559555, 1.67724046811, -1.89898869091, -1.59000677101, -0.000295815338359
1.55970080652, -1.32804285686, 1.67695618103, -1.89892791568, -1.59000673886, -0.00029507734297
1.55970277094, -1.32782009951, 1.67667176981, -1.89886685212, -1.59000670899, -0.000294456057506
1.55970473498, -1.32759732149, 1.67638722743, -1.89880547749, -1.59000668122, -0.000293923574646
1.55970669858, -1.32737452127, 1.67610254848, -1.89874377438, -1.5900066553, -0.000293449456644
1.55970866172, -1.32715169781, 1.67581772938, -1.8986817312, -1.59000663095, -0.000293001370473
1.55971062435, -1.32692885063, 1.67553276843, -1.89861934262, -1.59000660784, -0.000292545778094
1.5597125864, -1.3267059798, 1.67524766597, -1.89855660974, -1.59000658561, -0.000292048667388
1.55971454783, -1.326483086, 1.67496242433, -1.89849354022, -1.59000656388, -0.000291476308128
1.55971650858, -1.32626017043, 1.67467704786, -1.89843014826, -1.59000654224, -0.000290796016439
1.55971846859, -1.32603723489, 1.67439154286, -1.89836645436, -1.59000652027, -0.000289976910703
1.55972042779, -1.32581428168, 1.67410591749, -1.89830248504, -1.59000649755, -0.000288990641804
1.55972238613, -1.32559131358, 1.67382018159, -1.8982382723, -1.59000647369, -0.00028781208069
1.55972434355, -1.32536833382, 1.67353434655, -1.89817385306, -1.59000644828, -0.000286419947002
1.5597263, -1.32514534596, 1.67324842501, -1.89810926841, -1.59000642098, -0.000284797363443
1.55972825543, -1.3249223539, 1.67296243067, -1.89804456275, -1.59000639145, -0.00028293232197
1.5597302098, -1.32469936171, 1.67267637794, -1.89797978286, -1.59000635941, -0.000280818049563
1.55973216309, -1.3244763736, 1.67239028167, -1.89791497694, -1.59000632463, -0.000278453263426
1.55973411525, -1.32425339379, 1.67210415683, -1.89785019348, -1.59000628694, -0.000275842307614
1.55973606629, -1.32403042645, 1.67181801815, -1.89778548023, -1.59000624622, -0.000272995165788
1.55973801619, -1.32380747558, 1.67153187977, -1.89772088309, -1.59000620245, -0.000269927347314
1.55973996495, -1.32358454494, 1.67124575496, -1.89765644504, -1.59000615562, -0.000266659646788
1.5597419126, -1.32336163792, 1.67095965576, -1.89759220512, -1.59000610586, -0.000263217779944
1.55974385915, -1.3231387575, 1.6706735927, -1.89752819749, -1.59000605331, -0.000259631901665
1.55974580464, -1.32291590613, 1.67038757455, -1.89746445052, -1.5900059982, -0.000255936014685
1.55974774912, -1.32269308572, 1.67010160805, -1.89740098609, -1.59000594084, -0.000252167280077
1.55974969263, -1.32247029753, 1.66981569773, -1.89733781893, -1.59000588156, -0.000248365243145
1.55975163523, -1.32224754216, 1.6695298458, -1.89727495618, -1.59000582077, -0.000244570990509
1.55975357699, -1.32202481951, 1.669244052, -1.89721239705, -1.59000575891, -0.000240826255888
1.55975551797, -1.32180212879, 1.66895831359, -1.89715013271, -1.59000569645, -0.000237172493845
1.55975745826, -1.32157946848, 1.66867262535, -1.89708814631, -1.59000563389, -0.000233649941559
1.55975939792, -1.32135683641, 1.66838697966, -1.89702641319, -1.59000557175, -0.000230296689602
1.55976133703, -1.32113422972, 1.6681013666, -1.89696490134, -1.59000551052, -0.000227147782749
1.55976327566, -1.32091164498, 1.66781577415, -1.89690357191, -1.59000545072, -0.000224234371659
1.55976521388, -1.32068907823, 1.66753018842, -1.89684237996, -1.59000539281, -0.00022158293551
1.55976715176, -1.32046652503, 1.66724459388, -1.8967812754, -1.59000533725, -0.000219214594484
1.55976908935, -1.3202439806, 1.66695897376, -1.89672020396, -1.59000528442, -0.000217144529308
1.5597710267, -1.32002143988, 1.66667331032, -1.89665910835, -1.59000523469, -0.000215381523041
1.55977296386, -1.31979889766, 1.66638758527, -1.8965979295, -1.59000518832, -0.000213927637814
1.55977490085, -1.31957634868, 1.66610178017, -1.89653660784, -1.59000514554, -0.000212778036415
1.5597768377, -1.31935378777, 1.66581587684, -1.89647508464, -1.59000510648, -0.000211920955637
1.55977877442, -1.31913120993, 1.66552985774, -1.89641330333, -1.5900050712, -0.000211337834925
1.559780711, -1.31890861048, 1.66524370645, -1.89635121085, -1.59000503967, -0.000211003600474
1.55978264742, -1.31868598515, 1.66495740798, -1.89628875886, -1.59000501178, -0.000210887101487
1.55978458365, -1.31846333021, 1.6646709492, -1.89622590499, -1.59000498733, -0.000210951691702
1.55978651967, -1.31824064252, 1.66438431912, -1.89616261384, -1.59000496605, -0.00021115594603
1.55978845541, -1.31801791966, 1.66409750923, -1.89609885797, -1.59000494759, -0.000211454498754
1.55979039081, -1.31779515996, 1.66381051368, -1.89603461863, -1.59000493152, -0.000211798986865
1.55979232581, -1.31757236258, 1.66352332953, -1.8959698864, -1.59000491736, -0.000212139079402
1.55979426033, -1.31734952752, 1.66323595684, -1.89590466153, -1.59000490457, -0.00021242357122
1.55979619427, -1.31712665567, 1.6629483987, -1.89583895418, -1.59000489258, -0.00021260151796
1.55979812757, -1.31690374877, 1.66266066128, -1.89577278434, -1.59000488078, -0.000212623387412
1.55980006012, -1.3166808094, 1.6623727537, -1.8957061816, -1.59000486855, -0.000212442201726
1.55980199184, -1.31645784096, 1.66208468793, -1.89563918469, -1.59000485526, -0.000212014644568
1.55980392264, -1.31623484758, 1.66179647852, -1.89557184073, -1.5900048403, -0.000211302107621
1.55980585243, -1.31601183406, 1.66150814239, -1.89550420439, -1.59000482308, -0.000210271651722
1.55980778114, -1.31578880575, 1.66121969841, -1.89543633678, -1.59000480306, -0.000208896859301
1.55980970869, -1.31556576848, 1.66093116712, -1.89536830422, -1.59000477973, -0.000207158556813
1.55981163502, -1.3153427284, 1.66064257021, -1.89530017684, -1.59000475267, -0.000205045388373
1.55981356008, -1.31511969187, 1.6603539301, -1.89523202708, -1.59000472152, -0.000202554224751
1.55981548384, -1.31489666532, 1.66006526942, -1.89516392808, -1.59000468602, -0.000199690395302
1.55981740627, -1.31467365508, 1.65977661055, -1.8950959521, -1.59000464598, -0.000196467734122
1.55981932735, -1.31445066727, 1.65948797508, -1.89502816885, -1.59000460134, -0.000192908435777
1.5598212471, -1.31422770765, 1.65919938328, -1.89496064384, -1.59000455211, -0.000189042720054
1.55982316553, -1.31400478146, 1.65891085369, -1.89489343688, -1.59000449843, -0.000184908309625
1.55982508268, -1.31378189331, 1.6586224026, -1.89482660058, -1.59000444054, -0.00018054972859
1.5598269986, -1.31355904707, 1.65833404367, -1.89476017906, -1.59000437876, -0.000176017434246
1.55982891334, -1.31333624573, 1.65804578757, -1.89469420674, -1.59000431353, -0.000171366798328
1.55983082699, -1.31311349138, 1.65775764168, -1.89462870742, -1.59000424536, -0.00016665695765
1.55983273962, -1.31289078508, 1.65746960984, -1.89456369354, -1.59000417486, -0.000161949557486
1.55983465135, -1.31266812685, 1.65718169221, -1.89449916562, -1.59000410267, -0.000157307413836
1.55983656226, -1.31244551564, 1.65689388519, -1.89443511208, -1.5900040295, -0.000152793123064
1.55983847247, -1.31222294933, 1.65660618144, -1.89437150921, -1.5900039561, -0.000148467649204
1.55984038208, -1.31200042476, 1.65631856992, -1.8943083215, -1.59000388324, -0.000144388920249
1.55984229122, -1.31177793778, 1.65603103613, -1.89424550221, -1.59000381168, -0.000140610465133
1.55984419998, -1.31155548332, 1.65574356233, -1.89418299415, -1.59000374217, -0.000137180122978
1.55984610847, -1.31133305548, 1.65545612788, -1.89412073083, -1.59000367544, -0.000134138854983
1.55984801678, -1.31111064766, 1.65516870965, -1.89405863772, -1.59000361215, -0.000131519687719
1.55984992502, -1.31088825268, 1.65488128249, -1.89399663379, -1.59000355291, -0.000129346814203
1.55985183324, -1.31066586295, 1.65459381974, -1.89393463321, -1.59000349825, -0.000127634876066
1.55985374152, -1.31044347061, 1.65430629384, -1.89387254719, -1.5900034486, -0.000126388446531
1.55985564989, -1.3102210677, 1.65401867688, -1.89381028588, -1.5900034043, -0.000125601729752
1.5598575584, -1.30999864636, 1.65373094127, -1.89374776044, -1.59000336556, -0.000125258487577
1.55985946706, -1.30977619899, 1.65344306032, -1.89368488498, -1.59000333248, -0.000125332199806
1.55986137586, -1.30955371843, 1.65315500889, -1.89362157862, -1.59000330503, -0.000125786458959
1.55986328478, -1.30933119812, 1.652866764, -1.89355776738, -1.59000328305, -0.000126575595264
1.55986519377, -1.30910863229, 1.65257830533, -1.89349338595, -1.59000326627, -0.000127645522307
1.55986710279, -1.30888601607, 1.65228961579, -1.89342837939, -1.59000325427, -0.000128934788711
1.55986901176, -1.30866334563, 1.65200068193, -1.89336270452, -1.59000324656, -0.000130375816136
1.55987092058, -1.30844061828, 1.65171149435, -1.89329633117, -1.5900032425, -0.0001318962995
1.55987282916, -1.30821783258, 1.65142204794, -1.89322924305, -1.59000324138, -0.000133420741027
1.55987473737, -1.30799498836, 1.65113234214, -1.89316143846, -1.5900032424, -0.000134872086281
1.55987664511, -1.30777208677, 1.650842381, -1.89309293057, -1.5900032447, -0.000136173427326
1.55987855223, -1.30754913028, 1.65055217318, -1.89302374742, -1.59000324737, -0.000137249736057
1.5598804586, -1.30732612263, 1.65026173189, -1.89295393161, -1.59000324949, -0.00013802958927
1.5598823641, -1.30710306881, 1.64997107461, -1.8928835396, -1.59000325012, -0.000138446846456
1.55988426858, -1.30687997492, 1.64968022287, -1.89281264072, -1.59000324833, -0.000138442241723
1.55988617192, -1.30665684811, 1.64938920175, -1.89274131586, -1.59000324323, -0.000137964852259
1.559888074, -1.30643369639, 1.64909803946, -1.89266965589, -1.590003234, -0.000136973407883
1.55988997472, -1.30621052851, 1.64880676675, -1.89259775981, -1.59000321988, -0.000135437409176
1.55989187397, -1.30598735374, 1.64851541623, -1.89252573265, -1.59000320021, -0.000133338025146
1.55989377169, -1.30576418169, 1.64822402172, -1.89245368329, -1.59000317444, -0.000130668746025
1.55989566782, -1.3055410221, 1.64793261749, -1.892381722, -1.59000314216, -0.000127435771649
1.5598975623, -1.30531788463, 1.64764123749, -1.89230995808, -1.59000310309, -0.000123658121462
1.55989945513, -1.30509477862, 1.64734991462, -1.8922384973, -1.59000305709, -0.000119367458296
1.55990134632, -1.30487171287, 1.6470586799, -1.89216743951, -1.59000300419, -0.000114607624173
1.55990323587, -1.30464869548, 1.64676756179, -1.89209687623, -1.59000294456, -0.000109433893016
1.55990512386, -1.30442573359, 1.64647658548, -1.89202688847, -1.59000287855, -0.000103911951442
1.55990701034, -1.30420283324, 1.64618577227, -1.89195754467, -1.59000280665, -9.81166253043e-05
1.55990889541, -1.30397999918, 1.64589513897, -1.89188889892, -1.59000272948, -9.21303755818e-05
1.55991077918, -1.30375723479, 1.64560469749, -1.89182098947, -1.59000264781, -8.60415929908e-05
1.55991266177, -1.30353454191, 1.64531445444, -1.89175383754, -1.59000256252, -7.99427256577e-05
1.55991454333, -1.30331192081, 1.64502441087, -1.89168744654, -1.59000247459, -7.39282787847e-05
1.55991642401, -1.30308937014, 1.64473456218, -1.8916218016, -1.59000238509, -6.80927287292e-05
1.55991830396, -1.30286688694, 1.64444489803, -1.89155686956, -1.59000229512, -6.25283967665e-05
1.55992018336, -1.30264446665, 1.64415540256, -1.8914925994, -1.59000220583, -5.73233296169e-05
1.55992206237, -1.3024221032, 1.64386605455, -1.89142892295, -1.59000211838, -5.2559234471e-05
1.55992394115, -1.30219978911, 1.64357682784, -1.89136575617, -1.59000203389, -4.83095161357e-05
1.55992581985, -1.30197751563, 1.64328769179, -1.89130300068, -1.59000195346, -4.46374623786e-05
1.55992769863, -1.30175527289, 1.64299861192, -1.89124054571, -1.5900018781, -4.1594621294e-05
1.55992957761, -1.30153305017, 1.64270955056, -1.89117827033, -1.59000180873, -3.92194109021e-05
1.55993145691, -1.30131083601, 1.64242046767, -1.89111604601, -1.59000174616, -3.75359968555e-05
1.55993333662, -1.30108861858, 1.6421313217, -1.89105373931, -1.59000169104, -3.65534687806e-05
1.55993521681, -1.30086638583, 1.64184207043, -1.89099121483, -1.59000164389, -3.62653396503e-05
1.55993709754, -1.30064412583, 1.64155267201, -1.8909283382, -1.59000160506, -3.6649385781e-05
1.55993897883, -1.30042182698, 1.64126308582, -1.89086497911, -1.5900015747, -3.76678377661e-05
1.55994086067, -1.30019947835, 1.64097327343, -1.89080101436, -1.59000155278, -3.92679249689e-05
1.55994274303, -1.29997706987, 1.64068319954, -1.89073633073, -1.5900015391, -4.13827682188e-05
1.55994462586, -1.2997545926, 1.64039283281, -1.89067082776, -1.59000153326, -4.39326075045e-05
1.55994650907, -1.29953203897, 1.64010214665, -1.89060442022, -1.59000153467, -4.68263436387e-05
1.55994839255, -1.29930940295, 1.63981111988, -1.89053704037, -1.59000154257, -4.99633653003e-05
1.55995027617, -1.29908668023, 1.63951973738, -1.89046863981, -1.59000155605, -5.32356260537e-05
1.55995215978, -1.29886386835, 1.63922799049, -1.89039919095, -1.59000157405, -5.65299294114e-05
1.55995404322, -1.29864096678, 1.63893587737, -1.89032868803, -1.59000159539, -5.97303746887e-05
1.5599559263, -1.29841797698, 1.63864340315, -1.89025714769, -1.59000161878, -6.27209117192e-05
1.55995780882, -1.29819490243, 1.63835057996, -1.89018460906, -1.59000164288, -6.53879491163e-05
1.55995969059, -1.29797174852, 1.63805742682, -1.89011113326, -1.59000166629, -6.76229584039e-05
1.55996157141, -1.29774852257, 1.6377639693, -1.89003680253, -1.59000168761, -6.93250153671e-05
1.55996345108, -1.2975252336, 1.63747023913, -1.88996171875, -1.59000170543, -7.04032201898e-05
1.55996532941, -1.29730189223, 1.63717627356, -1.88988600152, -1.59000171843, -7.07789395507e-05
1.55996720622, -1.29707851044, 1.63688211466, -1.88980978587, -1.59000172535, -7.03878167022e-05
1.55996908135, -1.29685510135, 1.63658780846, -1.8897332195, -1.59000172503, -6.91814997916e-05
1.55997095466, -1.29663167893, 1.63629340399, -1.88965645968, -1.59000171648, -6.71290439938e-05
1.55997282602, -1.29640825771, 1.63599895224, -1.88957966994, -1.59000169884, -6.42179494857e-05
1.55997469535, -1.29618485244, 1.63570450504, -1.88950301649, -1.59000167146, -6.04548048034e-05
1.55997656258, -1.2959614778, 1.63541011394, -1.88942666454, -1.59000163391, -5.58655133074e-05
1.55997842769, -1.29573814806, 1.63511582899, -1.88935077456, -1.59000158595, -5.04950895659e-05
1.55998029066, -1.29551487671, 1.63482169764, -1.88927549859, -1.59000152759, -4.44070217146e-05
1.55998215155, -1.2952916762, 1.6345277636, -1.88920097662, -1.59000145908, -3.76822056835e-05
1.55998401042, -1.29506855759, 1.63423406574, -1.88912733324, -1.59000138091, -3.04174668443e-05
1.55998586737, -1.29484553031, 1.63394063721, -1.88905467452, -1.59000129378, -2.27236942478e-05
1.55998772254, -1.29462260186, 1.63364750448, -1.88898308524, -1.59000119863, -1.47236218337e-05
1.55998957608, -1.29439977767, 1.63335468667, -1.8889126266, -1.59000109658, -6.54929957846e-06
1.5599914282, -1.29417706091, 1.63306219497, -1.88884333435, -1.59000098895, 1.6606945701e-06
1.55999327908, -1.29395445233, 1.63277003221, -1.88877521749, -1.5900008772, 9.7642444188e-06
1.55999512896, -1.29373195025, 1.63247819264, -1.88870825756, -1.59000076291, 1.76188235029e-05
1.55999697808, -1.29350955055, 1.63218666189, -1.88864240848, -1.59000064776, 2.50846937593e-05
1.55999882669, -1.29328724667, 1.63189541711, -1.88857759708, -1.59000053345, 3.20281042555e-05
1.56000067502, -1.29306502972, 1.63160442735, -1.8885137242, -1.59000042173, 3.83244180779e-05
1.56000252332, -1.29284288869, 1.63131365405, -1.88845066638, -1.59000031431, 4.38610955504e-05
1.56000437182, -1.29262081058, 1.63102305178, -1.88838827822, -1.59000021281, 4.85404639005e-05
1.56000622075, -1.29239878067, 1.63073256913, -1.88832639516, -1.59000011878, 5.22822068773e-05
1.5600080703, -1.29217678288, 1.63044214972, -1.88826483684, -1.59000003361, 5.50255127258e-05
1.56000992064, -1.2919548, 1.63015173343, -1.88820341085, -1.58999995852, 5.67308255757e-05
1.56001177191, -1.29173281416, 1.62986125761, -1.88814191679, -1.58999989452, 5.73811529763e-05
1.56001362424, -1.29151080712, 1.62957065846, -1.88808015065, -1.58999984242, 5.69828914315e-05
1.56001547768, -1.29128876077, 1.62927987247, -1.88801790934, -1.58999980273, 5.55661419527e-05
1.56001733229, -1.29106665744, 1.62898883783, -1.88795499523, -1.58999977572, 5.31844984084e-05
1.56001918805, -1.29084448041, 1.62869749585, -1.88789122076, -1.5899997614, 4.99143031312e-05
1.56002104493, -1.2906222142, 1.62840579237, -1.88782641281, -1.58999975946, 4.5853376037e-05
1.56002290284, -1.29039984502, 1.62811367902, -1.88776041693, -1.58999976933, 4.1119235492e-05
1.56002476167, -1.29017736108, 1.62782111448, -1.88769310113, -1.58999979017, 3.5846841e-05
1.56002662125, -1.28995475291, 1.62752806549, -1.88762435932, -1.58999982086, 3.01858990667e-05
1.5600284814, -1.28973201359, 1.62723450782, -1.88755411422, -1.58999986007, 2.42977843509e-05
1.56003034189, -1.28950913898, 1.62694042694, -1.88748231964, -1.58999990622, 1.83521377048e-05
1.56003220247, -1.28928612788, 1.62664581858, -1.88740896213, -1.58999995757, 1.2523211473e-05
1.56003406288, -1.28906298208, 1.62635068898, -1.88733406197, -1.59000001221, 6.9860392057e-06
1.56003592284, -1.2888397064, 1.62605505503, -1.8872576733, -1.59000006814, 1.91251259025e-06
1.56003778203, -1.28861630863, 1.62575894402, -1.88717988366, -1.59000012326, -2.53254795232e-06
1.56003964017, -1.28839279945, 1.6254623933, -1.8871008126, -1.59000017546, -6.1952406801e-06
1.56004149697, -1.2881691922, 1.62516544959, -1.88702060965, -1.59000022266, -8.93625981078e-06
1.56004335213, -1.28794550264, 1.62486816816, -1.88693945157, -1.59000026283, -1.06343165263e-05
1.56004520539, -1.28772174869, 1.62457061171, -1.88685753885, -1.59000029405, -1.11892217111e-05
1.56004705649, -1.28749795, 1.62427284914, -1.88677509174, -1.5900003146, -1.05245544441e-05
1.56004890523, -1.28727412761, 1.62397495409, -1.88669234561, -1.59000032291, -8.58984805992e-06
1.56005075143, -1.28705030345, 1.62367700343, -1.88660954599, -1.5900003177, -5.36223508698e-06
1.56005259493, -1.28682649989, 1.62337907553, -1.88652694325, -1.59000029794, -8.47503525673e-07
1.56005443564, -1.28660273925, 1.62308124857, -1.88644478705, -1.59000026292, 4.91947092353e-06
1.5600562735, -1.28637904328, 1.62278359876, -1.8863633207, -1.59000021228, 1.18749385861e-05
1.56005810853, -1.28615543266, 1.62248619858, -1.88628277557, -1.59000014597, 1.99271433714e-05
1.56005994075, -1.28593192652, 1.62218911509, -1.88620336567, -1.59000006434, 2.89578374649e-05
1.56006177028, -1.28570854198, 1.6218924083, -1.88612528243, -1.58999996807, 3.88244217669e-05
1.56006359726, -1.28548529372, 1.62159612967, -1.88604869004, -1.5899998582, 4.936267617e-05
1.56006542189, -1.28526219358, 1.62130032082, -1.88597372114, -1.58999973609, 6.03900298781e-05
1.56006724439, -1.28503925027, 1.62100501235, -1.88590047325, -1.58999960343, 7.17093087449e-05
1.56006906506, -1.28481646909, 1.62071022294, -1.88582900589, -1.58999946216, 8.31128847058e-05
1.5600708842, -1.28459385174, 1.62041595873, -1.88575933846, -1.58999931447, 9.43871418571e-05
1.56007270214, -1.28437139624, 1.62012221291, -1.88569144906, -1.58999916272, 0.000105317164961
1.56007451923, -1.28414909684, 1.61982896557, -1.88562527414, -1.58999900942, 0.000115691549201
1.56007633585, -1.28392694414, 1.61953618398, -1.88556070911, -1.58999885716, 0.000125307225476
1.56007815236, -1.28370492519, 1.61924382299, -1.88549760991, -1.58999870853, 0.000133974192902
1.56007996912, -1.28348302371, 1.61895182584, -1.88543579543, -1.58999856612, 0.000141520050304
1.56008178648, -1.28326122042, 1.6186601252, -1.8853750509, -1.58999843239, 0.000147794220784
1.56008360477, -1.28303949339, 1.61836864446, -1.88531513205, -1.58999830966, 0.000152671768261
1.56008542429, -1.28281781848, 1.61807729931, -1.88525577, -1.58999820003, 0.00015605671218
1.56008724529, -1.28259616984, 1.61778599943, -1.88519667685, -1.58999810537, 0.000157884755859
1.56008906799, -1.28237452047, 1.61749465043, -1.88513755178, -1.58999802722, 0.000158125355614
1.56009089256, -1.28215284279, 1.61720315591, -1.88507808757, -1.58999796679, 0.000156783071131
1.56009271912, -1.28193110928, 1.61691141956, -1.88501797735, -1.58999792491, 0.00015389815253
1.56009454773, -1.28170929304, 1.61661934733, -1.88495692157, -1.58999790202, 0.000149546335945
1.56009637839, -1.28148736847, 1.61632684962, -1.88489463483, -1.58999789813, 0.000143837836582
1.56009821104, -1.28126531181, 1.61603384336, -1.88483085263, -1.58999791285, 0.000136915546185
1.56010004557, -1.28104310178, 1.61574025398, -1.88476533769, -1.58999794537, 0.000128952459801
1.5601018818, -1.28082072004, 1.61544601733, -1.88469788585, -1.58999799446, 0.000120148374558
1.56010371951, -1.2805981517, 1.61515108127, -1.8846283313, -1.58999805849, 0.000110725920482
1.56010555841, -1.28037538573, 1.61485540708, -1.88455655107, -1.58999813551, 0.00010092599955
1.56010739819, -1.28015241523, 1.61455897065, -1.88448246868, -1.58999822319, 9.10027238907e-05
1.56010923847, -1.27992923773, 1.61426176325, -1.88440605669, -1.58999831896, 8.12179573812e-05
1.56011107886, -1.2797058553, 1.61396379207, -1.88432733837, -1.58999842, 7.18355755354e-05
1.56011291894, -1.27948227461, 1.61366508035, -1.88424638812, -1.5899985233, 6.31155674498e-05
1.56011475828, -1.27925850683, 1.61336566721, -1.88416333082, -1.58999862575, 5.53081093711e-05
1.56011659642, -1.27903456754, 1.61306560705, -1.88407834001, -1.5899987242, 4.86477427497e-05
1.56011843292, -1.27881047642, 1.61276496864, -1.88399163496, -1.58999881549, 4.3347789865e-05
1.56012026737, -1.27858625688, 1.61246383387, -1.88390347659, -1.58999889657, 3.95951373367e-05
1.56012209935, -1.27836193565, 1.61216229615, -1.88381416249, -1.58999896455, 3.75455121035e-05
1.56012392848, -1.2781375422, 1.61186045856, -1.88372402087, -1.58999901676, 3.73193659051e-05
1.56012575445, -1.27791310818, 1.6115584317, -1.88363340382, -1.58999905085, 3.89984727314e-05
1.56012757696, -1.27768866671, 1.61125633135, -1.88354267986, -1.58999906479, 4.26233298281e-05
1.56012939581, -1.27746425167, 1.61095427599, -1.88345222593, -1.58999905701, 4.81914364491e-05
1.56013121082, -1.27723989698, 1.61065238416, -1.88336241915, -1.58999902637, 5.56565062742e-05
1.56013302192, -1.27701563581, 1.61035077182, -1.88327362824, -1.58999897224, 6.49286495694e-05
1.56013482909, -1.27679149982, 1.61004954965, -1.88318620515, -1.58999889451, 7.58755398645e-05
1.56013663239, -1.27656751842, 1.60974882049, -1.88310047676, -1.58999879361, 8.8324558325e-05
1.56013843197, -1.27634371808, 1.60944867685, -1.88301673703, -1.58999867054, 0.000102065886649
1.56014022803, -1.27612012162, 1.60914919863, -1.88293523977, -1.5899985268, 0.000116856497504
1.56014202087, -1.27589674769, 1.60885045107, -1.88285619211, -1.5899983644, 0.000132424970389
1.56014381083, -1.27567361022, 1.60855248297, -1.88277974894, -1.58999818583, 0.000148477040714
1.56014559832, -1.27545071802, 1.60825532528, -1.88270600837, -1.589997994, 0.000164701771716
1.5601473838, -1.27522807449, 1.60795899006, -1.88263500845, -1.58999779217, 0.000180778222577
1.56014916777, -1.27500567741, 1.60766346981, -1.88256672508, -1.5899975839, 0.00019638247248
1.56015095075, -1.27478351892, 1.60736873726, -1.88250107139, -1.58999737295, 0.00021119484967
1.5601527333, -1.27456158554, 1.60707474561, -1.88243789838, -1.58999716321, 0.000224907206905
1.56015451596, -1.27433985838, 1.60678142913, -1.88237699713, -1.58999695859, 0.000237230080533
1.56015629927, -1.27411831348, 1.60648870436, -1.88231810226, -1.58999676297, 0.000247899569965
1.56015808376, -1.27389692221, 1.60619647156, -1.88226089684, -1.58999658008, 0.000256683777233
1.56015986991, -1.27367565184, 1.60590461667, -1.88220501845, -1.58999641341, 0.00026338865315
1.56016165817, -1.27345446621, 1.60561301356, -1.8821500665, -1.58999626616, 0.000267863106877
1.56016344893, -1.27323332645, 1.60532152667, -1.88209561043, -1.58999614112, 0.000270003249472
1.56016524251, -1.27301219182, 1.60503001385, -1.88204119887, -1.58999604064, 0.000269755658886
1.56016703918, -1.27279102057, 1.60473832942, -1.88198636934, -1.58999596658, 0.00026711957369
1.56016883911, -1.2725697709, 1.60444632739, -1.88193065844, -1.5899959202, 0.000262147945053
1.5601706424, -1.27234840183, 1.60415386475, -1.88187361231, -1.58999590222, 0.000254947300882
1.56017244905, -1.27212687422, 1.60386080471, -1.88181479695, -1.58999591271, 0.000245676401683
1.560174259, -1.2719051516, 1.60356701995, -1.88175380845, -1.58999595113, 0.000234543694697
1.56017607207, -1.27168320111, 1.6032723956, -1.88169028262, -1.58999601632, 0.000221803599862
1.56017788801, -1.27146099429, 1.60297683217, -1.881623904, -1.58999610651, 0.000207751688268
1.56017970651, -1.27123850776, 1.60268024799, -1.8815544139, -1.58999621934, 0.00019271883973
1.56018152714, -1.27101572392, 1.60238258147, -1.88148161735, -1.58999635194, 0.000177064490999
1.56018334944, -1.27079263142, 1.60208379285, -1.88140538872, -1.58999650092, 0.000161169108609
1.56018517288, -1.27056922553, 1.60178386556, -1.88132567594, -1.58999666245, 0.000145426040574
1.56018699687, -1.27034550839, 1.601482807, -1.88124250309, -1.58999683238, 0.000130232918156
1.56018882079, -1.27012148911, 1.60118064891, -1.88115597139, -1.58999700625, 0.000115982792394
1.56019064399, -1.26989718369, 1.6008774471, -1.88106625842, -1.58999717942, 0.000103055199667
1.56019246582, -1.26967261482, 1.60057328067, -1.8809736156, -1.58999734716, 9.18073560707e-05
1.56019428561, -1.26944781146, 1.60026825074, -1.88087836407, -1.58999750475, 8.25656812546e-05
1.56019610272, -1.26922280836, 1.59996247855, -1.88078088872, -1.58999764758, 7.561784902e-05
1.56019791655, -1.26899764539, 1.59965610319, -1.88068163087, -1.58999777126, 7.12055538911e-05
1.56019972652, -1.26877236672, 1.59934927878, -1.88058107944, -1.58999787172, 6.95181704819e-05
1.56020153214, -1.26854701993, 1.59904217132, -1.88047976083, -1.58999794534, 7.06874658346e-05
1.56020333297, -1.26832165503, 1.59873495521, -1.88037822788, -1.58999798899, 7.47835043275e-05
1.56020512866, -1.26809632333, 1.59842780946, -1.88027704791, -1.58999800019, 8.18118606603e-05
1.56020691897, -1.26787107636, 1.59812091375, -1.88017679024, -1.58999797713, 9.17122291853e-05
1.56020870376, -1.26764596469, 1.59781444444, -1.88007801344, -1.58999791873, 0.000104358488228
1.56021048297, -1.26742103679, 1.59750857048, -1.87998125255, -1.58999782475, 0.000119560246417
1.56021225671, -1.26719633784, 1.59720344952, -1.87988700656, -1.58999769573, 0.0001370658652
1.56021402516, -1.26697190873, 1.59689922406, -1.87979572647, -1.58999753306, 0.000156566918496
1.56021578863, -1.26674778497, 1.59659601799, -1.87970780423, -1.58999733893, 0.000177704017273
1.56021754755, -1.26652399582, 1.59629393345, -1.87962356273, -1.58999711633, 0.000200073894781
1.56021930241, -1.26630056351, 1.59599304801, -1.87954324719, -1.58999686896, 0.000223237617793
1.56022105384, -1.26607750257, 1.59569341254, -1.87946701812, -1.58999660115, 0.000246729761239
1.56022280252, -1.26585481937, 1.59539504946, -1.87939494601, -1.5899963178, 0.000270068358816
1.56022454919, -1.26563251178, 1.59509795168, -1.87932700803, -1.58999602427, 0.000292765420985
1.56022629464, -1.26541056912, 1.59480208221, -1.87926308664, -1.5899957262, 0.000314337795008
1.56022803968, -1.26518897212, 1.59450737437, -1.87920297042, -1.58999542947, 0.000334318129481
1.56022978514, -1.26496769331, 1.5942137327, -1.87914635696, -1.58999513999, 0.000352265698846
1.56023153183, -1.26474669738, 1.59392103454, -1.87909285787, -1.58999486359, 0.000367776841712
1.56023328053, -1.26452594185, 1.59362913226, -1.87904200582, -1.58999460589, 0.00038049477058
1.56023503197, -1.26430537792, 1.5933378561, -1.87899326355, -1.58999437216, 0.00039011852005
1.56023678682, -1.26408495139, 1.59304701751, -1.87894603449, -1.58999416721, 0.000396410815152
1.56023854565, -1.26386460381, 1.59275641307, -1.87889967509, -1.58999399527, 0.000399204661653
1.56024030898, -1.26364427372, 1.59246582874, -1.87885350838, -1.58999385989, 0.000398408484826
1.56024207717, -1.26342389793, 1.59217504447, -1.87880683846, -1.58999376384, 0.000394009672442
1.5602438505, -1.26320341294, 1.59188383905, -1.87875896589, -1.58999370911, 0.000386076410858
1.56024562911, -1.26298275637, 1.59159199503, -1.87870920329, -1.58999369677, 0.000374757739168
1.56024741304, -1.26276186836, 1.59129930375, -1.87865689106, -1.58999372702, 0.000360281785089
1.56024920217, -1.26254069294, 1.59100557011, -1.87860141279, -1.58999379911, 0.000342952186376
1.56025099627, -1.26231917945, 1.59071061731, -1.87854220995, -1.5899939114, 0.000323142742605
1.56025279499, -1.26209728366, 1.59041429116, -1.87847879563, -1.58999406133, 0.000301290382748
1.56025459786, -1.261874969, 1.59011646398, -1.87841076688, -1.5899942455, 0.000277886573672
1.56025640428, -1.26165220747, 1.58981703803, -1.87833781545, -1.58999445971, 0.000253467332309
1.56025821356, -1.26142898045, 1.58951594826, -1.87825973655, -1.589994699, 0.000228602038779
1.56026002494, -1.2612052793, 1.58921316448, -1.87817643557, -1.58999495778, 0.000203881278793
1.56026183756, -1.26098110576, 1.58890869267, -1.8780879323, -1.58999522991, 0.000179903969938
1.56026365051, -1.26075647214, 1.5886025756, -1.87799436279, -1.58999550881, 0.000157264047573
1.56026546282, -1.26053140122, 1.58829489259, -1.87789597854, -1.5899957876, 0.000136537001538
1.56026727354, -1.26030592595, 1.58798575848, -1.87779314313, -1.5899960592, 0.000118266563745
1.56026908166, -1.26008008897, 1.5876753217, -1.87768632626, -1.58999631654, 0.00010295184939
1.56027088624, -1.25985394176, 1.58736376165, -1.87757609521, -1.58999655266, 9.10352501024e-05
1.56027268634, -1.25962754376, 1.58705128525, -1.87746310407, -1.5899967609, 8.28913663035e-05
1.56027448112, -1.25940096113, 1.58673812288, -1.87734808067, -1.58999693505, 7.8817248227e-05
1.5602762698, -1.25917426542, 1.58642452359, -1.87723181169, -1.58999706949, 7.9024190835e-05
1.56027805172, -1.25894753206, 1.58611074993, -1.8771151261, -1.5899971594, 8.36312976684e-05
1.56027982632, -1.25872083878, 1.58579707228, -1.87699887732, -1.58999720083, 9.26609930236e-05
1.56028159322, -1.25849426385, 1.58548376295, -1.87688392453, -1.58999719087, 0.000106036621495
1.56028335216, -1.25826788435, 1.58517109003, -1.87677111346, -1.58999712773, 0.000123582229672
1.56028510308, -1.25804177443, 1.58485931133, -1.87666125705, -1.58999701083, 0.000145024577499
1.56028684606, -1.25781600354, 1.58454866835, -1.87655511655, -1.58999684084, 0.000169997377636
1.56028858139, -1.25759063478, 1.58423938049, -1.87645338338, -1.5899966197, 0.000198047710951
1.56029030951, -1.25736572335, 1.58393163969, -1.87635666216, -1.58999635062, 0.00022864451645
1.56029203103, -1.25714131515, 1.58362560558, -1.87626545544, -1.58999603799, 0.000261189005232
1.56029374671, -1.25691744553, 1.58332140118, -1.87618015038, -1.58999568733, 0.000295026801988
1.56029545747, -1.2566941383, 1.58301910948, -1.87610100774, -1.58999530517, 0.000329461574797
1.56029716432, -1.25647140495, 1.58271877071, -1.87602815357, -1.58999489889, 0.000363769876006
1.56029886837, -1.25624924413, 1.58242038061, -1.87596157368, -1.58999447657, 0.000397216884224
1.56030057083, -1.25602764146, 1.58212388962, -1.87590111122, -1.58999404675, 0.000429072711167
1.5603022729, -1.25580656958, 1.58182920316, -1.87584646741, -1.58999361831, 0.00045862891792
1.56030397582, -1.2555859885, 1.58153618278, -1.87579720545, -1.58999320019, 0.000485214873289
1.56030568082, -1.25536584625, 1.58124464847, -1.87575275763, -1.58999280119, 0.000508213583391
1.56030738905, -1.25514607986, 1.58095438187, -1.87571243554, -1.58999242979, 0.000527076626163
1.56030910161, -1.25492661651, 1.58066513044, -1.87567544316, -1.58999209392, 0.000541337837236
1.5603108195, -1.25470737502, 1.58037661242, -1.87564089268, -1.58999180081, 0.000550625414862
1.56031254358, -1.25448826749, 1.58008852266, -1.87560782265, -1.5899915568, 0.000554672140391
1.56031427459, -1.25426920118, 1.579800539, -1.87557521815, -1.5899913672, 0.000553323447206
1.5603160131, -1.25405008046, 1.57951232915, -1.87554203259, -1.58999123619, 0.000546543114074
1.56031775951, -1.25383080895, 1.57922355801, -1.87550721065, -1.58999116673, 0.000534416407929
1.56031951404, -1.25361129161, 1.57893389513, -1.87546971182, -1.58999116048, 0.000517150554874
1.56032127675, -1.25339143696, 1.57864302224, -1.87542853413, -1.58999121777, 0.000495072476065
1.56032304748, -1.25317115919, 1.57835064064, -1.87538273744, -1.58999133759, 0.000468623785323
1.56032482591, -1.25295038013, 1.57805647832, -1.87533146582, -1.58999151757, 0.000438353107018
1.56032661153, -1.25272903126, 1.57776029659, -1.87527396849, -1.58999175407, 0.000404905834204
1.56032840366, -1.25250705534, 1.5774618961, -1.87520961875, -1.58999204218, 0.000369011507086
1.56033020145, -1.25228440795, 1.57716112213, -1.87513793054, -1.58999237579, 0.000331469049067
1.56033200392, -1.25206105876, 1.57685786892, -1.87505857216, -1.58999274775, 0.000293130150593
1.56033380994, -1.25183699245, 1.57655208306, -1.87497137677, -1.58999314989, 0.00025488113851
1.56033561827, -1.25161220937, 1.57624376569, -1.87487634936, -1.58999357324, 0.000217623709458
1.56033742758, -1.25138672585, 1.57593297358, -1.87477367005, -1.58999400812, 0.000182254938859
1.56033923648, -1.25116057418, 1.57561981897, -1.87466369349, -1.58999444436, 0.000149647001458
1.56034104351, -1.25093380215, 1.57530446814, -1.87454694427, -1.58999487145, 0.000120627054554
1.56034284722, -1.25070647235, 1.57498713876, -1.87442410851, -1.5899952788, 9.59577400005e-05
1.56034464617, -1.25047866106, 1.57466809601, -1.87429602155, -1.58999565592, 7.63187562389e-05
1.56034643896, -1.25025045679, 1.57434764757, -1.87416365212, -1.58999599268, 6.22899361601e-05
1.5603482243, -1.25002195858, 1.57402613756, -1.87402808316, -1.58999627956, 5.43362412152e-05
1.56035000099, -1.24979327397, 1.5737039395, -1.87389048968, -1.58999650788, 5.27950469577e-05
1.560351768, -1.24956451678, 1.57338144853, -1.87375211415, -1.58999667007, 5.78660509229e-05
1.56035352447, -1.24933580463, 1.5730590729, -1.87361423984, -1.58999675985, 6.96040810507e-05
