1.70772715402, -0.936624906944, 42.9751609059, -23.3574710598, 0.0149609741178, 2.06584597549
1.69800534602, -0.520055967105, 41.723805838, -23.5359166821, 0.020856141417, 2.14545751654
1.69373955299, -0.325331960798, 41.1445000814, -23.6281008478, 0.0236306228371, 2.34210779411
1.69167407219, -0.22857965677, 40.8574821393, -23.6798971974, 0.0248078213806, 2.64247741754
1.6905958493, -0.174678570888, 40.6972341061, -23.7128787461, 0.0252412088058, 3.03997506808
1.6900102789, -0.138931601889, 40.5903461191, -23.7370542701, 0.0253528852984, 3.53076965902
1.68970494071, -0.110245138248, 40.5040068457, -23.757102205, 0.0253444056961, 4.11221669724
1.68958609717, -0.0836331038682, 40.4235046221, -23.7752894412, 0.0253133048117, 4.78219268498
1.68961178065, -0.056856380933, 40.3422393544, -23.792809756, 0.0253099392432, 5.53880355731
1.68976301658, -0.0289124844412, 40.2572553818, -23.8103915538, 0.0253639240732, 6.38025437865
1.69003113248, 0.000643936926297, 40.1672368054, -23.8285724104, 0.0254961597213, 7.30479007625
1.69041209262, 0.0320069524119, 40.0716064871, -23.8478226239, 0.0257242305699, 8.31066777718
1.69090395442, 0.065257046707, 39.9701208066, -23.868600536, 0.0260647863192, 9.3961432179
1.6915057228, 0.100423119523, 39.8626873321, -23.8913770571, 0.026534558856, 10.5594634007
1.6922168331, 0.13751040347, 39.7492827725, -23.9166463007, 0.027150757285, 11.7988619639
1.69303691718, 0.176513036762, 39.6299160511, -23.9449299546, 0.0279311771018, 13.1125556941
1.69396569677, 0.217419726822, 39.504611683, -23.9767788206, 0.0288941753257, 14.4987414806
1.69500293523, 0.260216302729, 39.3734022919, -24.0127730761, 0.0300585778526, 15.9555934016
1.69614841505, 0.304886867295, 39.2363252386, -24.0535219527, 0.0314435468201, 17.4812597792
1.69740192634, 0.351414318691, 39.0934210992, -24.0996631506, 0.0330684251721, 19.0738601759
1.69876326226, 0.399780588572, 38.9447329789, -24.1518621216, 0.0349525574426, 20.7314822743
1.70023221511, 0.449966752093, 38.7903061976, -24.2108112928, 0.0371150942473, 22.452178688
1.70180857509, 0.501953081565, 38.6301881458, -24.277229248, 0.0395747765781, 24.233963628
1.70349212788, 0.555719073676, 38.4644282155, -24.3518598898, 0.0423497015571, 26.0748094813
1.70528265426, 0.611243466344, 38.2930777654, -24.4354715777, 0.0454570677766, 27.9726433141
1.70717992887, 0.668504250028, 38.1161901, -24.5288562449, 0.0489129012989, 29.9253432654
1.70918371796, 0.727478677033, 37.9338204582, -24.6328285038, 0.0527317577338, 31.930734818
1.71129377944, 0.788143270675, 37.7460259997, -24.7482247179, 0.0569264034862, 33.9865870617
1.71350986098, 0.850473834106, 37.5528657983, -24.8759020646, 0.0615074726117, 36.0906088134
1.71583169891, 0.91444545925, 37.3544008292, -25.01673756, 0.0664831031921, 38.2404447216
1.71825901686, 0.980032535939, 37.1506939628, -25.1716270757, 0.0718585419781, 40.4336712322
1.72079152413, 1.04720876227, 36.9418099504, -25.3414843074, 0.0776357328311, 42.6677925943
1.72342891398, 1.115947154, 36.7278154169, -25.5272397308, 0.0838128720366, 44.9402366854
1.72617086279, 1.18622005573, 36.5087788483, -25.7298395209, 0.0903839436821, 47.2483509285
1.72901702714, 1.2579991517, 36.2847705788, -25.9502444292, 0.097338225564, 49.5893980416
1.73196704263, 1.3312554774, 36.0558627794, -26.1894286387, 0.104659772089, 51.9605518327
1.73502052167, 1.40595943175, 35.822129444, -26.448378575, 0.11232686867, 54.3588929066
1.73817705117, 1.48208078945, 35.5836463753, -26.7280916698, 0.120311464425, 56.7814044011
1.74143619034, 1.55958871419, 35.3404911691, -27.0295750964, 0.12857858027, 59.2249676648
1.74479746838, 1.63845177214, 35.0927431996, -27.3538444477, 0.137085689805, 61.6863579243
1.74826038122, 1.71863794603, 34.8404836007, -27.701922373, 0.145782082241, 64.1622400072
1.75182438958, 1.80011465026, 34.5837952493, -28.0748371611, 0.154608202604, 66.6491639629
1.75548891564, 1.88284874564, 34.3227627459, -28.473621276, 0.163494973798, 69.143560816
1.75925334036, 1.96680655579, 34.0574723939, -28.8993098298, 0.172363098788, 71.6417382568
1.76311700042, 2.05195388336, 33.7880121777, -29.3529390018, 0.181122352729, 74.1398764157
1.76707918501, 2.13825602744, 33.5144717415, -29.8355443994, 0.189670857429, 76.6340236432
1.77113913323, 2.22567780157, 33.2369423628, -30.3481593512, 0.197894349261, 79.1200923952
1.7752960306, 2.31418355171, 32.9555169284, -30.8918131315, 0.205665441715, 81.5938551307
1.77954900699, 2.40373717674, 32.6702899047, -31.4675291219, 0.212842885733, 84.0509403596
1.78389713324, 2.49430214745, 32.3813573117, -32.0763228993, 0.219270829959, 86.486828705
1.78833941923, 2.58584152813, 32.0888166889, -32.7192002442, 0.224778088489, 88.8968491674
1.79287481203, 2.67831799861, 31.7927670646, -33.3971550812, 0.229177425745, 91.2761754474
1.79750219444, 2.77169387625, 31.4933089202, -34.111167327, 0.232264850591, 93.6198224793
1.80222038348, 2.86593114031, 31.1905441539, -34.862200675, 0.233818934674, 95.9226430542
1.80702813218, 2.96099145659, 30.8845760398, -35.6512002693, 0.233600171264, 98.1793247622
1.81192412799, 3.05683620273, 30.5755091883, -36.479090321, 0.231350355468, 100.384386959
1.81690699689, 3.15342649537, 30.2634495009, -37.3467716139, 0.226792021634, 102.532178182
1.82197530594, 3.25072321817, 29.9485041236, -38.2551189285, 0.219627927811, 104.61687366
1.8271275684, 3.3486870512, 29.6307813967, -39.2049783786, 0.20954060055, 106.632473197
1.83236224985, 3.44727850106, 29.310390805, -40.1971646546, 0.19619195047, 108.572799368
1.83767777762, 3.54645793308, 28.9874429188, -41.2324581611, 0.179222974052, 110.431496003
1.84307255151, 3.64618560462, 28.6620493377, -42.3116020795, 0.158253533866, 112.202027148
1.84854495791, 3.7464217, 28.3343226278, -43.4352993319, 0.132882250754, 113.877676375
1.85409338542, 3.84712636676, 28.004376255, -44.6042094432, 0.102686500576, 115.451546503
1.85971624523, 3.94825975309, 27.6723245206, -45.8189453411, 0.0672225348621, 116.916559886
1.86541199502, 4.04978204889, 27.3382824821, -47.0800700274, 0.0260257411491, 118.265459195
1.8711791661, 4.15165352639, 27.0023658809, -48.3880932097, -0.0213889556663, 119.490808686
1.87701639443, 4.25383458365, 26.6646910615, -49.7434678169, -0.0755265273252, 120.584996145
1.8829224583, 4.35628578996, 26.3253748852, -51.1465864626, -0.13691110885, 121.540235411
1.88889631988, 4.45896793395, 25.9845346416, -52.5977778268, -0.206085074325, 122.348569596
1.89493717074, 4.56184207103, 25.6422879582, -54.0973029841, -0.283607920995, 123.001874945
1.90104448741, 4.66486957751, 25.2987526981, -55.6453516634, -0.370054939415, 123.491865573
1.90721808848, 4.76801220212, 24.9540468615, -57.242038474, -0.466015660847, 123.810098787
1.91345820163, 4.87123212331, 24.6082884797, -58.8873990948, -0.572092071562, 123.947981369
1.91976553615, 4.97449200638, 24.2615955019, -60.581386433, -0.688896577498, 123.896776648
1.92614136323, 5.07775506462, 23.9140856828, -62.323866774, -0.817049711709, 123.647612423
1.93258760307, 5.18098512195, 23.5658764572, -64.1146159247, -0.957177577812, 123.19148977
1.93910691929, 5.28414667721, 23.2170848252, -65.9533154058, -1.10990901189, 122.519292763
1.94570282381, 5.38720497105, 22.8678272165, -67.8395486243, -1.27587245712, 121.621799197
1.95237978655, 5.49012605569, 22.5182193591, -69.7727971257, -1.45569254553, 120.489692145
1.95914335322, 5.5928768661, 22.1683761467, -71.7524369357, -1.64998639014, 119.113572478
1.96600027337, 5.69542529277, 21.8184114913, -73.7777349263, -1.85935956352, 117.483972325
1.97295863137, 5.79774025584, 21.4684381871, -75.8478453592, -2.08440178257, 115.59136944
1.98002799079, 5.89979178271, 21.1185677612, -77.9618064958, -2.32568227545, 113.4262026
1.98721953796, 6.00155108401, 20.7689103189, -80.118537398, -2.58374487054, 110.97888755
1.9945462374, 6.10299063392, 20.4195744017, -82.3168348715, -2.85910276078, 108.239834139
2.00202298732, 6.20408424731, 20.0706668219, -84.5553706152, -3.15223300767, 105.199463936
2.00966678442, 6.30480716107, 19.722292517, -86.8326885683, -3.46357074394, 101.848228736
2.01749688592, 6.40513611356, 19.3745543835, -89.1472025022, -3.79350312844, 98.176629612
2.02553497578, 6.50504942137, 19.0275531282, -91.4971938599, -4.14236304112, 94.1752364423
2.03380532912, 6.60452705838, 18.6813871114, -93.8808098631, -4.51042255665, 89.8347079765
2.04233497566, 6.70355073168, 18.3361521825, -96.2960619084, -4.89788620786, 85.1458121219
2.0511538598, 6.80210395523, 17.9919415377, -98.7408242697, -5.30488406346, 80.0994464677
2.06029498317, 6.90017211752, 17.6488455639, -101.212833115, -5.7314646667, 74.6866587248
2.06979455524, 6.99774255063, 17.306951688, -103.709685842, -6.17758784331, 68.8986671126
2.07969211461, 7.09480458929, 16.9663442451, -106.228840761, -6.64311741452, 62.7268804491
2.09003064414, 7.19134962691, 16.6271043261, -108.767617087, -7.12781388146, 56.162917665
2.10085666304, 7.28737116552, 16.2893096614, -111.323195315, -7.63132708307, 49.1986266443
2.11222029407, 7.38286485255, 15.953034486, -113.89261787, -8.15318888973, 41.8261022344
2.12417531048, 7.47782851692, 15.6183494281, -116.472790098, -8.6928059626, 34.0377030029
2.13677913696, 7.572262186, 15.2853214103, -119.060481594, -9.24945264834, 25.8260666579
2.15009283579, 7.6661680986, 14.9540135434, -121.652327767, -9.82226401168, 17.1841240706
2.1641810319, 7.75955069989, 14.6244850484, -124.24483167, -10.4102290909, 8.10511134349
2.17911180541, 7.85241662452, 14.296791187, -126.834366079, -11.0121844027, -1.41742019002
2.19495652919, 7.94477466278, 13.9709832049, -129.417175744, -11.6268077318, -11.3895960801
2.21178965441, 8.03663571627, 13.6471082786, -131.989379761, -12.2526122621, -21.8172133909
2.22968842684, 8.12801271967, 13.3252095136, -134.546974094, -12.8879410982, -32.705738066
2.24873255526, 8.21892056104, 13.0053259114, -137.085834012, -13.5309621757, -44.0603047658
2.26900378758, 8.30937596897, 12.6874923877, -139.601716623, -14.1796636156, -55.8857204859
2.29058542935, 8.39939738218, 12.3717397955, -142.090263218, -14.8318496265, -68.1864703787
2.31356177209, 8.48900478843, 12.0580949818, -144.547001482, -15.4851368031, -80.9667274358
2.33801744612, 8.57821954437, 11.746580858, -146.967347372, -16.1369510571, -94.2303650769
2.36403666526, 8.6670641732, 11.4372164543, -149.346606729, -16.7845250256, -107.980973815
2.39170240557, 8.75556211392, 11.1300170802, -151.679976379, -17.4248960741, -122.221879687
2.42109545903, 8.8437374641, 10.8249944291, -153.962544737, -18.0549048752, -136.956167653
2.45229341024, 8.93161467558, 10.5221567129, -156.189291691, -18.6711945533, -152.186707014
2.48536949787, 9.01921822852, 10.2215089213, -158.355087858, -19.2702103934, -167.916179476
2.5203913384, 9.10657225456, 9.92305293766, -160.454692848, -19.8482002836, -184.147111748
1.9176767104, 8.76757341204, 8.53808432711, -21.3942043214, 7.80980311659, -222.333857475
2.56749345651, 9.26765547604, 9.33685356456, -164.615565747, -20.8198808945, -217.050327161
2.60608935286, 9.35382052788, 9.0414900416, -166.471496578, -21.3140671383, -234.014237821
2.64676516543, 9.43976854778, 8.74835704575, -168.23934778, -21.7715936471, -251.503038401
2.68954377187, 9.52551656626, 8.4574471272, -169.913528601, -22.1878956286, -269.518756468
2.73443354678, 9.61107859312, 8.16875116351, -171.488295987, -22.5582276815, -288.063450844
2.78142639782, 9.69646500477, 7.88225882367, -172.957744537, -22.8776678879, -307.139246691
2.83049575596, 9.78168193924, 7.59795898476, -174.315794523, -23.1411225629, -326.748365818
2.8815944885, 9.86673061629, 7.31584011575, -175.556177728, -23.3433318251, -346.893153553
2.9346526974, 9.95160665078, 7.03589073453, -176.67242153, -23.4788759235, -367.576100706
2.98957548416, 10.0362993233, 6.75809986635, -177.657830573, -23.5421825334, -388.799858172
3.04624062806, 10.1207908137, 6.48245752738, -178.505466034, -23.5275351614, -410.567243586
3.10449621603, 10.2050554148, 6.20895522406, -179.208122466, -23.4290827137, -432.881238045
3.16415825119, 10.2890587158, 5.93758648419, -179.758301924, -23.2408506344, -455.744970247
3.2250082341, 10.3727567545, 5.66834739821, -180.148185163, -22.9567536948, -479.16168629
3.28679074923, 10.4560951604, 5.40123715836, -180.369599877, -22.5706109084, -503.13470352
3.34921108034, 10.5390082697, 5.13625864269, -180.413985769, -22.0761628629, -527.667343701
3.41193286981, 10.6214182339, 4.87341896959, -180.272356295, -21.4670920208, -552.762845328
3.47457587721, 10.7032341227, 4.61273010079, -179.935256987, -20.7370464682, -578.424248975
3.53671384172, 10.7843510269, 4.35420940185, -179.392720209, -19.8796678381, -604.654254921
3.59787250935, 10.8646491667, 4.09788023573, -178.634216326, -18.8886241075, -631.455047475
3.65752786764, 10.9439930272, 3.84377252749, -177.648601274, -17.7576482128, -658.828082727
3.71510463459, 11.0222305147, 3.59192331917, -176.424060516, -16.4805834398, -686.773835323
3.76997506581, 11.0991921681, 3.34237729985, -174.948049614, -15.0514367994, -715.291499363
3.82145815428, 11.1746904206, 3.09518731004, -173.20723162, -13.4644416498, -744.378638453
3.86881928215, 11.2485189514, 2.85041478832, -171.187411744, -11.7141311043, -774.030780141
3.91127044053, 11.3204521293, 2.60813017815, -168.873469849, -9.79542381865, -804.240948483
3.94797109223, 11.3902445919, 2.36841326091, -166.249291685, -7.70372397773, -834.999129368
3.97802980188, 11.4576309791, 2.13135340006, -163.297699949, -5.4350374811, -866.291663021
4.0005067538, 11.5223258599, 1.89704967559, -160.000386692, -2.98610645564, -898.100557505
4.01441730479, 11.5840238939, 1.6656109069, -156.337849004, -0.354564307991, -930.402717583
4.01873671708, 11.6424002723, 1.43715549577, -152.289330404, 2.46088634088, -963.16908362
4.01240624772, 11.6971114908, 1.21181110723, -147.832771028, 5.46027044079, -996.363675982
3.99434076417, 11.7477965115, 0.989714122485, -142.94477033, 8.642109845, -1029.94254074
3.96343809769, 11.7940783857, 0.771008829367, -137.600566837, 12.0031630128, -1063.8525945
3.91859031617, 11.8355664014, 0.555846318235, -131.774040441, 15.5381334331, -1098.03036735
3.85869713914, 11.87185884, 0.344383024379, -125.437743639, 19.2393455259, -1132.40064579
3.78268166951, 11.9025464216, 0.1367788599, -118.562969182, 23.0963876979, -1166.87502071
3.68950865744, 11.9272165221, -0.0668051093445, -111.119862723, 27.0957233276, -1201.35034835
3.57820541674, 11.9454582497, -0.266209519609, -103.077590086, 31.2202718657, -1235.70713885
3.44788553204, 11.9568684575, -0.461280148814, -94.4045697758, 35.4489643635, -1269.80789092
3.29777536598, 11.9610587585, -0.651872009805, -85.0687821773, 39.7562799605, -1303.49540005
3.12724332471, 11.9576635963, -0.83785415006, -75.0381673337, 44.1117730881, -1336.59107441
2.93583167867, 11.9463493874, -1.01911520882, -64.2811232874, 48.4796045124, -1368.89330368
2.72329058506, 11.9268247211, -1.19556976496, -52.7671162742, 52.818093677, -1400.17593555
2.48961374399, 11.8988515441, -1.36716548989, -40.4674125083, 57.0793144007, -1430.18692762
2.2350748605, 11.862257186, -1.53389106863, -27.3559387045, 61.2087610664, -1458.64725517
1.96026382209, 11.8169470091, -1.69578485865, -13.4102741431, 65.1451178801, -1485.25016793
1.66612116077, 11.7629173649, -1.8529440785, 1.38722839347, 68.8201686057, -1509.66090374
1.35396895049, 11.7002683736, -2.00553456236, 17.0482039295, 72.1588894163, -1531.51697884
1.02553614352, 11.6292160492, -2.15380046444, 33.5769387828, 75.0797698905, -1550.42918544
0.682975774556, 11.5501029922, -2.29807392727, 50.9689693171, 77.4954096419, -1565.98343449
0.328871357582, 11.463406873, -2.43878405053, 69.2096620553, 79.3134358704, -1577.74358712
-0.0337703569044, 11.3697457778, -2.57646473653, 88.2728369647, 80.4377821504, -1585.25541119
-0.401543160297, 11.269879406, -2.7117607601, 108.119511528, 80.7703584874, -1588.05179176
-0.770684291118, 11.1647051039, -2.84543142811, 128.696858446, 80.2131267223, -1585.65930013
-1.1371385993, 11.0552477529, -2.97835112446, 149.93748268, 78.6705730174, -1577.60619356
-1.49664527797, 10.942642685, -3.11150607428, 171.759131767, 76.0525401993, -1563.43187053
-1.8448473411, 10.8281110249, -3.24598673378, 194.064954685, 72.277347934, -1542.69774447
-2.17742258132, 10.7129272358, -3.38297535529, 216.74441611, 67.2750893467, -1514.9994235
-2.4902330606, 10.5983790983, -3.52372849703, 239.674952634, 60.9909516935, -1479.979995
-2.77948837078, 10.4857209266, -3.6695545406, 262.724423384, 53.3883697622, -1437.344115
-3.04191613818, 10.3761214321, -3.82178661123, 285.754359092, 44.4517888481, -1386.8724991
-3.27493172053, 10.270608279, -3.9817516821, 308.623952015, 34.18879514, -1328.43630955
-3.47679801807, 10.1700119293, -4.15073702394, 331.194657566, 22.6313711162, -1262.010841
-3.64676600498, 10.0749117923, -4.32995547211, 353.335202547, 9.83605706766, -1187.68783628
-3.78518714031, 9.98558791322, -4.52051125274, 374.926722539, -4.11714938362, -1105.6857216
-3.89359037722, 9.90198134076, -4.72336818804, 395.867691713, -19.1272455734, -1016.35705071
-3.97471893699, 9.82366595675, -4.93932207609, 416.078272437, -35.0760151836, -920.192495408
-4.03252524488, 9.74983382854, -5.1689787691, 435.503708629, -51.8330270229, -817.82082254
-4.07212605039, 9.67929519497, -5.41273910714, 454.116422628, -69.2615856947, -710.004454385
-4.09972337973, 9.61049303808, -5.67079128812, 471.916552615, -87.2252649421, -597.630415806
-4.12250011549, 9.5415309935, -5.94311065705, 488.930782607, -105.594566577, -481.696715875
-4.14850122543, 9.47021221724, -6.22946624532, 505.209460637, -124.253200507, -363.294477097
-4.186512659, 9.3940859146, -6.5294328377, 520.822157471, -143.103484963, -243.586391012
-4.24594954493, 9.31049766748, -6.84240689418, 535.851969718, -162.070424611, -123.782319615
-4.33676362593, 9.21663951178, -7.1676243854, 550.388997564, -181.104134577, -5.11305703277
-4.46937711963, 9.10959596446, -7.50417858177, 564.523511786, -200.180428761, 111.196606427
-4.65464678367, 8.98638282019, -7.85103594918, 578.339354428, -219.299563759, 223.954327231
-4.90385839861, 8.84397646695, -8.20704865557, 591.9080888, -238.483303597, 332.025003856
-5.22874860651, 8.67933253275, -8.57096264465, 605.284330712, -257.770623686, 434.352885373
-5.64154840935, 8.48939381981, -8.94142075353, 618.502565836, -277.21248655, 529.980139219
-6.15504090953, 8.27108851745, -9.31696095838, 631.575605173, -296.866184712, 618.061257056
-6.78262514473, 8.02132050316, -9.69601020432, 644.494671293, -316.789753197, 697.872936379
-7.5383779877, 7.73695416515, -10.0768748834, 657.230962392, -337.036908794, 768.819339633
-8.43710701153, 7.41479644236, -10.4577291632, 669.738423862, -357.652886092, 830.432874503
-9.49438856546, 7.05157882164, -10.8366026606, 681.957379379, -378.671425254, 882.37084945
-10.7265869863, 6.64394180164, -11.2113689237, 693.818638355, -400.113040895, 924.408516861
-12.1508524199, 6.18842398036, -11.5797361985, 705.247702728, -421.984579607, 956.429128242
-13.7850962428, 5.68145741447, -11.9392417349, 716.168735569, -444.279968735, 978.411678744
-15.6479441832, 5.11937037429, -12.2872506796, 726.508018008, -466.981979573, 990.417027167
-17.7586678489, 4.49839821952, -12.6209604146, 736.196698144, -490.064776337, 992.573050553
-20.1370957395, 3.81470267364, -12.9374109106, 745.172715252, -513.497000381, 985.05942576
-22.803504614, 3.06439948902, -13.2335015326, 753.381857447, -537.245140553, 968.092552951
-25.7784914096, 2.24359451812, -13.5060144503, 760.777972679, -561.276962332, 941.911046153
-29.0828251436, 1.34842798628, -13.7516450499, 767.322401943, -585.564802179, 906.76212116
-32.7372767704, 0.37512724798, -13.9670392836, 772.982733857, -610.088574406, 862.889123297
-36.762424198, -0.679932276671, -14.1488393085, 777.730998623, -634.838376313, 810.520362874
-41.1784261043, -1.82015593368, -14.2937350576, 781.5414183, -659.816621347, 749.859358183
-46.0047598234, -3.04864948599, -14.3985272432, 784.387833822, -685.03964937, 681.076546996
-51.2599127368, -4.36812617767, -14.4601980295, 786.240905359, -710.538796076, 604.302475868
-56.9610174338, -5.78080038254, -14.4759935034, 787.065177022, -736.360908074, 519.622488551
-63.1234175271, -7.28826517026, -14.4435187313, 786.816075879, -762.568295426, 427.072916773
-69.7601491488, -8.89135099673, -14.3608471692, 785.436903276, -789.238106134, 326.638809869
-76.8813210725, -10.5899624026, -14.2266469753, 782.85586758, -816.461092116, 218.253271735
-84.4933744472, -12.3828892913, -14.0403262371, 778.983203765, -844.339713385, 101.798533416
-92.5982014739, -14.2675892518, -13.8021997534, 773.708430835, -872.985498637, -22.8910284093
-101.192101635, -16.2399374819, -13.5136795833, 766.897811861, -902.515546243, -156.023628455
-110.264554208, -18.2939413276, -13.1774914446, 758.392107088, -933.048011773, -297.842127455
-119.796788207, -20.4214174836, -12.7979181524, 748.004749636, -964.696387807, -448.612827168
-129.760136058, -22.6116315948, -12.3810700282, 735.520625917, -997.562342738, -608.610238012
-140.114166877, -24.8509027441, -11.9351804489, 720.695714834, -1031.72684946, -778.096837457
-150.804611183, -27.1221796427, -11.47092134, 703.257928302, -1067.23931009, -957.296586792
-161.761113496, -29.4046014409, -11.001729379, 682.909605215, -1104.10437645, -1146.36069124
-172.894885588, -31.6730647993, -10.5441275995, 659.332238402, -1142.26619103, -1345.32378112
-51.3559396146, 0.933947609277, -27.9787670526, -858.389508937, -837.460026509, 2650.02443773
-46.9266420104, 1.73083145519, -29.0028715016, -848.290388395, -805.886139312, 2529.83312412
-42.0923725787, 2.613237555, -30.1011850333, -836.2855762, -776.017972622, 2407.44613512
-36.9045879321, 3.57063890153, -31.2597089093, -822.681907475, -747.80389366, 2284.35507292
-31.4100657104, 4.59333089755, -32.4651968613, -807.744630049, -721.163834268, 2161.75401981
-25.6509948528, 5.67244148851, -33.7053245292, -791.698093208, -695.998843588, 2040.58889466
-19.665245807, 6.79990461209, -34.9687916929, -774.727819597, -672.198676433, 1921.60136238
-13.4867596365, 7.96840765888, -36.2453715255, -756.983389013, -649.647638963, 1805.36725721
-7.14600997307, 9.17132125765, -37.5259193175, -738.581716466, -628.228951989, 1692.32973918
-0.670504294427, 10.4026176632, -38.8023508826, -719.610435028, -607.827895897, 1582.82756454
5.91469858021, 11.6567822746, -40.067598818, -700.131196224, -588.333983641, 1477.11892701
12.5864701107, 12.9287214777, -41.3155528932, -680.182778463, -569.642380168, 1375.40135599
19.3231023575, 14.2136689724, -42.5409892475, -659.783951525, -551.65475426, 1277.82814898
26.1038127621, 15.5070920708, -43.7394918058, -638.936085586, -534.279716442, 1184.52178609
32.9082667931, 16.804598994, -44.9073683189, -617.625521022, -517.432966924, 1095.58473156
39.7161206759, 18.1018479666, -46.0415627195, -595.82573274, -501.037251279, 1011.10797996
46.5065862033, 19.3944588473, -47.1395649351, -573.499333137, -485.022199507, 931.177657223
53.2580200774, 20.677928097, -48.1993190683, -550.599962435, -469.324105571, 855.879940122
59.9475411362, 21.9475480387, -49.2191305809, -527.074116038, -453.885690002, 785.304516807
66.5506801813, 23.1983316072, -50.1975731873, -502.862955982, -438.655876119, 719.54677495
73.0410686274, 24.424944066, -51.1333961767, -477.904148652, -423.589601231, 658.708875924
79.390173766, 25.621643444, -52.0254330541, -452.133763864, -408.647676966, 602.899848506
85.5670900187, 26.7822317578, -52.8725126079, -425.488261287, -393.796707072, 552.234822007
91.5383968287, 27.9000193033, -53.6733737605, -397.90657928, -379.009066693, 506.833506355
97.268094817, 28.967804489, -54.4265858282, -369.332328577, -364.262943369, 466.818024543
102.717632194, 29.9778717374, -55.1304760558, -339.716079187, -349.542437177, 432.310202318
107.846033072, 30.9220098882, -55.7830665272, -309.017713552, -334.83771474, 403.428426136
112.610138079, 31.7915532877, -56.3820226563, -277.208803334, -320.145209683, 380.284187424
116.964965348, 32.5774472623, -56.9246155137, -244.274951673, -305.467859959, 362.97844032
120.864196579, 33.2703389782, -57.4077001419, -210.218028369, -290.815370636, 351.597909261
124.26078825, 33.8606937849, -57.8277117384, -175.058213986, -276.204488918, 346.211488137
127.10770253, 34.3389360025, -58.1806811655, -138.835760738, -261.659276638, 346.866875381
129.35874602, 34.6956118575, -58.4622706612, -101.612375361, -247.211364136, 353.587585861
130.969497592, 34.9215709126, -58.6678298715, -63.4721327815, -232.900168413, 366.370468769
131.898299842, 35.0081609967, -58.7924714943, -24.5218399037, -218.773057882, 385.183842065
132.107282363, 34.9474304442, -58.8311648942, 15.1092130958, -204.885445849, 409.96632641
131.563380139, 34.7323304919, -58.7788451927, 55.2701518033, -191.300795176, 440.626425574
130.239307099, 34.3569100933, -58.6305345115, 95.7900742485, -178.090517483, 477.042859138
128.114444075, 33.8164952919, -58.3814714327, 136.480238259, -165.333751444, 519.065605343
125.175602183, 33.1078456838, -58.0272443392, 177.136817271, -153.11700637, 566.517563988
121.417627248, 32.2292814388, -57.5639241799, 217.544128863, -141.533659263, 619.196699895
116.843818095, 31.1807757623, -56.9881924146, 257.478212071, -130.68329536, 676.878482817
111.466140862, 29.9640095109, -56.2974603436, 296.710609027, -120.670884342, 739.318400123
105.305232367, 28.582386734, -55.4899768054, 335.012196332, -111.605786199, 806.254285952
98.3901969511, 27.0410120723, -54.5649221029, 372.156912985, -103.600582521, 877.408188535
90.7582122961, 25.3466329804, -53.5224870548, 407.925244882, -96.7697308068, 952.487482083
82.4539694631, 23.5075514823, -52.3639370496, 442.107350245, -91.2280411722, 1031.18492562
73.5289799858, 21.5335114793, -51.0916618844, 474.505743801, -87.0889772414, 1113.1773742
64.0407876616, 19.4355683721, -49.7092128455, 504.937497286, -84.4627863013, 1198.1228592
54.052124358, 17.2259478892, -48.2213289239, 533.235957058, -83.454468514, 1285.65577316
43.6300475703, 14.9179005369, -46.6339541719, 559.252022363, -84.1616020001, 1375.37992177
32.8450928248, 12.5255570344, -44.9542479649, 582.855066685, -86.6720505196, 1466.85924081
21.7704667392, 10.0637885725, -43.1905894232, 603.933616813, -91.0615939401, 1559.60602647
10.4812972057, 7.54807388483, -41.3525763551, 622.395925828, -97.3915394904, 1653.06659196
-0.946053444586, 4.99437306118, -39.4510180222, 638.170585288, -105.706393853, 1746.60435389
-12.434617485, 2.41900600266, -37.4979197481, 651.207315485, -116.031702318, 1839.48047818
-23.907408715, -0.161468432572, -35.5064560509, 661.478048057, -128.372190242, 1930.83237859
-35.2879917923, -2.73037798161, -33.4909276525, 668.978370851, -142.710371269, 2019.65058844
-46.5010645255, -5.27107334852, -31.4666967102, 673.729338557, -159.005812205, 2104.75481571
-57.4730856545, -7.76708143569, -29.4500938007, 675.779563755, -177.195259644, 2184.77036384
-68.1329771837, -10.2022801001, -27.4582902841, 675.207392834, -197.193830503, 2258.10655337
-78.4129201823, -12.5610964961, -25.5091304737, 672.122846377, -218.897435326, 2322.93933314
-88.2492455515, -14.828726868, -23.6209200278, 666.668868652, -242.186531599, 2377.20084459
-97.5833958931, -16.9913701045, -21.8121704396, 659.021313712, -266.931176914, 2418.57937363
-106.362902981, -19.0364606356, -20.1013043241, 649.387007895, -292.997167971, 2444.53367843
-114.542290115, -20.9528793042, -18.5063322485, 637.999217983, -320.252805524, 2452.32613398
-122.083775073, -22.7311145765, -17.0445188797, 625.109952709, -348.575534918, 2439.0792598
-128.957625535, -24.3633428819, -15.7320629744, 610.978778921, -377.857409312, 2401.85982797
-135.142014543, -25.8433977155, -14.5838210679, 595.858271071, -408.008067261, 2337.79365922
-140.622249622, -27.1666047228, -13.613106786, 579.976840135, -438.953792273, 2244.21218873
-145.389314166, -28.3294754772, -12.8315946832, 563.520462278, -470.631331389, 2118.82876856
-149.437766489, -29.3292763103, -12.2493477454, 546.615642925, -502.975594901, 1959.93846456
-152.763182763, -30.1635179945, -11.8749708279, 529.316627279, -535.901206626, 1766.63004143
-155.359483073, -30.8294422105, -11.7158693416, 511.600161877, -569.279112546, 1538.99348083
-157.216608478, -31.3236036928, -11.7785671267, 493.370764911, -602.910949226, 1278.3016909
-158.319074869, -31.6416533496, -12.0690151868, 474.478283879, -636.505336374, 987.142284505
-158.645872799, -31.7784093875, -12.5928111097, 454.747488458, -669.6612751, 669.475757226
-158.171987129, -31.7282572381, -13.3552540865, 434.016816398, -701.863945729, 330.6011094
-156.871491193, -31.4858500569, -14.3611855944, 412.180711981, -732.497060097, -22.9808220423
-154.721788888, -31.0470041982, -15.6146090384, 389.228037752, -760.873473865, -383.803234236
-151.708236769, -30.4096202727, -17.1181335577, 365.268559153, -786.28236495, -743.751090632
-147.828189437, -29.5744323654, -18.8723341723, 340.540956206, -808.047698835, -1094.43074284
-143.093556869, -28.5454098954, -20.8751477739, 315.399105799, -825.589905496, -1427.55356397
-150.762907694, -30.1326603774, -23.4558482914, 524.070503047, 64.3970861332, -20661.6397179
-145.804735512, -28.9403826749, -26.0970752485, 532.436761509, 74.3995565292, -20309.7608899
-139.990472278, -27.537765103, -28.9415162995, 539.063619298, 96.9376027467, -19799.0329409
-133.307715014, -25.924918463, -31.9911607182, 545.181648293, 122.088133167, -19148.0025612
-125.7365821, -24.1002017941, -35.2418942316, 551.45044403, 141.585184121, -18370.8968316
-117.281812036, -22.0669802387, -38.688220986, 558.85337639, 149.63339244, -17480.3653997
-107.95275972, -19.8290900662, -42.3279636665, 568.777300086, 143.879651182, -16490.9231779
-97.6855293966, -17.374788408, -46.1683066452, 582.341795363, 126.577316988, -15422.0066118
-86.2303005756, -14.6548206552, -50.2315857378, 599.214042417, 105.66756935, -14299.6496269
-73.0579892765, -11.5661602914, -54.556190294, 616.333303511, 95.233035787, -13155.953956
-57.364840888, -7.9570906543, -59.1859798585, 627.141082849, 114.588584482, -12025.7724639
-38.2569690828, -3.66875229834, -64.1423347294, 621.999889295, 185.227031991, -10940.3913813
-15.1579238288, 1.38091356877, -69.3784776169, 590.360875754, 325.10833355, -9918.70889368
11.7986604388, 7.13259218579, -74.8526912805, 533.062187511, -654.110424202, 7493.6966204
41.4607162996, 13.305086555, -80.209222545, 430.833091691, -397.501430834, 8082.53404732
71.3312419992, 19.3786810654, -85.1807383356, 304.995986071, -153.290381185, 8626.95435234
99.213980312, 24.9228861266, -89.5960097681, 174.01341693, 51.6434928662, 9172.39602997
123.746424341, 29.6921894868, -93.3923763672, 51.944477016, 203.617278867, 9750.30551385
144.480623404, 33.6310776553, -96.6035329734, -53.4368814918, 301.325631143, 10372.8999357
161.668468814, 36.8216849006, -99.3233877447, -140.088680167, 352.237088029, 11034.2427265
175.927037607, 39.4117911957, -101.665312418, -209.830691664, 368.236957711, 11715.2807417
187.935819944, 41.5534615977, -103.730892041, -266.272734206, 361.929760726, 12389.9954679
198.243503694, 43.3662713205, -105.593626198, -313.21874452, 344.181596835, 13030.6571022
207.193408353, 44.9251195885, -107.296168148, -353.760788105, 322.885994581, 13611.3296223
214.936524131, 46.2651507632, -108.85627036, -389.974222514, 302.657466448, 14109.6228498
221.488330397, 47.3944990621, -110.276056266, -422.992844799, 285.102518721, 14507.0975731
226.79067213, 48.307217988, -111.550381015, -453.227149451, 269.377832718, 14788.8393216
230.753856495, 48.9918863628, -112.671891375, -480.53632986, 252.847121029, 14942.6911707
233.270412657, 49.4347047257, -113.632305981, -504.240542413, 231.753671729, 14958.5731239
194.415614646, 42.6584271398, -109.560670567, -233.207389309, 1011.41029687, -4368.45178885
197.723723407, 43.407651025, -110.475315862, -263.501927161, 1003.78847764, -4431.90414971
199.725413424, 43.9198448439, -111.210585833, -292.224982315, 995.015041394, -4477.31894315
200.434075291, 44.2026812388, -111.777457624, -318.895968826, 985.369600672, -4505.31099661
199.8816087, 44.2670278515, -112.187226101, -343.042281064, 975.135512144, -4516.90627687
198.11817606, 44.1267825951, -112.451398606, -364.203566768, 964.583237164, -4513.48014382
195.211730629, 43.798683444, -112.581652718, -381.937728637, 953.954299161, -4496.69705286
191.247271765, 43.3020844392, -112.589847412, -395.82861256, 943.446184306, -4468.45663913
186.325772295, 42.6586877855, -112.488072928, -405.49520943, 933.19860799, -4430.84940838
180.562728371, 41.8922225095, -112.288721081, -410.602109311, 923.281618943, -4386.1236043
174.086296586, 41.0280624098, -112.004555985, -410.870894375, 913.686020794, -4336.66336687
167.035003726, 40.0927793582, -111.648764892, -406.09212876, 904.316558245, -4284.97712747
159.555037909, 39.1136319635, -111.234970139, -396.137589949, 894.988250163, -4233.69433191
151.797154483, 38.1179938151, -110.777185988, -380.972382727, 885.42617034, -4185.56800385
143.913253378, 37.132729679, -110.28970816, -360.666582067, 875.268893255, -4143.48029742
136.052705495, 36.1835319149, -109.786929129, -335.406064318, 864.075755005, -4110.44795797
128.358521534, 35.29423251, -109.283078002, -305.502204687, 851.338043083, -4089.62442651
120.96346642, 34.4861084154, -108.791889814, -271.400132199, 836.494240073, -4084.29509982
113.986224572, 33.7771989936, -108.326214403, -233.685222896, 818.949517475, -4097.86191108
107.527716057, 33.1816545667, -107.897579719, -193.087444189, 798.09981615, -4133.81284227
101.667653215, 32.7091347353, -107.515727482, -150.482989571, 773.361057436, -4195.67113234
96.4614165441, 32.3642755385, -107.18814143, -106.892297697, 744.204280624, -4286.91771526
91.9373264556, 32.1462474063, -106.919590418, -63.4729524202, 710.197740652, -4410.87872741
88.0944070192, 32.0484338507, -106.711711802, -21.5050268537, 671.057106809, -4570.56769151
84.9580067014, 32.1245425145, -106.596727456, 31.1399464134, 333.566092577, 18162.2151643
83.6316184028, 32.516560141, -106.756943794, 80.1989344609, 385.808324665, 17631.4626085
82.6756867657, 32.9614871093, -106.937283759, 125.434525704, 445.726944537, 17079.7599995
81.9302541955, 33.4200678105, -107.113418218, 164.498381731, 510.231689516, 16530.1517071
81.1752319967, 33.8398886578, -107.251222846, 194.450608274, 577.082914853, 15997.1240175
80.1318383283, 34.1581364633, -107.307644361, 212.346368518, 644.393317896, 15488.046856
78.4796668183, 34.3062758976, -107.233273947, 215.606002866, 710.1365181, 15004.6388697
75.8852120806, 34.2163635113, -106.976468335, 202.29643504, 771.759597196, 14544.2923697
64.0371604094, 31.5859171251, -105.008210865, -26.9983558725, 976.397118581, -8996.05773767
56.5492227789, 30.4582339574, -103.909540021, -76.4980626316, 926.834909526, -9117.57284803
49.2347367366, 29.4002033783, -102.820043535, -114.219091667, 880.141831194, -9233.61427217
42.2418535494, 28.4312715913, -101.752565999, -141.584760698, 836.770228852, -9348.22994076
35.6812462404, 27.5650879918, -100.716903997, -159.823580432, 796.701770838, -9465.91932818
29.6348039679, 26.8110227305, -99.720899477, -169.98718167, 759.55717111, -9591.34676445
24.1609325896, 26.1749477067, -98.7709617015, -172.996734877, 724.682955677, -9729.08681228
19.2967099352, 25.659389104, -97.8720936428, -169.705909649, 691.222120876, -9883.38941888
15.0574255237, 25.2631943596, -97.0275191927, -160.971251911, 658.178788743, -10057.9431562
11.4342308007, 24.9808815072, -96.2380240262, -147.722166761, 624.488498386, -10255.6076756
8.39084968189, 24.8018752873, -95.5011513996, -131.022071831, 589.105790424, -10478.0809037
5.86062679386, 24.7098925634, -94.8104309935, -112.109685303, 551.118948278, -10725.4623566
32.3266820974, 30.9047401151, -98.6934339497, 269.384470565, 550.116232312, 11755.4883211
32.6413758392, 31.365609177, -98.5596172449, 298.73333534, 574.713728144, 11130.5916275
32.6217402284, 31.7498981824, -98.3562347125, 323.866659306, 600.691269397, 10538.7335191
32.1725882576, 32.0397768577, -98.0648747607, 344.365704912, 627.658871176, 9984.18127758
31.2026762739, 32.2180920207, -97.6669025485, 359.813705361, 655.515054151, 9468.70490432
29.6312158903, 32.2696882099, -97.1445171019, 369.858989778, 684.309625596, 8992.36078107
27.391237019, 32.1820169547, -96.4813784476, 374.230478809, 714.134857424, 8554.08939127
24.4311598086, 31.945366486, -95.6630150779, 372.730203536, 745.047282077, 8152.15499796
20.7155517724, 31.5529363315, -94.6771586473, 365.217926611, 777.015827106, 7784.45853099
16.2256641247, 31.0008868827, -93.5140929131, 351.595998989, 809.890162657, 7448.75253376
10.9600298673, 30.2884230893, -92.167054996, 331.798106014, 843.383451568, 7142.78229048
4.93518427211, 29.4179238603, -90.6326913519, 305.782978499, 877.064750578, 6864.37204756
-1.81356759177, 28.3951010345, -88.9115465419, 273.532899445, 910.357421902, 6611.47046422
-9.23147289734, 27.2291598346, -87.0085491868, 235.056485422, 942.540824187, 6382.16543402
-55.343855131, 18.6666677252, -79.6469596889, -216.083016753, 663.4877124, -15761.6694225
-60.1963232942, 17.8618801203, -77.7667777652, -243.069677989, 596.72249348, -15618.6922927
-63.4669265121, 17.3302332451, -76.0828773703, -258.390091827, 534.282475673, -15522.5735379
-65.4384747431, 17.0197074595, -74.5655509899, -264.421447817, 476.290859046, -15477.7422948
-66.3640778552, 16.8843670239, -73.1876188763, -263.17941548, 422.281053701, -15485.4067237
-66.4694902485, 16.8836367865, -71.9244432891, -256.418944536, 371.495819247, -15543.324804
-65.9577556357, 16.9812895046, -70.7536257384, -245.7313974, 323.145055144, -15645.3052317
-30.4545165341, 23.3999741036, -73.7928563508, 166.517266062, 698.665939273, 5692.33054833
-31.0048955635, 23.3470239909, -72.5747542527, 183.098962301, 706.7606076, 5194.0398304
-31.7191516757, 23.2471942616, -71.305856416, 197.699628872, 713.555576093, 4726.2874784
-32.586731501, 23.1018557371, -69.9874602177, 210.345859493, 719.123574098, 4287.30284933
-33.5933220401, 22.9130430795, -68.6217412032, 221.082597424, 723.57157505, 3875.00133318
-34.7211163575, 22.6834198726, -67.21171898, 229.976291741, 727.017781045, 3487.15679
-35.9494615714, 22.4161746287, -65.7611692523, 237.113711073, 729.575706806, 3121.52178825
-37.2556548964, 22.1148904504, -64.2745106804, 242.598821863, 731.34415657, 2775.90928994
-38.615750519, 21.7834127395, -62.7566833662, 246.549143312, 732.401732749, 2448.24646182
-40.0053049428, 21.4257272982, -61.2130279197, 249.092330651, 732.804632807, 2136.60875436
-41.4000290975, 21.0458538687, -59.6491693383, 250.363324363, 732.586711723, 1839.24032737
-42.7763391848, 20.6477559648, -58.0709073438, 250.502158818, 731.761023714, 1554.5652759
-44.1118106976, 20.2352658316, -56.484113529, 249.652389813, 730.322268147, 1281.19286181
-45.385545429, 19.812022537, -54.8946353191, 247.96003659, 728.249736759, 1017.91901598
-46.5784625136, 19.3814211649, -53.3082068567, 245.572909936, 725.510490855, 763.725672224
-47.6735235246, 18.9465713777, -51.7303672294, 242.640198137, 722.062593234, 517.778979509
-48.6558996164, 18.5102641008, -50.166386941, 239.312194284, 717.858286287, 279.427059506
-49.5130863913, 18.0749455803, -48.6212038767, 235.740066469, 712.847052161, 48.1977034148
-50.2349700402, 17.6426985075, -47.099370344, 232.075593272, 706.978518058, -176.203797765
-50.8138466418, 17.2152302651, -45.6050128918, 228.470808591, 700.205185207, -393.896643977
-51.2443953667, 16.7938685653, -44.141806608, 225.077522527, 692.484966488, -604.826401971
-51.5236058444, 16.3795648696, -42.7129653329, 222.04670739, 683.783518075, -808.766923925
-51.6506600894, 15.9729059189, -41.3212488371, 219.527760814, 674.076346577, -1005.32254426
-51.6267700498, 15.5741335761, -39.9689874006, 217.667679374, 663.350665742, -1193.93087402
-51.4549730517, 15.1831728982, -38.6581235548, 216.610196513, 651.606966634, -1373.86659412
-51.1398888928, 14.7996680068, -37.3902698346, 216.494954779, 638.860252348, -1544.24674482
-50.6874440699, 14.4230249488, -36.1667808247, 217.456793163, 625.140873313, -1704.03811618
-50.1045702125, 14.0524603132, -34.9888367502, 219.625232157, 610.49488191, -1852.06745049
-49.3988848922, 13.6870543475, -33.8575371753, 223.1242278, 594.983805932, -1987.03529551
-48.5783648603, 13.325806053, -32.7739979559, 228.072243048, 578.683731398, -2107.53439564
-47.6510194954, 12.9676898883, -31.7394555783, 234.582635101, 561.683559086, -2212.0736503
-46.6245742613, 12.611711332, -30.7553712708, 242.764301436, 544.08232048, -2299.1085521
-45.5061698799, 12.2569611153, -29.8235385607, 252.722439537, 525.985441808, -2367.07899327
-44.3020814404, 11.9026677877, -28.9461952719, 264.559186037, 507.499900596, -2414.45503776
-43.0174583272, 11.5482495378, -28.1261440215, 278.373805011, 488.728298733, -2439.79084757
-41.6560830276, 11.1933672154, -27.3668866954, 294.262016057, 469.761999653, -2441.78633807
-40.2201449279, 10.8379814659, -26.6727790417, 312.314011176, 450.673639535, -2419.35532156
-38.7100251439, 10.4824173999, -26.0492104985, 332.610730111, 431.509515167, -2371.69791235
-37.124090976, 10.1274399896, -25.502811219, 355.218071493, 412.28255098, -2298.37387874
-35.4585042668, 9.77434224762, -25.0416826974, 380.178926318, 392.966720435, -2199.37255381
-33.7070565915, 9.42504592895, -24.6756404857, 407.503231426, 373.49389695, -2075.17401638
-31.8610548374, 9.08221119204, -24.4164481834, 437.156628688, 353.754088612, -1926.79572088
-29.9092913259, 8.74934766742, -24.2780124312, 469.048729391, 333.599829634, -1755.81877137
-27.8381404877, 8.43091539516, -24.2765013897, 503.022347143, 312.855142354, -1564.38875827
-25.6318261192, 8.13240098569, -24.4303461527, 538.845288399, 291.328965026, -1355.18755888
-23.2728968806, 7.860353037, -24.7600877988, 576.206296926, 268.832321988, -1131.37468962
-20.7429316691, 7.6223620476, -25.2880432071, 614.71648725, 245.197890559, -896.499482865
-18.0234716101, 7.42697411489, -26.0377800552, 653.917073921, 220.300110082, -654.388218403
-15.0971447441, 7.2835342582, -27.0334132852, 693.293469451, 194.073693252, -409.012969573
-11.948918058, 7.20196338697, -28.2987585822, 732.294998507, 166.528414222, -164.350925869
-8.56738526503, 7.19248133209, -29.8563988217, 770.358703788, 137.758380949, 75.7559858
-4.94598319953, 7.26529550195, -31.726733309, 806.935139752, 107.944605397, 307.73140399
-1.08402858202, 7.43027921184, -33.9270841069, 841.513767988, 77.3504644064, 528.376109997
3.01251876513, 7.69666484557, -36.4709281738, 873.645625564, 46.3104652218, 734.954246051
7.33063241288, 8.07277451398, -39.3673090902, 902.961311979, 15.2134606895, 925.250124008
11.8501650234, 8.56580538667, -42.6204608384, 929.182952376, -15.5180052644, 1097.59434954
16.5441531811, 9.18167939085, -46.2296516823, 952.129530591, -45.4502621369, 1250.86059374
21.3794351041, 9.92495882624, -50.1892328246, 971.715725369, -74.1610158919, 1384.43650179
26.3175073932, 10.7988219405, -54.4888573284, 987.945021458, -101.260042075, 1498.17375853
31.3155313438, 11.8050866548, -59.1138222065, 1000.89833215, -126.406714297, 1592.32317329
36.327396716, 12.9442670637, -64.0454813295, 1010.71962625, -149.323499992, 1667.46083838
41.304760071, 14.2156462977, -69.2616790578, 1017.60010334, -169.805057116, 1724.41106735
46.1979929386, 15.6173505042, -74.737162288, 1021.76233659, -187.723016854, 1764.17107683
50.9569983785, 17.1464116782, -80.4439405722, 1023.44555152, -203.026893158, 1787.84139961
55.5318788964, 18.7988110879, -86.3515774411, 1022.89288685, -215.741795625, 1796.56494664
59.873460733, 20.5694994326, -92.4274093074, 1020.34114251, -225.963735001, 1791.47659023
63.9336967341, 22.4523940203, -98.6366995494, 1016.01320163, -233.853313524, 1773.66419511
67.6659810798, 24.4403567555, -104.942743816, 1010.11304818, -239.628509455, 1744.14123057
71.025413838, 26.5251592361, -111.306947591, 1002.82310458, -243.55712541, 1703.83046696
38.0692690514, 27.8841160948, -106.875923508, -96.1505990872, -1300.10897434, -4564.48793036
33.2898176337, 28.4671872004, -108.197812325, -93.8068469843, -1301.83578286, -4323.87690832
28.050832742, 28.9956711541, -109.296860279, -95.4235475273, -1302.40768318, -4088.55080272
22.3966204581, 29.4657528875, -110.161705817, -100.692743362, -1302.0406903, -3860.37354849
16.3786149715, 29.874682297, -110.785681311, -109.330999268, -1300.8803398, -3640.67578943
10.0551172813, 30.2209413077, -111.167058968, -121.077668987, -1299.0062425, -3430.26718406
3.49076698869, 30.5043647394, -111.30919587, -135.692525423, -1296.43683026, -3229.47248449
-3.24425464941, 30.7262131857, -111.220565852, -152.953350883, -1293.13421338, -3038.18428614
-10.0752795589, 30.8891956355, -110.914666003, -172.653782771, -1289.00893834, -2855.92592813
-16.9244350722, 30.9974410967, -110.409792218, -194.601431303, -1283.9243609, -2681.91888674
-23.7121010449, 31.0564210668, -109.728687533, -218.616046493, -1277.70035211, -2515.15002579
-30.3584704726, 31.0728280666, -108.898078489, -244.52732475, -1270.11614617, -2354.43516781
-36.7851312192, 31.0544187294, -107.948124951, -272.171826243, -1260.91231945, -2198.47654823
-42.9165869464, 31.0098324197, -106.911815972, -301.38843658, -1249.79215112, -2045.91275194
-48.6816487779, 30.9483972362, -105.824345476, -332.011865188, -1236.42293388, -1895.36064179
-54.0146544635, 30.879934705, -104.722497673, -363.863838267, -1220.43814252, -1745.44954651
-58.8565052546, 30.8145716735, -103.644060591, -396.741926853, -1201.44167393, -1594.84855148
-63.1555461044, 30.762563887, -102.627270476, -430.406348672, -1179.01558002, -1442.28813935
-66.8683447349, 30.7341306426, -101.710271117, -464.565584005, -1152.73274405, -1286.57768498
-69.9604414628, 30.7392948928, -100.930554426, -498.86221788, -1122.17572136, -1126.62045465
-72.4071376813, 30.7877192227, -100.324336217, -532.860997877, -1086.96240558, -961.427839314
-74.1943625707, 30.8885262761, -99.9258179375, -566.041580319, -1046.77825441, -790.134588688
-75.3196055877, 31.0500933955, -99.7662953537, -597.798687974, -1001.4135412, -612.016796137
-75.7928333442, 31.2798158265, -99.873100275, -627.4522604, -950.802610779, -426.514263852
-75.6372369105, 31.5838407352, -100.26840068, -654.269494987, -895.060646837, -233.258546639
-74.8895980816, 31.9667843729, -100.967932896, -677.499371322, -834.512347877, -32.1073056044
-73.6000413073, 32.4314551969, -101.979787788, -696.418375533, -769.706557739, 176.815508679
-71.8309685678, 32.9786141706, -103.303409316, -710.383928772, -701.411652306, 393.075700766
-69.6550637344, 33.6068071575, -104.928975426, -718.889898574, -630.588507606, 615.885061642
-67.1523913019, 34.3123014827, -106.837309476, -721.617074708, -558.341013829, 844.063641652
-64.4067755951, 35.0891486919, -109.000412957, -718.471141107, -485.84784255, 1076.01530608
-61.5017928115, 35.9293796224, -111.382625401, -709.601782232, -414.28272184, 1309.7241502
-58.5168011124, 36.8233191426, -113.942321617, -695.399078403, -344.732947655, 1542.77821502
-55.5234467413, 37.7599902418, -116.633971091, -676.466818565, -278.126574837, 1772.42425962
-52.5830116826, 38.7275646291, -119.410329789, -653.576034644, -215.17743723, 1995.65343818
-49.7448288269, 39.71381211, -122.224522405, -627.60510099, -156.354126353, 2209.3133279
-47.0458191945, 40.7065045045, -125.031804487, -599.474481246, -101.87504122, 2410.23777263
-44.5110428701, 41.6937403496, -127.790858872, -570.084346237, -51.7275472555, 2595.38328782
-42.1550339268, 42.6641712659, -130.464562399, -540.261957818, -5.70600882861, 2761.95984716
-39.9836274955, 43.6071263407, -133.020238861, -510.723378256, 36.5384594888, 2907.5448224
-37.9959846715, 44.5126442604, -135.429477469, -482.051346965, 75.4440946498, 3030.17135084
-36.1865651522, 45.3714323528, -137.667635064, -454.688655302, 111.487138748, 3128.38584863
-34.5468686255, 46.1747764078, -139.713152995, -428.944465272, 145.138020565, 3201.27308814
-33.0668440604, 46.9144256342, -141.54681099, -405.009946578, 176.827973909, 3248.45060283
-31.7359358209, 47.5824742446, -143.151016825, -382.979327977, 206.927028419, 3270.03676362
-30.5437879615, 48.1712564692, -144.509200817, -362.872805418, 235.732725511, 3266.59848922
-29.4806604034, 48.6732663215, -145.605353878, -344.658489664, 263.467856229, 3239.08521568
-28.5376247029, 49.0811082943, -146.423722253, -328.271479573, 290.284990614, 3188.75559957
-27.7066071643, 49.3874809023, -146.948653009, -313.629029968, 316.275482404, 3117.10268099
-26.9803381975, 49.5851918191, -147.164572351, -300.641524936, 341.480858243, 3025.7821253
-26.3522537707, 49.6672013988, -147.056073141, -289.21951133, 365.904902899, 2916.54690436
-25.8163810426, 49.6266903363, -146.608087027, -279.277385844, 389.525217478, 2791.19054604
-25.36722808, 49.4571469211, -145.806118571, -270.734488029, 412.303473598, 2651.49998313
-24.9996880418, 49.1524694552, -144.636522311, -263.514373028, 434.19396368, 2499.21814157
-24.7089615993, 48.7070797939, -143.08680762, -257.542967188, 455.150334049, 2336.01574574
-24.4904973395, 48.1160443065, -141.145959581, -252.746188383, 475.130582717, 2163.47137685
-24.3399479571, 47.3751988859, -138.804766702, -249.047473067, 494.100518143, 1983.05857417
-24.2531394381, 46.4812748016, -136.056147856, -246.365515915, 512.035927382, 1796.13868179
-24.2260507401, 45.4320221873, -132.895471387, -244.612409383, 528.923709132, 1603.95817282
-24.2548021148, 44.2263278828, -129.320859298, -243.692275088, 544.762206906, 1407.64929448
-24.3356509738, 42.8643241384, -125.333468681, -243.500408465, 559.560942672, 1208.23303575
-24.4649948136, 41.3474845496, -120.93774194, -243.922910029, 573.339911762, 1006.62360357
-24.6393811698, 39.6787034155, -116.141616456, -244.836748014, 586.128561878, 803.633775564
-24.8555247827, 37.8623547362, -110.956684038, -246.11018312, 597.964546181, 599.980676982
-25.1103321839, 35.9043272174, -105.398290558, -247.603483406, 608.892314321, 396.291683559
-25.4009338118, 33.8120320242, -99.4855668849, -249.169862189, 618.961585837, 193.110291181
-25.7247235311, 31.5943806762, -93.2413837662, -250.656581008, 628.225737415, -9.09809724827
-26.0794051967, 29.2617313199, -86.692225452, -251.906171759, 636.740127462, -209.940426177
-26.4630456132, 26.8258026587, -79.8679795709, -252.757744765, 644.560378099, -409.090173465
-26.8741330208, 24.2995561558, -72.8016443877, -253.048361546, 651.740634267, -606.281306705
-27.3116400063, 21.6970483165, -65.5289578072, -252.614462432, 658.331822301, -801.301813623
-27.7750896019, 19.0332563692, -58.0879566247, -251.293347485, 664.379934669, -993.986584162
-28.2646231974, 16.3238817858, -50.5184776848, -248.924716203, 669.924374283, -1184.20940794
-28.781068822, 13.5851371924, -42.8616156105, -245.352274508, 674.996399712, -1371.87384102
-29.3260083168, 10.8335230558, -35.1591541678, -240.425417141, 679.617722187, -1556.90269654
-29.9018419111, 8.08560097425, -27.4529895169, -234.000988461, 683.799315782, -1739.22591301
-30.511848773, 5.35777041137, -19.7845636023, -225.945114524, 687.540512903, -1918.76657442
-31.1602422507, 2.66605556305, -12.1943254465, -216.135081531, 690.828466864, -2095.42487522
-31.8522187779, 0.025908185073, -4.72123555854, -204.46121137, 693.638070061, -2269.05987101
-32.5939999482, -2.54796850575, 2.59767357468, -190.828650721, 695.932415935, -2439.46892869
-33.3928680558, -5.04177114573, 9.72767223755, -175.158948157, 697.663882311, -2606.36489952
-34.2571967171, -7.44272003672, 16.6366380393, -157.391242905, 698.775885091, -2769.35120759
-35.1964800635, -9.73915411966, 23.2952893645, -137.482834877, 699.205297829, -2927.89528183
-36.2213665518, -11.9205965717, 29.6773496886, -115.408853214, 698.885445137, -3081.30108493
-37.3437067052, -13.977791331, 35.7596477593, -91.1607039918, 697.749446867, -3228.68191743
