0.00170772715402, -0.000936624906944, 0.0429751609059, -0.0233574710598, 1.49609741178e-05, 0.00206584597549
0.00340573250004, -0.00145668087405, 0.0846989667438, -0.0468933877419, 3.58171155349e-05, 0.00421130349203
0.00509947205303, -0.00178201283485, 0.125843466825, -0.0705214885897, 5.9447738372e-05, 0.00655341128614
0.00679114612521, -0.00201059249162, 0.166700948964, -0.0942013857871, 8.42555597526e-05, 0.00919588870368
0.00848174197451, -0.0021852710625, 0.207398183071, -0.117914264533, 0.000109496768558, 0.0122358637718
0.0101717522534, -0.00232420266439, 0.24798852919, -0.141651318803, 0.000134849653857, 0.0157666334308
0.0118614571941, -0.00243444780264, 0.288492536035, -0.165408421008, 0.000160194059553, 0.019878850128
0.0135510432913, -0.00251808090651, 0.328916040657, -0.189183710449, 0.000185507364365, 0.024661042813
0.0152406550719, -0.00257493728744, 0.369258280012, -0.212976520205, 0.000210817303608, 0.0301998463703
0.0169304180885, -0.00260384977188, 0.409515535394, -0.236786911759, 0.000236181227681, 0.036580100749
0.018620449221, -0.00260320583496, 0.449682772199, -0.26061548417, 0.000261677387402, 0.0438848908252
0.0203108613136, -0.00257119888255, 0.489754378686, -0.284463306793, 0.000287401617972, 0.0521955586024
0.022001765268, -0.00250594183584, 0.529724499493, -0.308331907329, 0.000313466404291, 0.0615917018203
0.0236932709908, -0.00240551871632, 0.569587186825, -0.332223284387, 0.000340000963147, 0.072151165221
0.0253854878239, -0.00226800831284, 0.609336469597, -0.356139930687, 0.000367151720432, 0.0839500271849
0.0270785247411, -0.00209149527608, 0.648966385649, -0.380084860642, 0.000395082897534, 0.097062582879
0.0287724904379, -0.00187407554926, 0.688470997331, -0.404061639462, 0.00042397707286, 0.11156132436
0.0304674933731, -0.00161385924653, 0.727844399623, -0.428074412539, 0.000454035650712, 0.127516917761
0.0321636417882, -0.00130897237924, 0.767080724862, -0.452127934491, 0.000485479197533, 0.14499817754
0.0338610437145, -0.000957558060546, 0.806174145961, -0.476227597642, 0.000518547622705, 0.164072037716
0.0355598069768, -0.000557777471975, 0.84511887894, -0.500379459764, 0.000553500180147, 0.184803519991
0.0372600391919, -0.000107810719882, 0.883909185138, -0.524590271056, 0.000590615274394, 0.207255698679
0.038961847767, 0.000394142361683, 0.922539373284, -0.548867500304, 0.000630190050973, 0.231489662307
0.0406653398948, 0.000949861435359, 0.961003801499, -0.573219360194, 0.00067253975253, 0.257564471788
0.0423706225491, 0.0015611049017, 0.999296879264, -0.597654831772, 0.000717996820306, 0.285537115102
0.044077802478, 0.00222960915173, 1.03741306936, -0.622183688017, 0.000766909721605, 0.315462458367
0.0457869861959, 0.00295708782876, 1.07534688982, -0.646816516521, 0.000819641479339, 0.347393193185
0.0474982799754, 0.00374523109944, 1.11309291582, -0.671564741238, 0.000876567882825, 0.381379780247
0.0492117898364, 0.00459570493355, 1.15064578162, -0.696440643303, 0.000938075355437, 0.417470389061
0.0509276215353, 0.0055101503928, 1.18800018245, -0.721457380863, 0.00100455845863, 0.455710833782
0.0526458805521, 0.00649018292874, 1.22515087641, -0.746629007939, 0.00107641700061, 0.496144505014
0.0543666720763, 0.00753739169101, 1.26209268636, -0.771970492246, 0.00115405273344, 0.538812297609
0.0560901009902, 0.00865333884501, 1.29882050178, -0.797497731977, 0.00123786560547, 0.583752534294
0.057816271853, 0.00983955890074, 1.33532928063, -0.823227571498, 0.00132824954916, 0.631000885223
0.0595452888802, 0.0110975580524, 1.37161405121, -0.849177815927, 0.00142558777472, 0.680590283264
0.0612772559228, 0.0124288135298, 1.40766991399, -0.875367244566, 0.00153024754681, 0.732550835097
0.0630122764445, 0.0138347729616, 1.44349204343, -0.901815623141, 0.00164257441548, 0.786909728003
0.0647504534956, 0.015316853751, 1.47907568981, -0.92854371481, 0.0017628858799, 0.843691132405
0.066491889686, 0.0168764424652, 1.51441618097, -0.955573289907, 0.00189146446018, 0.902916100069
0.0682366871544, 0.0185148942374, 1.54950892417, -0.982927134355, 0.00202855014998, 0.964602457994
0.0699849475356, 0.0202335321834, 1.58434940778, -1.01062905673, 0.00217433223222, 1.028764698
0.0717367719252, 0.0220336468337, 1.61893320302, -1.03870389389, 0.00232894043483, 1.09541386196
0.0734922608408, 0.0239164955793, 1.65325596577, -1.06717751516, 0.00249243540862, 1.16455742278
0.0752515141812, 0.0258833021351, 1.68731343816, -1.09607682499, 0.00266479850741, 1.23619916104
0.0770146311816, 0.0279352560185, 1.72110145034, -1.125429764, 0.00284592086014, 1.31033903745
0.0787817103666, 0.0300735120459, 1.75461592208, -1.1552653084, 0.00303559171757, 1.3869730611
0.0805528494998, 0.0322991898475, 1.78785286445, -1.18561346775, 0.00323348606683, 1.46609315349
0.0823281455304, 0.0346133733992, 1.82080838137, -1.21650528088, 0.00343915150855, 1.54768700862
0.0841076945374, 0.0370171105759, 1.85347867128, -1.24797281, 0.00365199439428, 1.63173794898
0.0858915916706, 0.0395114127234, 1.88586002859, -1.2800491329, 0.00387126522424, 1.71822477769
0.0876799310899, 0.0420972542515, 1.91794884528, -1.31276833314, 0.00409604331273, 1.80712162685
0.0894728059019, 0.0447755722501, 1.94974161234, -1.34616548823, 0.00432522073847, 1.8983978023
0.0912703080963, 0.0475472661263, 1.98123492126, -1.38027665555, 0.00455748558906, 1.99201762478
0.0930725284798, 0.0504131972667, 2.01242546542, -1.41513885623, 0.00479130452374, 2.08794026783
0.094879556612, 0.0533741887232, 2.04331004146, -1.4507900565, 0.005024904695, 2.1861195926
0.09669148074, 0.056431024926, 2.07388555065, -1.48726914682, 0.00525625505047, 2.28650397956
0.0985083877369, 0.0595844514213, 2.10414900015, -1.52461591843, 0.0054830470721, 2.38903615774
0.100330363043, 0.0628351746395, 2.13409750427, -1.56287103736, 0.00570267499991, 2.4936530314
0.102157490611, 0.0661838616907, 2.16372828567, -1.60207601574, 0.00591221560046, 2.60028550459
0.103989852861, 0.0696311401918, 2.19303867647, -1.64227318039, 0.00610840755093, 2.70885830396
0.105827530639, 0.0731775981249, 2.22202611939, -1.68350563855, 0.00628763052498, 2.81928979997
0.10767060319, 0.0768237837295, 2.25068816873, -1.72581724063, 0.00644588405885, 2.93149182711
0.109519148148, 0.0805702054295, 2.27902249136, -1.76925253997, 0.0065787663096, 3.04536950349
0.111373241534, 0.0844173317962, 2.30702686761, -1.81385674941, 0.00668145281018, 3.16082104999
0.113232957779, 0.0883655915493, 2.33469919213, -1.85967569475, 0.00674867534504, 3.27773760988
0.115098369774, 0.0924153735982, 2.36203747461, -1.90675576478, 0.00677470108619, 3.39600306907
0.11696954894, 0.0965670271246, 2.3890398405, -1.95514385799, 0.00675331213053, 3.51549387776
0.118846565334, 0.100820861708, 2.41570453156, -2.0048873258, 0.0066777856032, 3.6360788739
0.120729487793, 0.105177147498, 2.44202990644, -2.05603391227, 0.00654087449435, 3.75761910931
0.122618384112, 0.109636115432, 2.46801444108, -2.10863169009, 0.00633478942003, 3.87996767891
0.124513321283, 0.114197957503, 2.49365672904, -2.16272899308, 0.00605118149903, 4.00296955386
0.126414365771, 0.118862827081, 2.51895548174, -2.21837434474, 0.00568112655962, 4.12646141943
0.128321583859, 0.123630839283, 2.5439095286, -2.27561638321, 0.00521511089877, 4.25027151822
0.130235042061, 0.128502071406, 2.56851781708, -2.33450378231, 0.00464301882721, 4.37421949958
0.132154807597, 0.133476563413, 2.59277941258, -2.39508516874, 0.00395412224971, 4.49811627623
0.13408094896, 0.138554318477, 2.61669349827, -2.45740903552, 0.003137072538, 4.62176388866
0.136013536563, 0.143735303599, 2.64025937472, -2.52152365144, 0.00217989496019, 4.74495537843
0.137952643482, 0.149019450276, 2.66347645955, -2.58747696685, 0.00106998594829, 4.86747467119
0.139898346306, 0.154406655247, 2.68634428677, -2.65531651547, -0.000205886508825, 4.98909647039
0.141850726093, 0.159896781303, 2.70886250612, -2.7250893126, -0.00166157905435, 5.10958616253
0.143809869446, 0.165489658169, 2.73103088227, -2.79684174953, -0.00331156544449, 5.22869973501
0.145775869719, 0.171185083462, 2.75284929376, -2.87061948446, -0.00517092500801, 5.34618370733
0.147748828351, 0.176982823718, 2.77431773195, -2.94646732982, -0.00725532679058, 5.46177507677
0.149728856342, 0.1828826155, 2.79543629971, -3.02442913631, -0.00958100906603, 5.57520127937
0.15171607588, 0.188884166584, 2.81620521003, -3.10454767371, -0.0121647539366, 5.68618016692
0.153710622117, 0.194987157218, 2.83662478443, -3.18686450858, -0.0150238566973, 5.79442000106
0.155712645104, 0.201191241466, 2.85669545125, -3.2714198792, -0.018176089705, 5.899619465
0.157722311889, 0.207496048627, 2.87641774377, -3.35825256777, -0.021639660449, 6.00146769373
0.159739808775, 0.21390118474, 2.89579229815, -3.44739977027, -0.0254331635774, 6.09964432335
0.16176534375, 0.220406234162, 2.91481985128, -3.53889696413, -0.0295755266185, 6.19381955979
0.16379914908, 0.22701076122, 2.93350123839, -3.63277777399, -0.0340859491752, 6.28365426776
0.165841484055, 0.233714311952, 2.95183739058, -3.7290738359, -0.038983835383, 6.36880007989
0.167892637915, 0.240516415907, 2.96982933211, -3.82781466017, -0.0442887194465, 6.44889952635
0.169952932898, 0.247416588024, 2.98747817768, -3.92902749329, -0.0500201841132, 6.52358618508
0.172022727453, 0.254414330575, 3.00478512937, -4.03273717913, -0.0561977719565, 6.59248485219
0.174102419568, 0.261509135164, 3.02175147361, -4.13896601989, -0.062840889371, 6.65521173264
0.176192450212, 0.268700484791, 3.03837857794, -4.24773363698, -0.0699687032525, 6.71137465031
0.178293306875, 0.275987855957, 3.0546678876, -4.35905683229, -0.0776000303356, 6.76057327695
0.180405527169, 0.283370720809, 3.07062092208, -4.47294945016, -0.0857532192253, 6.80239937918
0.18252970248, 0.290848549326, 3.08623927151, -4.58942224026, -0.0944460251879, 6.83643708219
0.184666481617, 0.298420811512, 3.10152459292, -4.70848272185, -0.103695477836, 6.86226314885
0.186816574452, 0.306086979611, 3.11647860647, -4.83013504962, -0.113517741848, 6.87944727292
0.188980755484, 0.313846530311, 3.13110309151, -4.95437988129, -0.123927970939, 6.88755238426
0.19115986729, 0.321698946935, 3.1453998827, -5.08121424737, -0.134940155341, 6.88613496407
0.193354823819, 0.329643721598, 3.15937086591, -5.21063142311, -0.146566963073, 6.87474536799
0.195566613473, 0.337680357314, 3.17301797418, -5.34262080287, -0.158819575335, 6.8529281546
0.1977963019, 0.345808370034, 3.1863431837, -5.47716777697, -0.171707516434, 6.82022241653
0.200045034455, 0.354027290595, 3.19934850961, -5.61425361098, -0.185238478609, 6.77616211177
0.202314038243, 0.362336666564, 3.212036002, -5.7538553276, -0.199418142225, 6.72027639128
0.204604623672, 0.370736063946, 3.22440774179, -5.89594559082, -0.214249991851, 6.6520899209
0.206918185445, 0.379225068735, 3.23646583677, -6.0404925923, -0.229735128655, 6.57112319347
0.209256202891, 0.387803288279, 3.24821241763, -6.18745993967, -0.245872079712, 6.47689282839
0.211620239556, 0.396470352452, 3.25964963409, -6.3368065464, -0.262656604737, 6.36891185457
0.214011941961, 0.405225914566, 3.27077965117, -6.48848652278, -0.280081500811, 6.24668997489
0.21643303742, 0.41406965203, 3.2816046456, -6.64244906752, -0.298136405687, 6.10973380723
0.218885330831, 0.423001266706, 3.29212680231, -6.79863835921, -0.31680760024, 5.95754710022
0.221370700329, 0.432020484934, 3.30234831123, -6.95699344707, -0.336077810633, 5.78963092074
0.223891091667, 0.441127057189, 3.31227136417, -7.11744813992, -0.355926010917, 5.605483809
0.225808768377, 0.449894630601, 3.32080944849, -7.13884234424, -0.3481162078, 5.38314995152
0.228376261834, 0.459162286077, 3.33014630206, -7.30345790998, -0.368936088695, 5.16609962436
0.230982351187, 0.468516106605, 3.3391877921, -7.46992940656, -0.390250155833, 4.93208538654
0.233629116352, 0.477955875153, 3.34793614915, -7.63816875434, -0.41202174948, 4.68058234814
0.236318660124, 0.487481391719, 3.35639359627, -7.80808228294, -0.434209645109, 4.41106359167
0.239053093671, 0.497092470312, 3.36456234744, -7.97957057893, -0.45676787279, 4.12300014083
0.241834520069, 0.506788935317, 3.37244460626, -8.15252832347, -0.479645540678, 3.81586089414
0.244665015825, 0.516570617256, 3.38004256525, -8.32684411799, -0.502786663241, 3.48911252832
0.247546610313, 0.526437347872, 3.38735840536, -8.50240029572, -0.526129995066, 3.14221937476
0.250481263011, 0.536388954523, 3.3943942961, -8.67907271725, -0.54960887099, 2.77464327406
0.253470838495, 0.546425253846, 3.40115239596, -8.85673054782, -0.573151053523, 2.38584341589
0.256517079123, 0.55654604466, 3.40763485349, -9.03523601385, -0.596678588684, 1.9752761723
0.259621575339, 0.566751100075, 3.41384380871, -9.21444413632, -0.620107671398, 1.54239493426
0.26278573359, 0.577040158791, 3.4197813952, -9.39420243825, -0.643348522033, 1.08664996401
0.266010741824, 0.587412915545, 3.4254497426, -9.57435062341, -0.666305275727, 0.607488277718
0.269297532573, 0.597869010706, 3.43085097975, -9.75472022328, -0.688875886636, 0.104353574199
0.272646743654, 0.608408018975, 3.4359872384, -9.93513420905, -0.710952049499, -0.423313769502
0.276058676523, 0.619029437209, 3.44086065737, -10.1154065653, -0.73241914152, -0.97607661483
0.279533252401, 0.629732671332, 3.44547338747, -10.2953418223, -0.753156187988, -1.55450086381
0.283069966242, 0.640517022359, 3.44982759687, -10.4747345425, -0.773035855826, -2.15915511873
0.286667838752, 0.651381671525, 3.45392547711, -10.6533687589, -0.791924479933, -2.7906101662
0.290325366619, 0.662325664553, 3.45776924963, -10.8310173601, -0.809682128146, -3.44943824893
0.294040471254, 0.673347895067, 3.46136117295, -11.0074414207, -0.826162711586, -4.13621208425
0.29781044632, 0.684447087235, 3.46470355025, -11.1823894703, -0.841214148385, -4.85150358361
0.301631904474, 0.695621777656, 3.46779873756, -11.3555967019, -0.854678590035, -5.59588222207
0.305500723756, 0.706870296607, 3.47064915235, -11.5267841136, -0.866392721139, -6.36991300221
0.309411994197, 0.718190748737, 3.47325728253, -11.6956575835, -0.876188144958, -7.17415395069
0.313359965289, 0.729580993329, 3.47562569579, -11.8619068752, -0.883891868936, -8.00915308006
0.317337995091, 0.741038624308, 3.47775704919, -12.0252045751, -0.889326906417, -8.87544474308
0.321338501845, 0.752560950168, 3.47965409887, -12.1852049618, -0.892313012872, -9.77354530058
0.325352919149, 0.764144974061, 3.48131970977, -12.3415428108, -0.89266757718, -10.7039480182
0.329371655866, 0.775787374334, 3.48275686527, -12.4938321412, -0.89020669084, -11.6671171018
0.333384062114, 0.787484485824, 3.48396867637, -12.6416649123, -0.884746420399, -12.6634807778
0.337378402878, 0.799232282336, 3.4849583905, -12.7846096826, -0.876104310554, -13.6934233185
0.341341840976, 0.811026360722, 3.48572939933, -12.9222102494, -0.864101147541, -14.757275913
0.345260431292, 0.822861927123, 3.48628524565, -13.0539842899, -0.848563014108, -15.8553062804
0.349119128431, 0.834733785963, 3.48662962867, -13.1794220335, -0.829323668582, -16.9877069261
0.352901810101, 0.846636332385, 3.48676640753, -13.2979850027, -0.806227280884, -18.1545819468
0.356591318758, 0.858563548907, 3.48669960242, -13.4091048654, -0.779131557557, -19.3559322952
0.360169524175, 0.870509007157, 3.4864333929, -13.5121824555, -0.747911285691, -20.591639434
0.363617409707, 0.882465875614, 3.48597211275, -13.6065870253, -0.712462321327, -21.861447325
0.366915185073, 0.894426934373, 3.48532024074, -13.6916558074, -0.672706041367, -23.164942725
0.370042428398, 0.906384597969, 3.48448238659, -13.7666939748, -0.628594268279, -24.5015337994
0.372978260076, 0.918330947356, 3.48346327138, -13.8309750981, -0.580114663766, -25.8704271031
0.375701550662, 0.930257772077, 3.48226770162, -13.8837422143, -0.527296570089, -27.2706030386
0.378191164405, 0.942156623622, 3.48090053613, -13.9242096268, -0.470217255689, -28.7007899663
0.380426239266, 0.954018880808, 3.47936664506, -13.9515655655, -0.409008494622, -30.1594372214
0.382386503088, 0.965835827817, 3.4776708602, -13.9649758397, -0.343863376742, -31.6446873894
0.384052624249, 0.977598745182, 3.47581791612, -13.9635886113, -0.275043208137, -33.1543482931
0.385406593199, 0.989299013555, 3.47381238156, -13.9465404074, -0.20288431872, -34.6858652719
0.386432129343, 1.0009282296, 3.4716585811, -13.9129634686, -0.12780454883, -36.2362944574
0.387115105117, 1.0124783326, 3.46936050717, -13.8619944993, -0.0503091391878, -37.8022778919
0.387443976475, 1.02394173947, 3.46692172312, -13.7927848372, 0.0290042966826, -39.380021479
0.387410206118, 1.03531148525, 3.46434525838, -13.7045120002, 0.109442078833, -40.9652768902
0.387008662958, 1.04658136465, 3.46163349762, -13.5963924887, 0.19021243732, -42.5533286819
0.386237978667, 1.05774606976, 3.45878806619, -13.4676956303, 0.270425564043, -44.1389879821
0.385100840067, 1.06880131751, 3.45580971507, -13.3177581476, 0.34909613706, -45.7165941756
0.383604194789, 1.0797439602, 3.45269820899, -13.1459990158, 0.425148677259, -47.2800260461
0.381759347448, 1.09057207122, 3.44945222226, -12.9519340611, 0.497426025193, -48.8227237906
0.379581924867, 1.10128499846, 3.44606924691, -12.735189645, 0.56470111454, -50.3377232141
0.377091691806, 1.11188337755, 3.44254551841, -12.4955146924, 0.625692066233, -51.8177032091
0.374312203436, 1.12236909848, 3.43887596387, -12.232790269, 0.679080435996, -53.2550473241
0.371270287297, 1.13274521991, 3.43505417726, -11.9470359099, 0.723532224844, -54.6419198232
0.367995355577, 1.14301582819, 3.43107242557, -11.6384119579, 0.757721019984, -55.9703561328
0.364518557559, 1.15318584012, 3.42692168855, -11.3072173003, 0.7803523911, -57.2323669738
0.360871791554, 1.16326075191, 3.42259173308, -10.9538820978, 0.790188448168, -58.42005481
0.357086604414, 1.17324633983, 3.41807122183, -10.5789553753, 0.786071298784, -59.5257405316
0.353193014036, 1.18314832117, 3.41334785364, -10.1830876835, 0.76694405321, -60.5420975823
0.349218295099, 1.19297198712, 3.40840853156, -9.76700941111, 0.731868038027, -61.4622900778
0.345185769854, 1.20272182095, 3.40323955279, -9.33150570248, 0.680035011004, -62.2801109003
0.341113643804, 1.21240111615, 3.39782681368, -8.87738927985, 0.610773425309, -62.9901153547
0.337013920424, 1.22201160919, 3.3921560224, -8.40547272724, 0.523548160367, -63.5877457705
0.332891420309, 1.23155314018, 3.38621291174, -7.91654194463, 0.41795359379, -64.0694424864
0.328742919083, 1.2410233524, 3.37998344549, -7.41133248399, 0.293700393283, -64.4327369635
0.324556406424, 1.25041743831, 3.37345401266, -6.89051032652, 0.15059690832, -64.6763233545
0.32031045688, 1.25972793598, 3.36661160576, -6.3546583568, -0.0114735162912, -64.8001056741
0.315973693254, 1.26894457549, 3.35944398138, -5.80426935924, -0.192577650868, -64.8052187311
0.311504316134, 1.27805417146, 3.3519398028, -5.23974584745, -0.39275807963, -64.6940221247
0.30684966935, 1.28704055428, 3.34408876685, -4.66140649302, -0.612057643389, -64.4700677975
0.301945810952, 1.29588453074, 3.33588171819, -4.06949840422, -0.850540946985, -64.1380427936
0.296717062345, 1.30456386328, 3.32731075555, -3.46421407351, -1.10831157067, -63.7036899082
0.291075513936, 1.31305325709, 3.31836933479, -2.84571150768, -1.38552405722, -63.173709769
0.284920473026, 1.32132434561, 3.30905237383, -2.2141359025, -1.68239024193, -62.555648512
0.278137847882, 1.32934566612, 3.29935636363, -1.56964123121, -1.99917999513, -61.8577755756
0.270599469894, 1.33708262028, 3.28927948875, -0.912410268818, -2.33621690392, -61.0889562359
0.262162362882, 1.34449741672, 3.27882175958, -0.242671844957, -2.69386979002, -60.2585233614
0.252667974317, 1.35154899554, 3.26798515692, 0.439285534423, -3.07254121527, -59.376152512
0.241941387331, 1.35819293735, 3.256773788, 1.13310417278, -3.47265425616, -58.4517439951
0.229790534911, 1.36438136133, 3.2451940518, 1.83835187551, -3.89463883577, -57.4953148669
0.216005438668, 1.37006281874, 3.23325481007, 2.55452061107, -4.33891880451, -56.5169031881
0.200357494485, 1.37518218912, 3.22096755939, 3.28102862908, -4.80590078408, -55.526486161
0.182598826636, 1.37968058733, 3.20834659897, 4.01722532723, -5.29596556042, -54.5339131104
0.162461730896, 1.38349529001, 3.19540918806, 4.76239804248, -5.8094625608, -53.5488536847
0.139658226282, 1.3865596895, 3.18217568653, 5.51577989993, -6.34670770135, -52.5807611317
0.113879734873, 1.38880328402, 3.16866967208, 6.2765578726, -6.90798466368, -51.6388500856
0.0847969097291, 1.390151712, 3.15491802703, 7.04388027455, -7.49354946586, -50.7320879644
0.0520596329587, 1.39052683925, 3.14095098774, 7.8168630084, -8.10363804027, -49.8691988411
0.0152972087607, 1.38984690697, 3.12680214844, 8.59459400703, -8.73847641658, -49.0586784782
-0.0258812173436, 1.38802675104, 3.11250841338, 9.37613542533, -9.39829303793, -48.30881912
-0.071885977167, 1.38497810155, 3.09810988614, 10.1605232591, -10.0833326873, -47.6277425731
-0.123145889904, 1.38060997538, 3.08364968811, 10.9467641645, -10.7938714834, -47.0234400972
-0.180106907338, 1.37482917499, 3.0691736946, 11.7338293415, -11.5302323914, -46.5038176086
-0.243230324865, 1.36754090982, 3.05473017587, 12.5206454174, -12.2928006869, -46.0767446919
-0.312990474013, 1.35864955883, 3.0403693287, 13.3060823207, -13.082038793, -45.750105882
-0.389871795086, 1.34805959642, 3.02614268173, 14.0889381883, -13.8984998851, -45.5318526103
-0.474365169533, 1.33567670713, 3.01210235549, 14.867921392, -14.7428395985, -45.4300540768
-0.566963371007, 1.32140911788, 2.99830015574, 15.6416298229, -15.6158250971, -45.4529451052
-0.668155472642, 1.3051691804, 2.98478647615, 16.4085276347, -16.5183406434, -45.6089687337
-0.77842002685, 1.28687523907, 2.97160898471, 17.1669197418, -17.4513886552, -45.9068108612
-0.898216815057, 1.26645382159, 2.95881106656, 17.9149244915, -18.416085043, -46.3554236883
-1.02797695112, 1.24384218999, 2.94642999653, 18.6504451174, -19.4136473857, -46.9640339263
-1.16809111799, 1.21899128725, 2.93449481608, 19.3711408322, -20.4453742352, -47.7421307638
-1.31889572917, 1.19186910761, 2.92302389474, 20.0743987605, -21.5126135453, -48.6994273506
-1.48065684267, 1.16246450617, 2.91202216536, 20.7573083657, -22.6167179217, -49.8457880418
-1.65355172826, 1.13079144137, 2.90147803776, 21.4166406041, -23.7589841127, -51.191111823
-1.70490766787, 1.13172538898, 2.87349927071, 20.5582510952, -24.5964441393, -48.5410873852
-1.75183430988, 1.13345622043, 2.84449639921, 19.7099607068, -25.4023302786, -46.0112542611
-1.79392668246, 1.13606945799, 2.81439521417, 18.8736751306, -26.1783482512, -43.603808126
-1.83083127039, 1.13964009689, 2.78313550526, 18.0509932231, -26.9261521449, -41.3194530531
-1.8622413361, 1.14423342778, 2.7506703084, 17.2432485931, -27.6473159791, -39.1576990333
-1.88789233096, 1.14990586927, 2.71696498387, 16.4515504999, -28.3433148227, -37.1171101386
-1.90755757676, 1.15670577388, 2.68199619218, 15.6768226803, -29.0155134991, -35.1955087762
-1.9210443364, 1.16467418154, 2.64575082065, 14.9198392912, -29.6651611381, -33.390141519
-1.92819034637, 1.1738455028, 2.60822490134, 14.1812575748, -30.2933900901, -31.6978117798
-1.92886085067, 1.18424812046, 2.56942255045, 13.4616471398, -30.901217986, -30.1149842153
-1.92294615209, 1.19590490274, 2.52935495164, 12.7615159435, -31.4895519696, -28.6378652883
-1.91035968198, 1.20883362422, 2.48803939874, 12.0813331651, -32.0591943498, -27.2624639323
-1.89103657962, 1.22304729319, 2.4454984095, 11.4215492135, -32.6108491041, -25.9846357833
-1.86493276686, 1.23855438526, 2.40175891769, 10.782613128, -33.1451288205, -24.8001139972
-1.83202450006, 1.25535898425, 2.35685154937, 10.1649876069, -33.6625617874, -23.7045292656
-1.79230837939, 1.27346083222, 2.31080998665, 9.56916187419, -34.1635990387, -22.6934212857
-1.74580179319, 1.29285529107, 2.26367042172, 8.99566254106, -34.6486212382, -21.7622436285
-1.69254377311, 1.31353321917, 2.21547110265, 8.44506257862, -35.1179453438, -20.9063636883
-1.63259623197, 1.3354807672, 2.16625197207, 7.91798846258, -35.5718310338, -20.1210591715
-1.56604555179, 1.35867909881, 2.11605439888, 7.4151255066, -36.0104869099, -19.4015123966
-1.49300448316, 1.38310404288, 2.0649210027, 6.93722135795, -36.4340765111, -18.7428035207
-1.4136143094, 1.40872568632, 2.01289556965, 6.48508759408, -36.8427241881, -18.1399036722
-1.32804721938, 1.43550791808, 1.96002305704, 6.0595993328, -37.2365208952, -17.5876688501
-1.23650882255, 1.46340793738, 1.90634968328, 5.66169275352, -37.6155299619, -17.0808353438
-1.13924072773, 1.49237574187, 1.85192309745, 5.29236042494, -37.9797929052, -16.6140173192
-1.03652309554, 1.52235361361, 1.7967926214, 4.95264434575, -38.3293353424, -16.1817071169
-0.928677062467, 1.5532756235, 1.74100955487, 4.6436266322, -38.6641730572, -15.7782786908
-0.816066924388, 1.58506717678, 1.68462753221, 4.36641782887, -38.9843182668, -15.3979945034
-0.69910195904, 1.61764462405, 1.6277029167, 4.12214287719, -39.2897861268, -15.035016063
-0.578237762462, 1.65091496303, 1.57029521656, 3.91192484883, -39.5806014974, -14.6834181538
-0.453976974212, 1.68477565681, 1.51246750482, 3.73686663484, -39.8568059863, -14.3372066656
-0.326869271682, 1.71911459281, 1.45428682365, 3.5980308741, -40.118465263, -13.9903397903
-0.197510525662, 1.75381020467, 1.39582455299, 3.49641849874, -40.3656766271, -13.6367522044
-0.0665410280696, 1.78873177558, 1.33715672312, 3.43294636596, -40.5985767955, -13.2703817356
0.0653572717724, 1.82373993658, 1.27836425163, 3.40842452605, -40.8173498534, -12.8851978936
0.197464554136, 1.85868736702, 1.21953308673, 3.42353373915, -41.0222352993, -12.4752315672
0.329027934275, 1.89341969752, 1.16075424154, 3.47880389095, -41.2135360944, -12.0346051416
0.459267241374, 1.92777660761, 1.10212370703, 3.5745939652, -41.3916266119, -11.5575622825
0.587381685449, 1.9615931029, 1.0437422356, 3.71107420346, -41.5569603634, -11.0384966771
0.712557287631, 1.99470094858, 0.985714991256, 3.88821102073, -41.7100773697, -10.4719791131
0.83397491488, 2.02693023002, 0.928151067076, 4.10575514959, -41.851611029, -9.85278241323
0.950818732974, 2.05811100579, 0.871162874662, 4.36323336167, -41.9822943244, -9.17590393041
1.06228487384, 2.0880750153, 0.814865414318, 4.65994397069, -42.1029652087, -8.43658553029
1.1675901062, 2.11665740203, 0.759375437513, 4.99495616702, -42.2145709949, -7.63033124433
1.26598030315, 2.1436984141, 0.70481051541, 5.36711308001, -42.3181715774, -6.7529230558
1.35673851545, 2.16904504708, 0.651288028355, 5.77503832489, -42.4149413082, -5.80043557372
1.43919248491, 2.19255259857, 0.598924091306, 6.21714567514, -42.5061693494, -4.7692506481
1.5127214649, 2.21408611004, 0.547832429421, 6.69165141894, -42.5932583266, -3.6560732739
1.57676225256, 2.23352167842, 0.498123216576, 7.19658891622, -42.6777211129, -2.45795041469
1.63081437692, 2.25074762631, 0.449901887652, 7.72982487328, -42.7611755815, -1.17229464153
1.67444442449, 2.26566552684, 0.40326793348, 8.28907689564, -42.8453371835, 0.203085280237
1.70728951731, 2.27819108388, 0.358313685515, 8.87193196233, -42.932009234, 1.66994452104
1.72905998405, 2.28825487245, 0.315123096092, 9.47586557914, -43.0230708279, 3.22955054752
1.73954128126, 2.29580294633, 0.273770519737, 10.098261505, -43.1204623674, 4.88261713947
1.73859522781, 2.3007973194, 0.234319501714, 10.7364320903, -43.2261687613, 6.62922149336
1.72616061033, 2.3032163254, 0.196821581966, 11.3876394057, -43.3422004636, 8.46870197155
1.70225320161, 2.30305485697, 0.161315125916, 12.0491174538, -43.4705726538, 10.3995343501
1.66696520982, 2.30032447898, 0.127824198263, 12.7180958247, -43.6132830251, 12.4191849386
1.6204641453, 2.29505340564, 0.0963575015528, 13.3918251632, -43.7722888373, 14.5239397543
1.56299105964, 2.2872863242, 0.0669074077521, 14.067604727, -43.9494840969, 16.7087101181
1.49485808246, 2.2770840441, 0.039449117468, 14.7428121198, -44.1466779274, 18.9668166715
1.41644516228, 2.2645229476, 0.0139399869943, 15.4149349662, -44.3655753628, 21.2897560046
1.32819591672, 2.24969422074, -0.0096809330335, 16.0816038348, -44.6077618944, 23.6669568492
1.23061252083, 2.23270285063, -0.0314931034731, 16.7406251485, -44.8746930713, 26.0855362229
1.12424961785, 2.21366639, -0.0515944077971, 17.3900121564, -45.1676902393, 28.5300699013
1.00970732773, 2.19271351069, -0.0701007400456, 18.0280113744, -45.4879430448, 30.9823960353
0.887623552662, 2.16998239611, -0.0871452589253, 18.6531213271, -45.8365185797, 33.4214752951
0.758665927126, 2.14561905323, -0.1028773219, 19.264100106, -46.214375989, 35.823335123
0.623523912583, 2.11977565552, -0.117461142968, 19.8599583771, -46.6223840563, 38.1611287823
0.482901662961, 2.09260905079, -0.131074249754, 20.4399352173, -47.0613378485, 40.405340971
0.337512348795, 2.06427957532, -0.143905844437, 21.0034556795, -47.5319691799, 42.5241697396
0.188074582307, 2.03495029901, -0.156155192182, 21.5500713225, -48.0349447748, 44.4841082041
0.0353113995438, 2.00478678101, -0.16803016301, 22.0793879497, -48.5708459815, 46.2507382455
-0.12004808353, 1.9739573388, -0.179746032352, 22.5909881116, -49.140125094, 47.7897317264
-0.277264692008, 1.94263373511, -0.191524599479, 23.0843588765, -49.7430360432, 49.0680334173
-0.435583766876, 1.91099208176, -0.203593614665, 23.5588371604, -50.3795413796, 50.0551757018
-0.594229639676, 1.87921367237, -0.216186425775, 24.0135846489, -51.0492026547, 50.724651459
-0.752401626805, 1.84748541513, -0.229541679861, 24.4476014653, -51.7510666004, 51.0552525684
-0.909273117998, 1.81599956508, -0.243902865456, 24.8597821772, -52.4835636605, 51.0322717464
-1.06399490689, 1.78495256088, -0.259517474494, 25.249010215, -53.2444371344, 50.6484685121
-1.21570314366, 1.75454294061, -0.276635608052, 25.6142787741, -54.0307194993, 49.9047174215
-1.36353133309, 1.72496850824, -0.295507942224, 25.9548197303, -54.8387671982, 48.8102866786
-1.50662488996, 1.69642309835, -0.316383089998, 26.2702188361, -55.6643571037, 47.3827331147
-1.65738779765, 1.66629043797, -0.33983893829, 26.7942893392, -55.5999600175, 26.7210933968
-1.80319253317, 1.63735005529, -0.365936013538, 27.3267261007, -55.525560461, 6.41133250691
-1.94318300544, 1.60981229019, -0.394877529838, 27.86578972, -55.4286228583, -13.387700434
-2.07649072046, 1.58388737173, -0.426868690556, 28.4109713683, -55.3065347251, -32.5357029952
-2.20222730256, 1.55978716993, -0.462110584787, 28.9624218123, -55.164949541, -50.9065998267
-2.31950911459, 1.53772018969, -0.500798805773, 29.5212751887, -55.0153161485, -68.3869652264
-2.42746187431, 1.51789109963, -0.54312676944, 30.0900524888, -54.8714364974, -84.8778884043
-2.52514740371, 1.50051631122, -0.589295076085, 30.6723942842, -54.7448591804, -100.299895016
-2.61137770429, 1.48586149056, -0.639526661823, 31.2716083266, -54.639191611, -114.599544643
-2.68443569356, 1.47429533027, -0.694082852117, 31.8879416301, -54.5439585752, -127.755498599
-2.74180053445, 1.46633823962, -0.753268831975, 32.5150827129, -54.4293699907, -139.781271063
-2.78005750353, 1.46266948732, -0.817411166705, 33.1370826022, -54.2441429588, -150.721662444
-2.79521542736, 1.46405040089, -0.886789644322, 33.727443478, -53.9190346252, -160.640371338
-2.78341676692, 1.47118299308, -0.961642335602, 34.2605056655, -54.5731450494, -153.146674717
-2.74195605062, 1.48448807963, -1.04185155815, 34.6913387572, -54.9706464802, -145.06414067
-2.67062480863, 1.5038667607, -1.12703229648, 34.9963347433, -55.1239368614, -136.437186318
-2.57141082831, 1.52878964682, -1.21662830625, 35.1703481602, -55.0722933686, -127.264790288
-2.44766440397, 1.55848183631, -1.31002068262, 35.2222926372, -54.8686760897, -117.514484774
-2.30318378057, 1.59211291396, -1.40662421559, 35.1688557557, -54.5673504585, -107.141584838
-2.14151531176, 1.62893459886, -1.50594760334, 35.0287670756, -54.2151133705, -96.1073421117
-1.96558827415, 1.66834639006, -1.60761291575, 34.8189363839, -53.8468764128, -84.39206137
-1.7776524542, 1.70989985166, -1.7113438078, 34.5526636497, -53.4849466521, -72.0020659022
-1.57940895051, 1.75326612298, -1.81693743399, 34.2394449052, -53.1407650552, -58.9714088
-1.37221554216, 1.79819124257, -1.92423360214, 33.8856841171, -52.8178790607, -45.3600791777
-1.15727901803, 1.84445639333, -2.0330898725, 33.4957098945, -52.5152215942, -31.250456328
-0.93579068763, 1.89185089239, -2.14336592877, 33.0727170497, -52.2301190755, -16.7433587548
-0.709000015499, 1.94015811038, -2.25491630978, 32.6194899003, -51.9607412428, -1.95451943325
-0.478246159005, 1.98914999674, -2.36758820116, 32.1389535704, -51.7078941217, 12.9881717375
-0.244975746347, 2.03858470147, -2.48122050714, 31.634713028, -51.47614045, 27.9467448614
-0.0505601317008, 2.08124312861, -2.59078117771, 31.4015056387, -50.4647301532, 23.5782930725
0.147163591706, 2.12465077963, -2.70125649357, 31.1380037115, -49.4609416755, 19.1463889228
0.34688900513, 2.16857062448, -2.8124670794, 30.8457787292, -48.4659266341, 14.6690699797
0.547323080422, 2.21277330572, -2.92424453702, 30.5268827604, -47.4805570334, 10.163758983
0.747204689122, 2.25704033357, -3.03643176313, 30.1838404793, -46.5054215213, 5.64685270617
0.945322865182, 2.30116711616, -3.14888316173, 29.8196369126, -45.5408382841, 1.13337256235
1.14053459581, 2.34496579961, -3.26146481445, 29.4376991839, -44.586883985, -3.36332449051
1.33178186758, 2.38826788405, -3.37405466186, 29.0418705714, -43.6434378007, -7.83178112964
1.51810763987, 2.43092657183, -3.48654273479, 28.636375362, -42.7102391927, -12.262630538
1.69867036824, 2.47281879434, -3.59883145587, 28.2257732526, -41.7869575737, -16.6487541423
1.87275666483, 2.51384685675, -3.71083601185, 27.8149023583, -40.8732715529, -20.9854175092
2.03979166855, 2.55393963611, -3.82248477675, 27.4088102295, -39.9689549947, -25.2703946367
2.19934670646, 2.59305326807, -3.93371974689, 27.0126726396, -39.0739667445, -29.5040889686
2.35114386095, 2.63117126189, -4.04449693287, 26.6317002568, -38.1885405742, -33.6896569724
2.49505711432, 2.66830399157, -4.15478664103, 26.2710336748, -37.3132716809, -37.8331372698
2.63110981982, 2.70448752348, -4.26457357016, 25.9356276104, -36.4491959259, -41.9435852278
2.75946834135, 2.73978175599, -4.37385664816, 25.6301254058, -35.5978578829, -46.0332096543
2.88043180777, 2.77426786441, -4.48264853798, 25.3587252736, -34.7613636428, -50.1175047541
2.99441803234, 2.8080450634, -4.59097475238, 25.1250400507, -33.9424141253, -54.2153666652
3.1019457484, 2.84122671797, -4.6988723321, 24.9319526065, -33.1443143092, -58.3491795075
3.20361340162, 2.8739358527, -4.80638805958, 24.7814696169, -32.3709532517, -62.5448506398
3.30007481816, 2.90630012824, -4.91357620101, 24.6745773192, -31.6267489711, -66.8317683551
3.39201214462, 2.93844637565, -5.02049579143, 24.6111043668, -30.9165512304, -71.2426470825
3.48010655164, 2.9704948095, -5.12720750323, 24.5895993399, -30.2454941236, -75.813214774
3.56506455834, 3.00261935201, -5.23380423069, 24.6207392863, -29.9119280311, -57.6509996097
3.64869617674, 3.03513591215, -5.34056117448, 24.7009382208, -29.5261197064, -40.0195370012
3.73137186351, 3.06809739926, -5.44749845824, 24.8263727465, -29.0803927619, -22.9397770017
3.8133021177, 3.10151746707, -5.55461187646, 24.9908711282, -28.5701610723, -6.40962529465
3.8944773497, 3.13535735573, -5.66186309931, 25.1853217365, -27.9930781575, 9.58749872283
3.97460918803, 3.16951549219, -5.76917074367, 25.397668105, -27.3486848396, 25.0755455789
4.05308885484, 3.20382176809, -5.87640401761, 25.6132741079, -26.6385483215, 40.0801844486
4.12897406693, 3.2380381316, -5.98338048595, 25.8155705429, -25.8667887243, 54.6244768183
4.19301122733, 3.26962404873, -6.08838869681, 25.7885721871, -24.8903916057, 45.6284190807
4.24956045011, 3.30008228269, -6.19229823683, 25.7120741244, -23.9635566962, 36.5108462326
4.29879518685, 3.32948248606, -6.29511828037, 25.5978550328, -23.083414865, 27.2772319605
4.3410370404, 3.35791375766, -6.39687084637, 25.4562702721, -22.2466446361, 17.9290020197
4.37671828664, 3.38547884565, -6.49758775037, 25.2964466916, -21.4499428653, 8.46308269151
4.40635309061, 3.41228986838, -6.59730864984, 25.12645951, -20.6903856942, -1.12826407294
4.4305140232, 3.43846481608, -6.69607961154, 24.9534627751, -19.9657027385, -10.8573508852
4.44981073313, 3.46412420519, -6.79395170519, 24.7837568654, -19.2744806176, -20.7407403041
4.46486815866, 3.48938739955, -6.89097922438, 24.6227856135, -18.6163018289, -30.7986834603
4.47630238946, 3.51436828106, -6.98721724841, 24.4750634468, -17.9918133305, -41.0542911358
4.48469323914, 3.53917015634, -7.08271839981, 24.3440413749, -17.4027075401, -51.5323720395
4.49055386593, 3.56388004891, -7.1775288308, 24.2319316896, -16.8515885918, -62.2578343961
4.52288054803, 3.59478478902, -7.27622226475, 24.5013161602, -16.3014723595, -50.502346075
4.55552192387, 3.6261503982, -7.37478188199, 24.8000494955, -15.7267586313, -39.3717544474
4.5881436641, 3.65790029638, -7.47313811671, 25.1239161548, -15.126067362, -28.8330209284
4.62031625236, 3.68994007324, -7.57120299147, 25.4682818598, -14.4984084908, -18.8488396508
4.65151892863, 3.72215816526, -7.66886989402, 25.8280955651, -13.8428934366, -9.38013474648
4.68115014452, 3.75442785347, -7.76601441112, 26.1979545549, -13.158583811, -0.387773965409
4.70854138154, 3.78660987042, -7.86249578957, 26.5721850337, -12.4444489536, 8.16631542586
4.73297254135, 3.81855523691, -7.95815880464, 26.9449152372, -11.6994016715, 16.3184704238
4.75368809312, 3.85010817324, -8.05283596329, 27.3101331639, -10.9223858444, 24.1029289548
4.76991375724, 3.88110906012, -8.1463500562, 27.6617291628, -10.1124956818, 31.5516814886
4.78087378711, 3.91139748321, -8.2385171112, 27.9935272689, -9.2691122302, 38.6944637791
4.78580897138, 3.94081540707, -8.32914980255, 28.2993102474, -8.39204747962, 45.5588358266
4.78399540379, 3.96921050811, -8.41806134909, 28.5728431468, -7.48169005772, 52.1703062908
4.77476393089, 3.99643966794, -8.50506989828, 28.8078996322, -6.53914923353, 58.5524717249
4.71942007576, 4.01510633567, -8.58471685797, 28.5918166155, -5.87566152113, 42.7908023024
4.65922375247, 4.03296821579, -8.66248363573, 28.3487469375, -5.27893902765, 27.1721100096
4.59575682596, 4.05029844903, -8.7385665131, 28.0903568457, -4.74465655198, 11.6495364717
4.53031835121, 4.06731815649, -8.81313206409, 27.8259353978, -4.26836569293, -3.82820582314
4.46395427336, 4.08420252352, -8.88631968297, 27.5627559824, -3.84608463923, -19.3136125468
4.39748478311, 4.1010861603, -8.95824412626, 27.3063370378, -3.47458881998, -34.8569373508
4.33152702747, 4.11806744981, -9.028997752, 27.0606056404, -3.15144376484, -50.5022425825
4.30107251094, 4.14146742391, -9.10279060835, 27.2271229065, -2.45277782557, -44.8099120342
4.27006761538, 4.1648144479, -9.1753653626, 27.4102218688, -1.74601721797, -39.6158722038
4.2383484637, 4.18806164216, -9.24667121902, 27.6079214977, -1.03246164187, -34.8895847254
4.2057617322, 4.2111634979, -9.31665867924, 27.8182673571, -0.313338067775, -30.6022818761
4.17216841016, 4.23407654098, -9.38528042044, 28.0393499546, 0.410233507275, -26.7272805429
4.1374472938, 4.25675996085, -9.45249213942, 28.2693262463, 1.13725128832, -23.2401237529
4.10149783223, 4.27917613548, -9.51825330867, 28.5064399574, 1.86682699513, -20.1186019646
4.06424217734, 4.30129102593, -9.58252781935, 28.7490387792, 2.5981711517, -17.3426926747
4.02562642682, 4.32307443867, -9.64528450272, 28.9955879226, 3.33057288445, -14.8944462129
3.98562112187, 4.34450016597, -9.70649753064, 29.2446802532, 4.06337751725, -12.7578374585
3.94422109278, 4.36554601984, -9.76614669998, 29.4950435776, 4.79596422897, -10.9185971311
3.90144475359, 4.3861937758, -9.82421760732, 29.7455457364, 5.52772525269, -9.36403185523
3.85733294289, 4.40642904164, -9.88070172085, 29.9951981262, 6.25804752084, -8.08283899342
3.81194739746, 4.42624106417, -9.93559635617, 30.2431581628, 6.9862972576, -7.06491997744
3.76536893495, 4.44562248534, -9.98890456302, 30.4887310727, 7.71180774845, -6.30119430522
3.71769541143, 4.46456905671, -10.0406349303, 30.7313712709, 8.43387034168, -5.78341532571
3.66903951181, 4.48307932082, -10.0908013172, 30.9706834652, 9.15172862797, -5.5039882662
3.61952642542, 4.5011542664, -10.1394225211, 31.2064235316, 9.86457568013, -5.45579056279
3.56929145538, 4.5187969649, -10.1865218914, 31.4384991249, 10.5715541982, -5.63199436055
3.51847760874, 4.53601219517, -10.2321269043, 31.6669699335, 11.2717593834, -6.02589100453
3.46723321337, 4.55280606373, -10.2762687109, 31.892047456, 11.9642443499, -6.6307174065
3.41570960753, 4.5691856286, -10.3189816762, 32.1140941634, 12.648027868, -7.43948433043
3.36405894744, 4.58515853452, -10.3603029251, 32.3336219242, 13.3221042145, -8.44480687469
3.31243217739, 4.6007326681, -10.4002719125, 32.5512896036, 13.9854548803, -9.63873774871
3.26097720433, 4.615915841, -10.438930036, 32.7678998001, 14.6370618469, -11.0126043428
3.20983731544, 4.630715509, -10.4763203059, 32.9843947549, 15.2759220993, -12.5568510877
3.15914987137, 4.64513853395, -10.5124870867, 33.201851548, 15.9010629726, -14.2608892038
3.10904530116, 4.65919099427, -10.5474759234, 33.4214767802, 16.5115578545, -16.1129566543
3.05964641627, 4.67287804861, -10.5813334606, 33.644601008, 17.1065416604, -18.0999919498
3.01106805141, 4.68620385467, -10.6141074586, 33.872673251, 17.6852253918, -20.2075263455
2.96341703191, 4.69917154455, -10.6458469142, 34.1072558861, 18.2469089509, -22.4195999958
2.91679245765, 4.71178325589, -10.6766022854, 34.3500201876, 18.7909912714, -24.7187085479
2.87128628777, 4.724040217, -10.706425824, 34.6027426271, 19.3169767132, -27.0857875411
2.82698420633, 4.73594288479, -10.7353720193, 34.8673018132, 19.8244766138, -29.5002425789
2.783966748, 4.74749113433, -10.7634981633, 35.1456756182, 20.3132049125, -31.9400334265
2.74231066498, 4.75868450154, -10.79086505, 35.4399376342, 20.7829669122, -34.3818197645
2.70209052005, 4.76952248301, -10.817537829, 35.7522516454, 21.2336405517, -36.8011750861
2.6633804949, 4.78000490041, -10.8435870395, 36.0848623755, 21.6651500669, -39.1728729985
2.62625640393, 4.7901323404, -10.8690898507, 36.440080447, 22.0774326179, -41.4712468772
2.59079789966, 4.79990668265, -10.8941315334, 36.8202593733, 22.4703993383, -43.670619431
2.55709084307, 4.80933172857, -10.9188071739, 37.2277626048, 22.8438932352, -45.7457934474
2.52522978823, 4.81841393977, -10.9432236221, 37.6649192334, 23.1976473239, -47.6725891683
2.49532049691, 4.82716328743, -10.9675016345, 38.1339679628, 23.5312471535, -49.4284079396
2.46748235642, 4.83559420283, -10.9917781359, 38.63699031, 23.8441022958, -50.9927966979
2.4418505303, 4.84372660381, -11.0162084821, 39.1758355984, 24.1354312609, -52.3479842568
2.41857763342, 4.85158695685, -11.0409685699, 39.7520418953, 24.4042635829, -53.4793589464
2.39783470175, 4.8592093189, -11.0662566131, 40.3667583825, 24.6494614734, -54.3758584293
2.37981123014, 4.86663629301, -11.0922943931, 41.0206754565, 24.8697615835, -55.0302466477
2.3647140854, 4.87391982727, -11.1193278064, 41.7139689259, 25.0638352767, -55.4392596172
2.35276516734, 4.88112179066, -11.147626565, 42.4462639244, 25.230363691, -55.6036105431
2.34419778207, 4.88831427199, -11.1774829638, 43.2166226282, 25.3681220719, -55.5278545573
2.33925179887, 4.89557956749, -11.2092096971, 44.023557768, 25.4760666773, -55.2201231533
2.33816777029, 4.90300984671, -11.2431367812, 44.865071536, 25.5534171417, -54.6917470433
2.34118028906, 4.91070651155, -11.2796077094, 45.7387171615, 25.5997276069, -53.9567927973
2.34851092147, 4.91877928606, -11.3189750185, 46.6416784735, 25.6149410676, -53.0315426733
2.36036108649, 4.92734509145, -11.3615954793, 47.5708614259, 25.5994230624, -51.9339483237
2.37690523967, 4.93652677084, -11.407825131, 48.5229909565, 25.5539728002, -50.68308773
2.39828467478, 4.94645172967, -11.4580143639, 49.4947066818, 25.4798117843, -49.2986512282
2.42460218217, 4.95725055161, -11.5125032212, 50.4826517033, 25.3785517423, -47.8004774697
2.45591771351, 4.96905563826, -11.5716170434, 51.4835500354, 25.252145028, -46.2081542964
2.49224511023, 4.98199990533, -11.6356625247, 52.4942696617, 25.102821528, -44.540693458
2.5335498703, 4.99621555163, -11.7049242038, 53.511869765, 24.9330164709, -42.8162823907
2.57974786324, 5.01183290213, -11.7796613661, 54.5336321016, 24.745293454, -41.0521113138
2.63070486162, 5.02897931381, -11.8601053066, 55.5570776531, 24.5422665608, -39.2642699142
2.68623674051, 5.0477781249, -11.9464568841, 56.57997054, 24.3265247652, -37.4677049676
2.74611020125, 5.06834762433, -12.0388842934, 57.6003116825, 24.1005610302, -35.6762283774
2.81004389798, 5.09080001835, -12.1375209929, 58.6163248841, 23.8667077167, -33.9025641822
2.87770987906, 5.1152403751, -12.2424637368, 59.6264379323, 23.6270792072, -32.1584229517
2.9487352929, 5.14176553434, -12.3537706843, 60.6292610369, 23.3835220818, -30.4545924847
2.98680456195, 5.16964965043, -12.4606466078, 60.5331104378, 22.0834131075, -35.0190804151
3.02009437958, 5.19811683764, -12.5688444202, 60.4393035908, 20.7815773246, -39.3429573234
3.04814521233, 5.22711250879, -12.6781412805, 60.3438800433, 19.4791696415, -43.4315081261
3.07054183278, 5.25657826168, -12.7883029863, 60.2431872999, 18.1771289512, -47.2918816746
3.08692044776, 5.28645294397, -12.8990886676, 60.1338563007, 16.8762486114, -50.932557464
3.09697556504, 5.31667388528, -13.0102557265, 60.0127786317, 15.5772423689, -54.3628246481
3.10046633203, 5.34717825002, -13.1215649224, 59.8770861063, 14.2808055386, -57.5922971326
3.09722207738, 5.37790446321, -13.2327854883, 59.7241327554, 12.9876713252, -60.6304814187
3.08714679782, 5.40879365884, -13.3437001543, 59.5514789726, 11.6986623869, -63.4864073468
3.07022236275, 5.43979109994, -13.4541099465, 59.3568775413, 10.414738026, -66.1683262336
3.0465102617, 5.47084752101, -13.563838634, 59.1382614948, 9.13703767387, -68.6834762594
3.01615179123, 5.50192034907, -13.6727367125, 58.8937341701, 7.8669215277, -71.0379114272
2.97936666001, 5.5329747678, -13.7806848375, 58.6215623438, 6.60600920825, -73.2363879754
2.93645007306, 5.56398460022, -13.8875966534, 58.3201739072, 5.35621705713, -75.2823007274
2.88776842428, 5.59493299746, -13.9934209989, 57.988162042, 4.11979412325, -77.1776613692
2.83375376982, 5.62581293216, -14.0981434966, 57.6242982038, 2.89935598073, -78.9231109157
2.77489726457, 5.65662750384, -14.2017875572, 57.2275562769, 1.6979143068, -80.5179594671
2.71174171846, 5.68739006772, -14.3044148277, 56.7971499283, 0.518898726784, -81.9602476065
2.64487337373, 5.71812419837, -14.4061250988, 56.3325843442, -0.633834017262, -83.2468252915
2.57491293226, 5.74886349326, -14.5070556532, 55.8337221264, -1.75600973862, -84.3734457461
2.50250579458, 5.77965121248, -14.6073799894, 55.3008611285, -2.8429721442, -85.3348735854
2.42831143201, 5.81053973876, -14.7073058073, 54.7348195482, -3.88975039861, -86.1250081741
2.35299182642, 5.84158983215, -14.8070721027, 54.1370208602, -4.89116393981, -86.7370249703
2.27719899308, 5.87286964798, -14.906945203, 53.5095685998, -5.84196655058, -87.1635392341
2.20156175617, 5.90445348871, -15.0072136037, 52.8552991048, -6.73702719742, -87.3967977808
2.12667215809, 5.93642027309, -15.1081815366, 52.1777997335, -7.5715395453, -87.4289050864
2.05307211678, 5.96885172828, -15.2101613243, 51.481381358, -8.34124610304, -87.2520895777
1.98124114821, 6.00183034245, -15.3134647337, 50.7709974292, -9.04265775534, -86.8590138769
1.91158608448, 6.03543714961, -15.4183937091, 50.0521075306, -9.67324626295, -86.2431288153
1.84443369318, 6.0697494511, -15.5252310186, 49.3304904559, -10.2315872768, -85.3990651736
1.78002691758, 6.10483859979, -15.6342314315, 48.6120193148, -10.7174351193, -84.3230498675
1.71852512477, 6.14076797941, -15.7456140569, 47.9024175326, -11.1317178412, -83.0133257173
1.66000832366, 6.17759129855, -15.8595563785, 47.2070184542, -11.4764507888, -81.4705475023
1.60448487692, 6.21535128879, -15.9761903496, 46.5305516356, -11.7545773637, -79.6981232427
1.55190186523, 6.25407885342, -16.0956006794, 45.876975601, -11.9697548009, -77.7024698045
1.50215703641, 6.29379266553, -16.2178252018, 45.2493705, -12.1261089272, -75.4931564766
1.45511121721, 6.33449917004, -16.3428570063, 44.6498960187, -12.2279839685, -73.082918704
1.41060017434, 6.37619291039, -16.4706478652, 44.0798116725, -12.2797115157, -70.4875354162
1.36844514042, 6.41885708165, -16.6011124276, 43.5395497147, -12.2854175245, -67.725575569
1.32846151292, 6.46246420799, -16.7341326664, 43.0288263364, -12.2488790651, -64.8180307466
1.29046552825, 6.50697685225, -16.8695621439, 42.5467749894, -12.1734349704, -61.7878593958
1.2542789631, 6.55234828461, -17.007229779, 42.0920863341, -12.0619478317, -58.6594735471
1.21973209447, 6.59852306101, -17.146942932, 41.6631418689, -11.9168098111, -55.458200459
1.18666525041, 6.64543748665, -17.288489743, 41.2581319223, -11.7399818372, -52.2097498562
1.15492931459, 6.69301996089, -17.4316407598, 40.8751525943, -11.5330548088, -48.9397130926
1.12438552663, 6.74119121736, -17.5761499606, 40.5122797889, -11.2973220833, -45.6731146033
1.09490486622, 6.78986448368, -17.7217553145, 40.1676212992, -11.033854227, -42.4340293877
1.06636724152, 6.83894559198, -17.8681790367, 39.8393498197, -10.7435692364, -39.2452737881
1.03866063436, 6.88833307288, -18.0151276897, 39.5257207897, -10.427293754, -36.1281711071
1.01168029616, 6.9379182647, -18.1622922621, 39.2250792648, -10.0858128958, -33.1023889818
0.98532804239, 6.9875854661, -18.3093483352, 38.9358597534, -9.71990799287, -30.1858420774
0.959511661347, 7.03721215643, -18.4559564223, 38.6565823676, -9.33038277539, -27.3946515314
0.934144433267, 7.08666930336, -18.6017625408, 38.3858478796, -8.91807930179, -24.7431515482
0.909144745225, 7.13582177281, -18.7463990631, 38.1223335065, -8.48388533811, -22.2439334067
0.884435783626, 7.1845288526, -18.8894858708, 37.8647905393, -8.02873500406, -19.9079176609
0.859945286287, 7.23264489691, -19.0306318303, 37.612044351, -7.55360442135, -17.7444462841
0.835605338329, 7.2800200958, -19.169436597, 37.3629968779, -7.0595039032, -15.7613877099
0.811352198891, 7.3265013706, -19.3054927449, 37.116631362, -6.54746797582, -13.9652490281
0.787126148151, 7.37193339279, -19.4383882163, 36.8720189526, -6.01854426669, -12.3612908553
0.762871346036, 7.41615972067, -19.5677090756, 36.6283266775, -5.47378205979, -10.9536415608
0.738535695063, 7.45902404481, -19.6930425443, 36.384826269, -4.91422111711, -9.74540852509
0.714070700249, 7.50037152936, -19.8139802862, 36.140903359, -4.34088120535, -8.73878492152
0.689431319079, 7.54005023277, -19.9301219027, 35.896066611, -3.75475264347, -7.93515114595
0.664575794296, 7.57791258751, -20.0410785867, 35.6499564279, -3.15678809729, -7.33517046897
0.639465462113, 7.61381691473, -20.1464768773, 35.4023529445, -2.54789578297, -6.93887878541
0.614064528301, 7.64762894675, -20.2459624441, 35.1531830823, -1.92893419713, -6.74576849423
0.58833980477, 7.67922332743, -20.3392038279, 34.9025265013, -1.30070845972, -6.75486659148
0.562260399573, 7.70848505875, -20.4258960534, 34.6506203295, -0.663968332256, -6.96480701766
0.53579735396, 7.73531086141, -20.5057640329, 34.3978625847, -0.0194079541578, -7.37389719112
0.508923220939, 7.75961041756, -20.5785656773, 34.1448142232, 0.63233268011, -7.98017849783
0.481611580933, 7.78130746588, -20.6440946351, 33.8921997608, 1.29066450241, -8.78148031145
0.453836491331, 7.80034072225, -20.7021825917, 33.6409064133, 1.95504443708, -9.77546689561
0.425571868133, 7.81666460403, -20.7527010694, 33.3919816971, 2.62496881136, -10.9596763036
0.396790799311, 7.83024974122, -20.795562685, 33.1466294226, 3.29996521107, -12.3315501446
0.367464790994, 7.84108326428, -20.8307218392, 32.9062040054, 3.97958293326, -13.8884528411
0.337562949083, 7.84916886525, -20.8581748287, 32.672203017, 4.66338224904, -15.6276787541
0.30705110031, 7.85452663567, -20.8779593923, 32.4462579024, 5.35092276195, -17.5464453285
0.27589085806, 7.85719269123, -20.8901537178, 32.2301228209, 6.04175122881, -19.6418702038
0.244038639282, 7.85721859941, -20.8948749533, 32.0256616095, 6.73538929887, -21.9109300748
0.211444639333, 7.85467063091, -20.8922772798, 31.8348329588, 7.43132171481, -24.3503990035
0.178051771278, 7.84962885976, -20.8825496075, 31.6596740107, 8.12898559712, -26.956763903
0.143794574561, 7.84218613973, -20.8659129695, 31.5022827678, 8.82776148221, -29.7261151106
0.108598094497, 7.83244698561, -20.8426176801, 31.3647999329, 9.52696678004, -32.6540103924
0.0723767279452, 7.82052638903, -20.8129403304, 31.2493910797, 10.2258522252, -35.7353114773
0.0350330212399, 7.8065485977, -20.7771806827, 31.1582303757, 10.923601672, -38.9639933948
