1.55836249903, -1.46760166087, 1.84038676248, -1.92281656395, -1.59003404046, -0.00163744093062
1.55831229255, -1.47062511694, 1.8459552081, -1.92536252054, -1.59003508428, -0.00168764347101
1.55829083318, -1.47185856275, 1.84831192757, -1.92648620865, -1.5900355312, -0.00170909998295
1.55828250804, -1.47228800293, 1.84923086037, -1.9269758634, -1.59003570541, -0.00171742292598
1.55828013041, -1.4723558329, 1.84950422032, -1.92718144137, -1.59003575614, -0.00171979883946
1.55828043489, -1.47226093593, 1.84948731947, -1.92725943416, -1.59003575118, -0.00171949306136
1.55828194644, -1.47209279675, 1.84933982194, -1.92728004943, -1.59003572117, -0.00171798064305
1.55828400047, -1.47189169249, 1.84913353632, -1.92727483141, -1.59003567989, -0.0017159261703
1.55828629791, -1.47167575483, 1.84890077078, -1.92725796226, -1.59003563356, -0.00171362872136
1.55828870424, -1.47145314673, 1.84865606393, -1.92723582016, -1.59003558498, -0.00171122281478
1.55829115899, -1.47122754332, 1.84840595863, -1.92721127394, -1.59003553539, -0.00170876893448
1.55829363496, -1.47100059922, 1.84815339947, -1.92718561402, -1.59003548536, -0.00170629426507
1.55829611992, -1.47077305938, 1.84789971166, -1.92715942083, -1.59003543515, -0.00170381101321
1.55829860838, -1.47054525919, 1.84764549162, -1.92713295546, -1.59003538487, -0.00170132464622
1.55830109786, -1.47031734962, 1.84739100775, -1.92710633531, -1.59003533458, -0.00169883759668
1.55830358726, -1.47008939865, 1.84713638083, -1.92707961316, -1.59003528428, -0.0016963509285
1.55830607607, -1.46986143686, 1.84688166521, -1.92705281276, -1.59003523401, -0.00169386508647
1.55830856407, -1.46963347801, 1.84662688535, -1.92702594475, -1.59003518375, -0.00169138023399
1.55831105116, -1.46940552828, 1.84637205224, -1.92699901392, -1.59003513352, -0.00168889640561
1.5583135373, -1.46917759045, 1.84611717082, -1.92697202243, -1.59003508331, -0.00168641357643
1.55831602246, -1.46894966576, 1.84586224332, -1.92694497126, -1.59003503312, -0.00168393169425
1.55831850664, -1.46872175474, 1.84560727074, -1.92691786085, -1.59003498294, -0.0016814506948
1.55832098983, -1.46849385764, 1.84535225351, -1.92689069143, -1.59003493279, -0.00167897050963
1.55832347204, -1.46826597456, 1.84509719186, -1.92686346314, -1.59003488266, -0.00167649107048
1.55832595325, -1.46803810554, 1.84484208587, -1.92683617608, -1.59003483255, -0.00167401231213
1.55832843348, -1.46781025057, 1.8445869356, -1.92680883033, -1.59003478245, -0.00167153417458
1.55833091272, -1.46758240967, 1.84433174108, -1.92678142598, -1.59003473237, -0.00166905660468
1.55833339098, -1.46735458281, 1.84407650234, -1.92675396313, -1.59003468231, -0.00166657955761
1.55833586824, -1.46712677, 1.8438212194, -1.92672644188, -1.59003463226, -0.00166410299811
1.55833834452, -1.46689897122, 1.84356589227, -1.92669886233, -1.59003458222, -0.00166162690142
1.55834081981, -1.46667118646, 1.84331052099, -1.9266712246, -1.5900345322, -0.00165915125409
1.55834329412, -1.46644341572, 1.84305510558, -1.92664352881, -1.59003448219, -0.00165667605448
1.55834576744, -1.46621565897, 1.84279964606, -1.92661577506, -1.59003443219, -0.00165420131299
1.55834823977, -1.46598791621, 1.84254414245, -1.92658796347, -1.5900343822, -0.0016517270521
1.55835071113, -1.46576018744, 1.84228859477, -1.92656009415, -1.59003433223, -0.00164925330607
1.55835318149, -1.46553247263, 1.84203300305, -1.9265321672, -1.59003428226, -0.00164678012035
1.55835565088, -1.46530477177, 1.84177736731, -1.92650418271, -1.59003423231, -0.00164430755083
1.55835811928, -1.46507708486, 1.84152168754, -1.92647614077, -1.59003418237, -0.00164183566271
1.5583605867, -1.46484941187, 1.84126596377, -1.92644804145, -1.59003413244, -0.00163936452926
1.55836305314, -1.4646217528, 1.841010196, -1.92641988479, -1.59003408253, -0.00163689423026
1.5583655186, -1.46439410762, 1.84075438424, -1.92639167086, -1.59003403262, -0.00163442485038
1.55836798308, -1.46416647632, 1.84049852847, -1.92636339965, -1.59003398273, -0.00163195647729
1.55837044658, -1.46393885887, 1.84024262869, -1.9263350712, -1.59003393286, -0.00162948919981
1.5583729091, -1.46371125527, 1.83998668489, -1.92630668548, -1.59003388301, -0.00162702310586
1.55837537064, -1.46348366547, 1.83973069705, -1.92627824247, -1.59003383317, -0.00162455828046
1.55837783121, -1.46325608947, 1.83947466514, -1.92624974214, -1.59003378335, -0.00162209480378
1.5583802908, -1.46302852723, 1.83921858913, -1.92622118441, -1.59003373355, -0.00161963274919
1.55838274942, -1.46280097873, 1.838962469, -1.92619256922, -1.59003368377, -0.0016171721815
1.55838520706, -1.46257344394, 1.83870630471, -1.92616389648, -1.59003363401, -0.00161471315527
1.55838766373, -1.46234592283, 1.83845009622, -1.9261351661, -1.59003358427, -0.00161225571343
1.55839011943, -1.46211841537, 1.83819384348, -1.92610637797, -1.59003353456, -0.00160979988602
1.55839257415, -1.46189092154, 1.83793754646, -1.92607753199, -1.59003348488, -0.00160734568927
1.5583950279, -1.4616634413, 1.8376812051, -1.92604862804, -1.59003343522, -0.00160489312496
1.55839748068, -1.46143597463, 1.83742481937, -1.926019666, -1.59003338558, -0.00160244218006
1.55839993249, -1.46120852149, 1.83716838921, -1.92599064577, -1.59003333598, -0.00159999282673
1.55840238334, -1.46098108185, 1.8369119146, -1.92596156724, -1.59003328639, -0.00159754502265
1.55840483321, -1.46075365569, 1.83665539547, -1.9259324303, -1.59003323684, -0.00159509871168
1.55840728211, -1.46052624298, 1.83639883181, -1.92590323487, -1.59003318731, -0.0015926538248
1.55840973005, -1.46029884369, 1.83614222357, -1.92587398087, -1.59003313781, -0.00159021028145
1.55841217702, -1.46007145779, 1.83588557073, -1.92584466825, -1.59003308834, -0.00158776799107
1.55841462302, -1.45984408527, 1.83562887326, -1.92581529695, -1.59003303889, -0.00158532685492
1.55841706805, -1.4596167261, 1.83537213114, -1.92578586696, -1.59003298946, -0.00158288676817
1.55841951212, -1.45938938025, 1.83511534436, -1.92575637826, -1.59003294006, -0.00158044762207
1.55842195523, -1.45916204772, 1.83485851292, -1.92572683087, -1.59003289068, -0.00157800930637
1.55842439737, -1.45893472848, 1.8346016368, -1.92569722483, -1.59003284132, -0.0015755717117
1.55842683854, -1.45870742251, 1.83434471603, -1.9256675602, -1.59003279197, -0.00157313473208
1.55842927875, -1.45848012981, 1.83408775061, -1.92563783704, -1.59003274265, -0.00157069826731
1.55843171799, -1.45825285037, 1.83383074055, -1.92560805546, -1.59003269334, -0.00156826222538
1.55843415627, -1.45802558416, 1.83357368589, -1.92557821558, -1.59003264405, -0.00156582652465
1.55843659359, -1.45779833119, 1.83331658664, -1.92554831751, -1.59003259477, -0.00156339109588
1.55843902994, -1.45757109144, 1.83305944285, -1.92551836141, -1.59003254551, -0.00156095588406
1.55844146533, -1.4573438649, 1.83280225453, -1.92548834742, -1.59003249625, -0.00155852084984
1.55844389976, -1.45711665158, 1.83254502174, -1.92545827571, -1.59003244701, -0.00155608597079
1.55844633323, -1.45688945146, 1.8322877445, -1.92542814643, -1.59003239777, -0.00155365124215
1.55844876573, -1.45666226455, 1.83203042286, -1.92539795977, -1.59003234854, -0.00155121667734
1.55845119727, -1.45643509082, 1.83177305686, -1.92536771587, -1.59003229932, -0.00154878230795
1.55845362786, -1.45620793028, 1.83151564652, -1.92533741491, -1.59003225011, -0.0015463481834
1.55845605748, -1.45598078291, 1.83125819189, -1.92530705702, -1.5900322009, -0.00154391437015
1.55845848614, -1.45575364872, 1.83100069298, -1.92527664234, -1.59003215171, -0.00154148095055
1.55846091385, -1.45552652768, 1.83074314983, -1.925246171, -1.59003210252, -0.00153904802126
1.55846334059, -1.4552994198, 1.83048556246, -1.92521564309, -1.59003205334, -0.00153661569135
1.55846576638, -1.45507232504, 1.83022793087, -1.9251850587, -1.59003200416, -0.0015341840801
1.55846819121, -1.45484524341, 1.82997025508, -1.92515441788, -1.590031955, -0.00153175331447
1.55847061509, -1.45461817487, 1.82971253508, -1.92512372067, -1.59003190585, -0.00152932352639
1.55847303801, -1.45439111942, 1.82945477086, -1.92509296708, -1.59003185672, -0.00152689484991
1.55847545998, -1.45416407703, 1.82919696242, -1.92506215709, -1.5900318076, -0.00152446741815
1.55847788099, -1.45393704768, 1.82893910971, -1.92503129066, -1.59003175849, -0.00152204136036
1.55848030105, -1.45371003134, 1.82868121272, -1.92500036772, -1.59003170941, -0.00151961679881
1.55848272016, -1.45348302798, 1.8284232714, -1.92496938818, -1.59003166034, -0.001517193846
1.55848513832, -1.45325603757, 1.82816528571, -1.92493835193, -1.5900316113, -0.00151477260187
1.55848755553, -1.45302906008, 1.8279072556, -1.92490725883, -1.59003156228, -0.00151235315128
1.55848997179, -1.45280209548, 1.82764918101, -1.92487610874, -1.59003151328, -0.00150993556181
1.5584923871, -1.45257514374, 1.82739106188, -1.9248449015, -1.59003146431, -0.00150751988193
1.55849480146, -1.45234820481, 1.82713289816, -1.92481363693, -1.59003141537, -0.00150510613942
1.55849721487, -1.45212127867, 1.82687468977, -1.92478231486, -1.59003136646, -0.00150269434043
1.55849962734, -1.45189436528, 1.82661643665, -1.9247509351, -1.59003131757, -0.00150028446883
1.55850203887, -1.4516674646, 1.82635813874, -1.92471949749, -1.59003126872, -0.00149787648619
1.55850444944, -1.45144057661, 1.82609979598, -1.92468800184, -1.5900312199, -0.0014954703321
1.55850685908, -1.45121370125, 1.82584140831, -1.92465644802, -1.59003117111, -0.00149306592521
1.55850926777, -1.45098683851, 1.82558297566, -1.92462483586, -1.59003112234, -0.00149066316452
1.55851167551, -1.45075998836, 1.82532449801, -1.92459316525, -1.59003107361, -0.0014882619313
1.55851408232, -1.45053315075, 1.82506597529, -1.92456143608, -1.59003102491, -0.00148586209145
1.55851648818, -1.45030632567, 1.82480740749, -1.92452964828, -1.59003097624, -0.0014834634981
1.5585188931, -1.4500795131, 1.82454879457, -1.92449780181, -1.59003092759, -0.00148106599474
1.55852129708, -1.44985271301, 1.82429013651, -1.92446589663, -1.59003087897, -0.0014786694185
1.55852370011, -1.44962592537, 1.82403143332, -1.92443393276, -1.59003083037, -0.00147627360368
1.5585261022, -1.44939915019, 1.82377268498, -1.92440191025, -1.59003078179, -0.00147387838542
1.55852850336, -1.44917238743, 1.82351389151, -1.92436982916, -1.59003073324, -0.0014714836034
1.55853090357, -1.4489456371, 1.82325505293, -1.92433768961, -1.5900306847, -0.00146908910553
1.55853330284, -1.44871889918, 1.82299616926, -1.92430549173, -1.59003063617, -0.00146669475155
1.55853570117, -1.44849217366, 1.82273724055, -1.92427323568, -1.59003058766, -0.00146430041634
1.55853809856, -1.44826546055, 1.82247826684, -1.92424092164, -1.59003053916, -0.00146190599308
1.55854049501, -1.44803875983, 1.82221924818, -1.92420854982, -1.59003049067, -0.00145951139596
1.55854289052, -1.44781207151, 1.82196018462, -1.92417612045, -1.59003044219, -0.00145711656255
1.55854528509, -1.44758539559, 1.82170107621, -1.92414363375, -1.59003039371, -0.00145472145562
1.55854767872, -1.44735873206, 1.82144192303, -1.92411108997, -1.59003034523, -0.00145232606447
1.55855007141, -1.44713208093, 1.82118272513, -1.92407848935, -1.59003029676, -0.00144993040569
1.55855246317, -1.4469054422, 1.82092348257, -1.92404583214, -1.5900302483, -0.00144753452328
1.55855485398, -1.44667881587, 1.82066419541, -1.92401311857, -1.59003019983, -0.00144513848823
1.55855724386, -1.44645220194, 1.8204048637, -1.92398034885, -1.59003015137, -0.0014427423974
1.5585596328, -1.4462256004, 1.8201454875, -1.92394752319, -1.5900301029, -0.00144034637186
1.55856202081, -1.44599901125, 1.81988606683, -1.92391464176, -1.59003005445, -0.00143795055461
1.55856440788, -1.44577243448, 1.81962660175, -1.92388170473, -1.59003000599, -0.00143555510782
1.55856679401, -1.44554587008, 1.81936709226, -1.9238487122, -1.59002995754, -0.00143316020948
1.55856917921, -1.44531931805, 1.81910753839, -1.92381566427, -1.59002990909, -0.00143076604976
1.55857156348, -1.44509277835, 1.81884794014, -1.92378256098, -1.59002986066, -0.00142837282692
1.55857394682, -1.44486625098, 1.81858829749, -1.92374940236, -1.59002981223, -0.00142598074301
1.55857632922, -1.4446397359, 1.81832861044, -1.92371618836, -1.59002976382, -0.00142358999937
1.5585787107, -1.44441323311, 1.81806887895, -1.92368291894, -1.59002971542, -0.00142120079209
1.55858109124, -1.44418674256, 1.81780910297, -1.92364959397, -1.59002966704, -0.00141881330748
1.55858347086, -1.44396026422, 1.81754928245, -1.92361621334, -1.59002961868, -0.00141642771768
1.55858584955, -1.44373379807, 1.81728941734, -1.92358277686, -1.59002957034, -0.00141404417646
1.55858822731, -1.44350734405, 1.81702950756, -1.92354928433, -1.59002952203, -0.00141166281546
1.55859060415, -1.44328090214, 1.81676955302, -1.92351573553, -1.59002947375, -0.00140928374068
1.55859298006, -1.44305447229, 1.81650955365, -1.92348213021, -1.59002942549, -0.00140690702968
1.55859535505, -1.44282805446, 1.81624950935, -1.92344846811, -1.59002937727, -0.00140453272921
1.55859772912, -1.44260164861, 1.81598942003, -1.92341474894, -1.59002932908, -0.00140216085352
1.55860010226, -1.44237525468, 1.8157292856, -1.92338097245, -1.59002928093, -0.00139979138347
1.55860247448, -1.44214887265, 1.81546910596, -1.92334713835, -1.59002923282, -0.0013974242662
1.55860484578, -1.44192250246, 1.81520888102, -1.92331324638, -1.59002918473, -0.00139505941571
1.55860721616, -1.44169614407, 1.8149486107, -1.92327929629, -1.59002913669, -0.00139269671409
1.55860958562, -1.44146979745, 1.81468829491, -1.92324528786, -1.59002908868, -0.00139033601358
1.55861195417, -1.44124346256, 1.81442793359, -1.92321122089, -1.59002904071, -0.00138797713926
1.55861432179, -1.44101713937, 1.81416752668, -1.92317709521, -1.59002899278, -0.00138561989242
1.55861668849, -1.44079082783, 1.81390707412, -1.9231429107, -1.59002894487, -0.00138326405463
1.55861905428, -1.44056452794, 1.81364657588, -1.92310866727, -1.590028897, -0.00138090939217
1.55862141914, -1.44033823965, 1.81338603193, -1.92307436488, -1.59002884916, -0.00137855566103
1.55862378309, -1.44011196296, 1.81312544226, -1.92304000354, -1.59002880134, -0.00137620261217
1.55862614612, -1.43988569784, 1.81286480687, -1.92300558329, -1.59002875355, -0.00137384999699
1.55862850824, -1.43965944429, 1.81260412579, -1.92297110423, -1.59002870577, -0.00137149757298
1.55863086943, -1.4394332023, 1.81234339905, -1.92293656652, -1.59002865802, -0.00136914510921
1.55863322971, -1.43920697187, 1.81208262668, -1.92290197033, -1.59002861028, -0.00136679239179
1.55863558906, -1.43898075298, 1.81182180875, -1.92286731591, -1.59002856255, -0.00136443922899
1.5586379475, -1.43875454566, 1.81156094533, -1.92283260352, -1.59002851482, -0.00136208545598
1.55864030503, -1.43852834989, 1.81130003648, -1.92279783346, -1.5900284671, -0.00135973093906
1.55864266163, -1.4383021657, 1.81103908231, -1.92276300606, -1.59002841939, -0.00135737557925
1.55864501732, -1.43807599308, 1.81077808289, -1.92272812165, -1.59002837167, -0.00135501931521
1.55864737209, -1.43784983206, 1.81051703832, -1.92269318061, -1.59002832395, -0.00135266212531
1.55864972594, -1.43762368263, 1.8102559487, -1.92265818328, -1.59002827623, -0.00135030402893
1.55865207887, -1.43739754482, 1.80999481413, -1.92262313004, -1.5900282285, -0.0013479450868
1.55865443089, -1.43717141862, 1.80973363468, -1.92258802122, -1.59002818077, -0.00134558540042
1.558656782, -1.43694530406, 1.80947241046, -1.92255285715, -1.59002813302, -0.00134322511058
1.55865913218, -1.43671920112, 1.80921114154, -1.92251763814, -1.59002808528, -0.00134086439495
1.55866148146, -1.43649310983, 1.80894982799, -1.92248236446, -1.59002803752, -0.00133850346478
1.55866382981, -1.43626703017, 1.80868846985, -1.92244703633, -1.59002798977, -0.0013361425608
1.55866617726, -1.43604096213, 1.80842706719, -1.92241165394, -1.59002794201, -0.00133378194842
1.55866852379, -1.43581490573, 1.80816562001, -1.92237621742, -1.59002789425, -0.00133142191213
1.55867086942, -1.43558886093, 1.80790412834, -1.92234072684, -1.59002784649, -0.00132906274956
1.55867321413, -1.43536282771, 1.80764259217, -1.92230518223, -1.59002779875, -0.00132670476497
1.55867555793, -1.43513680607, 1.80738101147, -1.92226958355, -1.59002775101, -0.00132434826256
1.55867790082, -1.43491079596, 1.8071193862, -1.92223393071, -1.59002770328, -0.00132199353956
1.55868024281, -1.43468479736, 1.80685771631, -1.92219822355, -1.59002765557, -0.00131964087946
1.55868258389, -1.43445881023, 1.80659600172, -1.92216246186, -1.59002760788, -0.0013172905453
1.55868492407, -1.43423283452, 1.80633424234, -1.92212664539, -1.59002756022, -0.00131494277337
1.55868726335, -1.43400687019, 1.80607243807, -1.92209077384, -1.59002751258, -0.00131259776733
1.55868960172, -1.43378091719, 1.8058105888, -1.92205484686, -1.59002746498, -0.001310255693
1.55869193919, -1.43355497546, 1.80554869439, -1.92201886407, -1.59002741741, -0.00130791667383
1.55869427576, -1.43332904496, 1.80528675472, -1.92198282508, -1.59002736988, -0.00130558078735
1.55869661143, -1.43310312563, 1.80502476966, -1.92194672946, -1.59002732239, -0.00130324806244
1.5586989462, -1.4328772174, 1.80476273905, -1.92191057681, -1.59002727495, -0.00130091847776
1.55870128008, -1.43265132024, 1.80450066277, -1.92187436669, -1.59002722755, -0.00129859196122
1.55870361305, -1.43242543407, 1.80423854068, -1.92183809871, -1.5900271802, -0.00129626839058
1.55870594513, -1.43219955885, 1.80397637266, -1.92180177247, -1.59002713289, -0.00129394759522
1.55870827632, -1.43197369453, 1.80371415858, -1.92176538764, -1.59002708563, -0.00129162935901
1.55871060661, -1.43174784106, 1.80345189834, -1.92172894389, -1.59002703841, -0.00128931342428
1.558712936, -1.43152199841, 1.80318959185, -1.92169244097, -1.59002699124, -0.00128699949674
1.5587152645, -1.43129616652, 1.80292723904, -1.92165587866, -1.5900269441, -0.00128468725147
1.5587175921, -1.43107034537, 1.80266483985, -1.92161925683, -1.59002689701, -0.00128237633951
1.55871991881, -1.43084453494, 1.80240239424, -1.9215825754, -1.59002684995, -0.00128006639528
1.55872224463, -1.43061873519, 1.80213990221, -1.92154583435, -1.59002680292, -0.00127775704449
1.55872456954, -1.43039294613, 1.80187736375, -1.92150903375, -1.59002675592, -0.00127544791232
1.55872689356, -1.43016716773, 1.80161477889, -1.92147217374, -1.59002670894, -0.00127313863187
1.55872921669, -1.4299414, 1.80135214768, -1.92143525451, -1.59002666197, -0.00127082885257
1.55873153892, -1.42971564294, 1.80108947019, -1.92139827633, -1.59002661502, -0.00126851824833
1.55873386025, -1.42948989656, 1.80082674651, -1.92136123955, -1.59002656808, -0.00126620652539
1.55873618069, -1.42926416087, 1.80056397675, -1.92132414456, -1.59002652114, -0.00126389342953
1.55873850023, -1.42903843589, 1.80030116101, -1.92128699179, -1.5900264742, -0.00126157875257
1.55874081888, -1.42881272164, 1.80003829944, -1.92124978172, -1.59002642725, -0.00125926233793
1.55874313662, -1.42858701814, 1.79977539217, -1.92121251487, -1.59002638029, -0.00125694408516
1.55874545347, -1.42836132542, 1.79951243934, -1.92117519176, -1.59002633332, -0.0012546239533
1.55874776942, -1.4281356435, 1.79924944112, -1.92113781293, -1.59002628634, -0.00125230196295
1.55875008448, -1.42790997242, 1.79898639764, -1.92110037893, -1.59002623934, -0.00124997819699
1.55875239864, -1.42768431219, 1.79872330905, -1.92106289027, -1.59002619232, -0.00124765279997
1.5587547119, -1.42745866283, 1.79846017548, -1.92102534745, -1.59002614528, -0.00124532597601
1.55875702427, -1.42723302437, 1.79819699706, -1.92098775092, -1.59002609823, -0.00124299798539
1.55875933575, -1.42700739682, 1.7979337739, -1.92095010109, -1.59002605115, -0.00124066913976
1.55876164633, -1.42678178019, 1.79767050609, -1.92091239831, -1.59002600407, -0.00123833979618
1.55876395602, -1.42655617448, 1.7974071937, -1.92087464286, -1.59002595697, -0.0012360103499
1.55876626481, -1.4263305797, 1.79714383677, -1.92083683494, -1.59002590986, -0.00123368122626
1.55876857272, -1.42610499582, 1.79688043534, -1.92079897467, -1.59002586274, -0.00123135287164
1.55877087973, -1.42587942283, 1.7966169894, -1.9207610621, -1.59002581563, -0.0012290257439
1.55877318586, -1.42565386072, 1.79635349893, -1.92072309718, -1.59002576852, -0.00122670030221
1.5587754911, -1.42542830944, 1.79608996386, -1.92068507977, -1.59002572142, -0.00122437699677
1.55877779546, -1.42520276896, 1.79582638413, -1.92064700964, -1.59002567433, -0.00122205625852
1.55878009893, -1.42497723923, 1.79556275962, -1.92060888648, -1.59002562727, -0.00121973848899
1.55878240152, -1.42475172019, 1.7952990902, -1.92057070993, -1.59002558024, -0.00121742405074
1.55878470323, -1.4245262118, 1.79503537574, -1.92053247951, -1.59002553324, -0.00121511325838
1.55878700406, -1.42430071398, 1.79477161606, -1.92049419472, -1.59002548628, -0.00121280637056
1.55878930401, -1.42407522667, 1.79450781098, -1.92045585498, -1.59002543936, -0.00121050358305
1.55879160309, -1.42384974979, 1.79424396031, -1.9204174597, -1.59002539249, -0.00120820502306
1.55879390129, -1.42362428328, 1.79398006384, -1.92037900825, -1.59002534568, -0.00120591074503
1.55879619861, -1.42339882705, 1.79371612137, -1.92034049998, -1.59002529891, -0.00120362072799
1.55879849506, -1.42317338103, 1.79345213269, -1.92030193426, -1.59002525221, -0.00120133487451
1.55880079064, -1.42294794516, 1.79318809761, -1.92026331046, -1.59002520557, -0.00119905301138
1.55880308534, -1.42272251935, 1.79292401594, -1.92022462799, -1.59002515899, -0.00119677489203
1.55880537917, -1.42249710354, 1.7926598875, -1.92018588632, -1.59002511247, -0.0011945002006
1.55880767213, -1.42227169768, 1.79239571213, -1.92014708495, -1.590025066, -0.00119222855769
1.55880996422, -1.4220463017, 1.7921314897, -1.92010822349, -1.59002501959, -0.00118995952765
1.55881225544, -1.42182091556, 1.79186722009, -1.92006930158, -1.59002497324, -0.00118769262723
1.55881454578, -1.42159553921, 1.79160290322, -1.92003031901, -1.59002492693, -0.00118542733554
1.55881683525, -1.42137017264, 1.79133853904, -1.91999127563, -1.59002488067, -0.00118316310499
1.55881912385, -1.4211448158, 1.79107412752, -1.9199521714, -1.59002483444, -0.00118089937311
1.55882141158, -1.4209194687, 1.79080966868, -1.9199130064, -1.59002478825, -0.00117863557488
1.55882369843, -1.42069413132, 1.79054516254, -1.91987378082, -1.59002474208, -0.00117637115538
1.55882598441, -1.42046880367, 1.7902806092, -1.91983449493, -1.59002469593, -0.00117410558246
1.55882826952, -1.42024348577, 1.79001600874, -1.91979514912, -1.59002464979, -0.00117183835919
1.55883055374, -1.42001817763, 1.78975136131, -1.91975574389, -1.59002460365, -0.00116956903564
1.5588328371, -1.41979287928, 1.78948666706, -1.91971627981, -1.59002455751, -0.00116729722001
1.55883511957, -1.41956759076, 1.78922192617, -1.91967675752, -1.59002451136, -0.00116502258848
1.55883740117, -1.41934231212, 1.78895713884, -1.91963717773, -1.5900244652, -0.00116274489392
1.55883968189, -1.41911704338, 1.78869230529, -1.91959754121, -1.59002441901, -0.00116046397285
1.55884196173, -1.41889178461, 1.78842742574, -1.91955784874, -1.59002437279, -0.00115817975082
1.5588442407, -1.41866653585, 1.78816250042, -1.91951810113, -1.59002432655, -0.00115589224578
1.55884651879, -1.41844129715, 1.78789752956, -1.91947829919, -1.59002428026, -0.00115360156951
1.55884879599, -1.41821606856, 1.78763251338, -1.9194384437, -1.59002423395, -0.0011513079269
1.55885107233, -1.41799085011, 1.78736745209, -1.91939853541, -1.59002418759, -0.00114901161319
1.55885334778, -1.41776564186, 1.78710234589, -1.919358575, -1.5900241412, -0.00114671300909
1.55885562236, -1.41754044382, 1.78683719495, -1.91931856311, -1.59002409478, -0.00114441257383
1.55885789607, -1.41731525604, 1.78657199942, -1.91927850026, -1.59002404832, -0.00114211083645
1.5588601689, -1.41709007851, 1.7863067594, -1.91923838689, -1.59002400184, -0.00113980838517
1.55886244085, -1.41686491126, 1.786041475, -1.9191982233, -1.59002395533, -0.00113750585534
1.55886471194, -1.41663975427, 1.78577614624, -1.91915800972, -1.59002390881, -0.00113520391606
1.55886698216, -1.41641460754, 1.78551077314, -1.91911774619, -1.59002386227, -0.0011329032558
1.55886925151, -1.41618947103, 1.78524535568, -1.91907743267, -1.59002381574, -0.00113060456722
1.55887151999, -1.41596434471, 1.78497989377, -1.91903706896, -1.59002376921, -0.00112830853171
1.55887378761, -1.41573922854, 1.7847143873, -1.91899665474, -1.59002372269, -0.00112601580382
1.55887605436, -1.41551412244, 1.78444883613, -1.91895618955, -1.5900236762, -0.00112372699594
1.55887832026, -1.41528902637, 1.78418324008, -1.91891567283, -1.59002362974, -0.00112144266377
1.5588805853, -1.41506394023, 1.78391759893, -1.9188751039, -1.59002358332, -0.00111916329263
1.55888284948, -1.41483886394, 1.78365191243, -1.918834482, -1.59002353695, -0.00111688928514
1.5588851128, -1.41461379741, 1.78338618031, -1.91879380626, -1.59002349063, -0.00111462095059
1.55888737527, -1.41438874054, 1.78312040229, -1.9187530758, -1.59002344438, -0.00111235849607
1.55888963689, -1.41416369323, 1.78285457808, -1.91871228964, -1.5900233982, -0.00111010201983
1.55889189766, -1.41393865537, 1.78258870736, -1.91867144683, -1.59002335209, -0.00110785150691
1.55889415758, -1.41371362687, 1.78232278982, -1.91863054639, -1.59002330607, -0.00110560682723
1.55889641665, -1.41348860762, 1.78205682518, -1.91858958737, -1.59002326012, -0.00110336773629
1.55889867487, -1.41326359753, 1.78179081315, -1.91854856889, -1.59002321425, -0.00110113387834
1.55890093224, -1.4130385965, 1.78152475347, -1.91850749008, -1.59002316847, -0.00109890479226
1.55890318877, -1.41281360446, 1.78125864589, -1.91846635023, -1.59002312276, -0.00109667991982
1.55890544445, -1.41258862131, 1.7809924902, -1.91842514866, -1.59002307713, -0.00109445861631
1.55890769928, -1.41236364701, 1.78072628625, -1.91838388488, -1.59002303157, -0.00109224016338
1.55890995326, -1.4121386815, 1.7804600339, -1.91834255848, -1.59002298608, -0.0010900237837
1.55891220639, -1.41191372474, 1.78019373306, -1.91830116925, -1.59002294064, -0.00108780865731
1.55891445867, -1.4116887767, 1.7799273837, -1.91825971709, -1.59002289525, -0.0010855939392
1.5589167101, -1.41146383737, 1.77966098582, -1.91821820208, -1.59002284991, -0.00108337877784
1.55891896068, -1.41123890675, 1.7793945395, -1.91817662448, -1.59002280459, -0.00108116233419
1.5589212104, -1.41101398486, 1.77912804484, -1.91813498469, -1.59002275929, -0.00107894380081
1.55892345928, -1.41078907172, 1.77886150199, -1.91809328327, -1.590022714, -0.00107672242064
1.55892570729, -1.41056416737, 1.77859491114, -1.91805152093, -1.59002266871, -0.00107449750501
1.55892795445, -1.41033927187, 1.77832827255, -1.9180096985, -1.5900226234, -0.00107226845048
1.55893020075, -1.41011438528, 1.77806158649, -1.91796781695, -1.59002257807, -0.00107003475406
1.55893244619, -1.40988950767, 1.77779485325, -1.91792587732, -1.59002253271, -0.00106779602651
1.55893469077, -1.40966463911, 1.77752807316, -1.91788388075, -1.59002248731, -0.00106555200328
1.55893693449, -1.40943977969, 1.77726124657, -1.91784182843, -1.59002244186, -0.00106330255296
1.55893917736, -1.40921492948, 1.77699437383, -1.91779972155, -1.59002239635, -0.0010610476828
1.55894141935, -1.40899008858, 1.77672745529, -1.91775756133, -1.59002235078, -0.00105878754126
1.55894366049, -1.40876525706, 1.77646049128, -1.91771534896, -1.59002230516, -0.00105652241745
1.55894590077, -1.408540435, 1.77619348214, -1.91767308557, -1.59002225947, -0.00105425273734
1.55894814019, -1.40831562248, 1.77592642817, -1.9176307722, -1.59002221371, -0.00105197905693
1.55895037875, -1.40809081954, 1.77565932963, -1.91758840981, -1.5900221679, -0.00104970205218
1.55895261645, -1.40786602624, 1.77539218677, -1.91754599921, -1.59002212203, -0.00104742250621
1.55895485329, -1.40764124261, 1.77512499977, -1.91750354106, -1.5900220761, -0.00104514129378
1.55895708928, -1.40741646869, 1.77485776876, -1.91746103588, -1.59002203014, -0.00104285936336
1.55895932441, -1.40719170447, 1.77459049383, -1.91741848398, -1.59002198413, -0.00104057771725
1.55896155869, -1.40696694995, 1.77432317501, -1.9173758855, -1.59002193811, -0.00103829739005
1.55896379213, -1.40674220509, 1.77405581225, -1.91733324036, -1.59002189207, -0.00103601942605
1.55896602471, -1.40651746987, 1.77378840548, -1.91729054831, -1.59002184603, -0.00103374485586
1.55896825646, -1.40629274421, 1.77352095452, -1.91724780886, -1.5900218, -0.00103147467299
1.55897048736, -1.40606802804, 1.77325345918, -1.91720502137, -1.590021754, -0.00102920981072
1.55897271742, -1.40584332127, 1.77298591918, -1.91716218499, -1.59002170803, -0.00102695111992
1.55897494665, -1.4056186238, 1.77271833421, -1.91711929873, -1.59002166212, -0.0010246993483
1.55897717504, -1.40539393549, 1.77245070391, -1.91707636144, -1.59002161627, -0.00102245512152
1.5589794026, -1.40516925624, 1.77218302789, -1.91703337185, -1.5900215705, -0.0010202189267
1.55898162933, -1.40494458589, 1.77191530571, -1.9169903286, -1.59002152481, -0.00101799109875
1.55898385523, -1.4047199243, 1.77164753694, -1.91694723024, -1.59002147921, -0.00101577180983
1.55898608031, -1.40449527134, 1.77137972112, -1.91690407533, -1.59002143372, -0.00101356106229
1.55898830456, -1.40427062685, 1.7711118578, -1.91686086238, -1.59002138834, -0.00101135868521
1.55899052798, -1.4040459907, 1.77084394652, -1.91681758996, -1.59002134307, -0.0010091643349
1.55899275059, -1.40382136273, 1.77057598685, -1.91677425669, -1.59002129791, -0.00100697749919
1.55899497237, -1.40359674284, 1.77030797841, -1.9167308613, -1.59002125287, -0.00100479750564
1.55899719333, -1.40337213089, 1.77003992082, -1.91668740262, -1.59002120794, -0.00100262353355
1.55899941346, -1.40314752678, 1.76977181377, -1.91664387966, -1.59002116311, -0.00100045462943
1.55900163277, -1.40292293042, 1.769503657, -1.91660029161, -1.59002111838, -0.000998289725897
1.55900385126, -1.40269834174, 1.76923545031, -1.91655663784, -1.59002107374, -0.000996127663424
1.55900606892, -1.40247376069, 1.76896719358, -1.91651291796, -1.59002102918, -0.000993967214613
1.55900828576, -1.40224918723, 1.76869888673, -1.91646913182, -1.59002098469, -0.000991807110445
1.55901050176, -1.40202462135, 1.76843052977, -1.91642527949, -1.59002094025, -0.000989646068042
1.55901271694, -1.40180006305, 1.7681621228, -1.91638136131, -1.59002089584, -0.000987482819221
1.55901493128, -1.40157551238, 1.76789366598, -1.91633737785, -1.59002085146, -0.000985316139318
1.55901714479, -1.40135096937, 1.76762515952, -1.91629332991, -1.59002080709, -0.000983144875578
1.55901935746, -1.4011264341, 1.76735660373, -1.91624921854, -1.5900207627, -0.000980967974508
1.55902156929, -1.40090190665, 1.76708799897, -1.91620504495, -1.59002071829, -0.000978784507499
1.55902378028, -1.40067738713, 1.76681934564, -1.91616081058, -1.59002067383, -0.00097659369418
1.55902599043, -1.40045287564, 1.76655064421, -1.91611651697, -1.59002062932, -0.00097439492287
1.55902819974, -1.40022837231, 1.76628189516, -1.91607216582, -1.59002058474, -0.000972187767637
1.5590304082, -1.40000387727, 1.76601309903, -1.91602775889, -1.59002054009, -0.000969972001518
1.55903261581, -1.39977939066, 1.76574425634, -1.91598329801, -1.59002049534, -0.00096774760554
1.55903482258, -1.39955491261, 1.76547536762, -1.915938785, -1.59002045049, -0.000965514773194
1.5590370285, -1.39933044327, 1.76520643341, -1.91589422164, -1.59002040554, -0.000963273910265
1.55903923357, -1.39910598274, 1.7649374542, -1.91584960964, -1.59002036049, -0.000961025629852
1.5590414378, -1.39888153115, 1.76466843046, -1.91580495061, -1.59002031534, -0.000958770742639
1.55904364118, -1.39865708861, 1.76439936262, -1.915760246, -1.59002027008, -0.000956510242505
1.55904584371, -1.39843265519, 1.76413025103, -1.91571549705, -1.59002022474, -0.00095424528777
1.55904804541, -1.39820823097, 1.76386109601, -1.91567070482, -1.5900201793, -0.000951977178349
1.55905024626, -1.397983816, 1.76359189777, -1.91562587008, -1.59002013379, -0.000949707329262
1.55905244628, -1.3977594103, 1.76332265645, -1.91558099336, -1.59002008822, -0.000947437241055
1.55905464546, -1.39753501387, 1.76305337212, -1.9155360749, -1.5900200426, -0.000945168467715
1.55905684381, -1.39731062668, 1.76278404473, -1.91549111462, -1.59001999695, -0.000942902582725
1.55905904134, -1.39708624868, 1.76251467417, -1.91544611216, -1.59001995129, -0.000940641144043
1.55906123803, -1.39686187979, 1.76224526022, -1.91540106686, -1.59001990564, -0.000938385658741
1.55906343391, -1.39663751992, 1.76197580257, -1.91535597776, -1.59001986002, -0.000936137548076
1.55906562897, -1.39641316893, 1.76170630084, -1.91531084363, -1.59001981444, -0.000933898113813
1.55906782321, -1.39618882667, 1.76143675458, -1.91526566299, -1.59001976893, -0.000931668506596
1.55907001664, -1.39596449299, 1.76116716324, -1.91522043414, -1.5900197235, -0.000929449697061
1.55907220927, -1.3957401677, 1.76089752624, -1.91517515518, -1.59001967818, -0.000927242450457
1.55907440109, -1.3955158506, 1.76062784296, -1.91512982406, -1.59001963297, -0.0009250473054
1.5590765921, -1.39529154149, 1.76035811273, -1.91508443864, -1.5900195879, -0.000922864557273
1.55907878232, -1.39506724016, 1.76008833486, -1.9150389967, -1.59001954297, -0.000920694246801
1.55908097174, -1.3948429464, 1.75981850868, -1.91499349603, -1.5900194982, -0.000918536154123
1.55908316036, -1.39461866001, 1.75954863351, -1.91494793443, -1.59001945358, -0.000916389798612
1.55908534819, -1.39439438077, 1.75927870869, -1.91490230982, -1.59001940913, -0.000914254444561
1.55908753522, -1.39417010851, 1.75900873363, -1.91485662023, -1.59001936484, -0.000912129112709
1.55908972145, -1.39394584306, 1.75873870777, -1.91481086389, -1.59001932071, -0.000910012597488
1.55909190689, -1.39372158425, 1.75846863064, -1.91476503925, -1.59001927673, -0.000907903489697
1.55909409153, -1.39349733197, 1.75819850183, -1.91471914504, -1.59001923289, -0.000905800204183
1.55909627537, -1.39327308611, 1.75792832103, -1.91467318027, -1.59001918917, -0.000903701012062
1.55909845841, -1.39304884659, 1.75765808803, -1.9146271443, -1.59001914557, -0.000901604076773
1.55910064064, -1.39282461337, 1.75738780273, -1.91458103684, -1.59001910207, -0.000899507493283
1.55910282207, -1.39260038644, 1.75711746513, -1.91453485795, -1.59001905863, -0.000897409329575
1.5591050027, -1.39237616581, 1.75684707535, -1.91448860808, -1.59001901525, -0.00089530766961
1.5591071825, -1.39215195153, 1.75657663363, -1.91444228802, -1.59001897189, -0.000893200656727
1.5591093615, -1.39192774369, 1.75630614029, -1.91439589895, -1.59001892853, -0.000891086536559
1.55911153967, -1.39170354239, 1.75603559578, -1.91434944236, -1.59001888516, -0.000888963698523
1.55911371702, -1.39147934776, 1.75576500063, -1.91430292007, -1.59001884174, -0.000886830714868
1.55911589355, -1.39125515998, 1.75549435546, -1.91425633418, -1.59001879825, -0.000884686376368
1.55911806925, -1.39103097921, 1.75522366095, -1.914209687, -1.59001875467, -0.000882529723828
1.55912024411, -1.39080680566, 1.75495291786, -1.91416298105, -1.59001871098, -0.000880360074547
1.55912241815, -1.39058263952, 1.75468212696, -1.91411621899, -1.59001866716, -0.00087817704311
1.55912459135, -1.39035848102, 1.75441128907, -1.91406940353, -1.5900186232, -0.000875980555887
1.55912676371, -1.39013433037, 1.754140405, -1.91402253743, -1.59001857909, -0.000873770858793
1.55912893524, -1.38991018778, 1.75386947556, -1.91397562339, -1.59001853482, -0.00087154851803
1.55913110593, -1.38968605345, 1.75359850151, -1.913928664, -1.59001849038, -0.000869314413621
1.55913327578, -1.38946192758, 1.75332748358, -1.9138816617, -1.59001844578, -0.000867069725767
1.5591354448, -1.38923781032, 1.75305642242, -1.9138346187, -1.59001840102, -0.000864815914168
1.55913761299, -1.38901370183, 1.75278531861, -1.91378753695, -1.59001835612, -0.000862554690664
1.55913978035, -1.38878960223, 1.7525141726, -1.91374041804, -1.59001831107, -0.000860287985659
1.55914194688, -1.38856551159, 1.75224298478, -1.91369326322, -1.5900182659, -0.000858017908978
1.55914411258, -1.38834142997, 1.75197175537, -1.91364607333, -1.59001822063, -0.000855746705889
1.55914627746, -1.38811735739, 1.75170048448, -1.91359884879, -1.59001817527, -0.000853476709251
1.55914844153, -1.38789329382, 1.75142917209, -1.91355158954, -1.59001812986, -0.000851210288738
1.55915060478, -1.3876692392, 1.75115781803, -1.91350429512, -1.59001808442, -0.000848949798223
1.55915276723, -1.38744519342, 1.75088642201, -1.91345696456, -1.59001803899, -0.000846697522489
1.55915492888, -1.38722115635, 1.75061498359, -1.91340959648, -1.59001799358, -0.000844455624486
1.55915708973, -1.38699712781, 1.75034350222, -1.91336218909, -1.59001794823, -0.000842226094221
1.55915924978, -1.3867731076, 1.75007197721, -1.91331474019, -1.59001790297, -0.000840010700613
1.55916140905, -1.38654909547, 1.74980040778, -1.91326724727, -1.59001785782, -0.000837810947319
1.55916356754, -1.38632509116, 1.74952879307, -1.91321970748, -1.59001781283, -0.000835628033694
1.55916572525, -1.3861010944, 1.74925713213, -1.91317211779, -1.59001776799, -0.000833462821814
1.55916788218, -1.38587710488, 1.74898542398, -1.91312447495, -1.59001772335, -0.000831315810446
1.55917003835, -1.38565312229, 1.74871366758, -1.91307677564, -1.59001767892, -0.000829187116683
1.55917219374, -1.38542914634, 1.74844186192, -1.91302901651, -1.5900176347, -0.00082707646581
1.55917434837, -1.38520517671, 1.74817000597, -1.91298119424, -1.59001759072, -0.000824983189779
1.55917650223, -1.38498121311, 1.74789809875, -1.91293330564, -1.59001754697, -0.000822906234492
1.55917865532, -1.38475725526, 1.74762613934, -1.91288534772, -1.59001750345, -0.000820844175936
1.55918080765, -1.38453330292, 1.7473541269, -1.91283731777, -1.59001746017, -0.000818795244967
1.55918295921, -1.38430935585, 1.7470820607, -1.91278921338, -1.5900174171, -0.000816757360303
1.55918511, -1.38408541387, 1.74680994011, -1.91274103258, -1.59001737424, -0.000814728169217
1.55918726002, -1.38386147683, 1.74653776465, -1.9126927738, -1.59001733157, -0.000812705095142
1.55918940927, -1.38363754461, 1.74626553398, -1.91264443601, -1.59001728906, -0.000810685391237
1.55919155774, -1.38341361715, 1.74599324794, -1.91259601867, -1.59001724668, -0.000808666198828
1.55919370543, -1.38318969443, 1.74572090651, -1.91254752181, -1.5900172044, -0.000806644609529
1.55919585232, -1.38296577648, 1.74544850985, -1.91249894599, -1.5900171622, -0.000804617729694
1.55919799843, -1.38274186338, 1.74517605829, -1.91245029237, -1.59001712003, -0.000802582745798
1.55920014374, -1.38251795526, 1.74490355232, -1.9124015626, -1.59001707787, -0.000800536989312
1.55920228825, -1.38229405229, 1.74463099259, -1.91235275889, -1.59001703566, -0.000798477999568
1.55920443194, -1.38207015466, 1.7443583799, -1.9123038839, -1.59001699339, -0.000796403583217
1.55920657483, -1.38184626264, 1.74408571516, -1.91225494072, -1.590016951, -0.000794311868799
1.5592087169, -1.38162237649, 1.74381299941, -1.91220593281, -1.59001690848, -0.000792201355174
1.55921085815, -1.38139849652, 1.74354023376, -1.91215686391, -1.59001686578, -0.000790070952548
1.55921299858, -1.38117462305, 1.74326741942, -1.91210773801, -1.59001682289, -0.000787920015072
1.55921513817, -1.38095075642, 1.74299455759, -1.91205855918, -1.59001677978, -0.000785748364075
1.55921727694, -1.38072689695, 1.74272164952, -1.91200933158, -1.59001673644, -0.000783556301245
1.55921941488, -1.38050304497, 1.74244869644, -1.91196005928, -1.59001669284, -0.00078134461128
1.55922155198, -1.38027920081, 1.74217569952, -1.91191074622, -1.590016649, -0.000779114553683
1.55922368826, -1.38005536477, 1.74190265987, -1.91186139612, -1.5900166049, -0.000776867843761
1.5592258237, -1.37983153711, 1.74162957851, -1.91181201236, -1.59001656055, -0.000774606622951
1.55922795832, -1.37960771807, 1.74135645631, -1.91176259792, -1.59001651597, -0.000772333419012
1.55923009212, -1.37938390784, 1.74108329403, -1.91171315529, -1.59001647117, -0.000770051096723
1.55923222509, -1.37916010657, 1.74081009224, -1.91166368642, -1.59001642617, -0.000767762800028
1.55923435725, -1.37893631436, 1.74053685134, -1.91161419268, -1.59001638101, -0.000765471886774
1.5592364886, -1.37871253124, 1.74026357152, -1.91156467476, -1.59001633571, -0.000763181857347
1.55923861915, -1.3784887572, 1.73999025278, -1.9115151327, -1.59001629032, -0.000760896278715
1.55924074889, -1.37826499216, 1.73971689491, -1.91146556586, -1.59001624488, -0.000758618705458
1.55924287785, -1.37804123598, 1.7394434975, -1.9114159729, -1.59001619942, -0.000756352599536
1.55924500603, -1.37781748848, 1.73917005991, -1.91136635184, -1.59001615399, -0.000754101250574
1.55924713343, -1.3775937494, 1.73889658134, -1.91131670002, -1.59001610864, -0.000751867698456
1.55924926006, -1.37737001844, 1.73862306079, -1.91126701424, -1.59001606342, -0.00074965466
1.55925138593, -1.37714629527, 1.73834949711, -1.91121729075, -1.59001601835, -0.000747464461491
1.55925351105, -1.3769225795, 1.73807588901, -1.91116752534, -1.59001597349, -0.000745298978643
1.55925563541, -1.37669887072, 1.73780223508, -1.91111771344, -1.59001592887, -0.000743159585557
1.55925775903, -1.37647516849, 1.73752853385, -1.91106785022, -1.59001588452, -0.000741047113935
1.55925988192, -1.37625147236, 1.73725478378, -1.91101793066, -1.59001584047, -0.000738961823705
1.55926200406, -1.37602778187, 1.73698098331, -1.91096794971, -1.59001579675, -0.000736903385941
1.55926412548, -1.37580409657, 1.73670713091, -1.91091790233, -1.59001575336, -0.000734870878681
1.55926624616, -1.37558041604, 1.73643322509, -1.9108677837, -1.59001571031, -0.000732862796026
1.55926836612, -1.37535673984, 1.73615926444, -1.91081758925, -1.59001566761, -0.000730877070535
1.55927048534, -1.37513306761, 1.7358852477, -1.91076731481, -1.59001562525, -0.000728911108715
1.55927260382, -1.37490939901, 1.73561117371, -1.91071695669, -1.59001558321, -0.000726961839033
1.55927472158, -1.37468573375, 1.73533704153, -1.9106665118, -1.59001554147, -0.000725025771619
1.55927683859, -1.37446207161, 1.73506285039, -1.9106159777, -1.5900155, -0.000723099068572
1.55927895486, -1.37423841242, 1.73478859978, -1.91056535269, -1.59001545878, -0.000721177623468
1.55928107037, -1.37401475607, 1.73451428938, -1.91051463586, -1.59001541775, -0.000719257148468
1.55928318513, -1.37379110255, 1.73423991917, -1.91046382712, -1.59001537688, -0.000717333267224
1.55928529913, -1.3735674519, 1.73396548934, -1.9104129272, -1.5900153361, -0.000715401611598
1.55928741235, -1.37334380424, 1.73369100037, -1.91036193771, -1.59001529539, -0.000713457920087
1.5592895248, -1.37312015975, 1.73341645297, -1.91031086104, -1.59001525466, -0.000711498135811
1.55929163646, -1.37289651869, 1.7331418481, -1.91025970039, -1.59001521388, -0.00070951850178
1.55929374732, -1.37267288138, 1.73286718692, -1.91020845968, -1.59001517299, -0.000707515651323
1.55929585738, -1.37244924819, 1.73259247082, -1.91015714349, -1.59001513194, -0.000705486691477
1.55929796663, -1.37222561955, 1.73231770133, -1.91010575694, -1.59001509067, -0.000703429277381
1.55930007507, -1.37200199592, 1.73204288015, -1.91005430563, -1.59001504914, -0.00070134167578
1.55930218268, -1.37177837778, 1.73176800905, -1.9100027955, -1.59001500731, -0.000699222816033
1.55930428947, -1.37155476565, 1.7314930899, -1.9099512327, -1.59001496515, -0.000697072327199
1.55930639542, -1.37133116005, 1.73121812457, -1.90989962347, -1.59001492263, -0.000694890560109
1.55930850055, -1.37110756149, 1.73094311492, -1.90984797397, -1.59001487973, -0.000692678593649
1.55931060484, -1.37088397046, 1.73066806277, -1.9097962902, -1.59001483645, -0.000690438224767
1.5593127083, -1.37066038742, 1.7303929698, -1.90974457779, -1.59001479277, -0.000688171942115
1.55931481093, -1.37043681281, 1.73011783757, -1.90969284192, -1.59001474872, -0.000685882883661
1.55931691273, -1.37021324699, 1.72984266746, -1.90964108716, -1.5900147043, -0.000683574778794
1.55931901371, -1.36998969028, 1.72956746065, -1.9095893174, -1.59001465954, -0.000681251876045
1.55932111387, -1.36976614292, 1.72929221803, -1.90953753569, -1.59001461448, -0.000678918857654
1.55932321322, -1.36954260508, 1.72901694025, -1.9094857442, -1.59001456916, -0.000676580742752
1.55932531176, -1.36931907683, 1.72874162767, -1.90943394414, -1.59001452363, -0.000674242781022
1.55932740951, -1.36909555818, 1.72846628033, -1.9093821357, -1.59001447793, -0.000671910339106
1.55932950647, -1.36887204903, 1.72819089796, -1.90933031806, -1.59001443214, -0.000669588782145
1.55933160266, -1.3686485492, 1.72791547998, -1.90927848934, -1.59001438632, -0.000667283353019
1.55933369809, -1.36842505842, 1.7276400255, -1.90922664668, -1.59001434054, -0.000664999051974
1.55933579276, -1.36820157633, 1.72736453333, -1.90917478623, -1.59001429485, -0.000662740519351
1.55933788669, -1.36797810251, 1.72708900202, -1.90912290326, -1.59001424933, -0.000660511924098
1.55933997988, -1.36775463646, 1.72681342986, -1.90907099221, -1.59001420404, -0.000658316860695
1.55934207235, -1.36753117762, 1.72653781494, -1.90901904684, -1.59001415904, -0.000656158256997
1.55934416411, -1.36730772538, 1.72626215517, -1.90896706032, -1.59001411439, -0.000654038295257
1.55934625515, -1.36708427908, 1.72598644831, -1.90891502541, -1.59001407014, -0.000651958348374
1.5593483455, -1.36686083808, 1.72571069206, -1.90886293457, -1.59001402633, -0.000649918933101
1.55935043515, -1.36663740167, 1.72543488408, -1.90881078016, -1.59001398298, -0.000647919681591
1.55935252411, -1.36641396919, 1.72515902205, -1.90875855461, -1.59001394014, -0.000645959332298
1.55935461238, -1.36619053999, 1.72488310371, -1.90870625055, -1.5900138978, -0.000644035740798
1.55935669997, -1.36596711345, 1.72460712692, -1.90865386104, -1.59001385597, -0.0006421459107
1.55935878686, -1.36574368899, 1.72433108973, -1.90860137969, -1.59001381464, -0.000640286044314
1.55936087306, -1.3655202661, 1.72405499039, -1.90854880082, -1.59001377378, -0.00063845161236
1.55936295856, -1.36529684436, 1.72377882742, -1.90849611963, -1.59001373338, -0.000636637441502
1.55936504337, -1.36507342341, 1.72350259963, -1.90844333229, -1.59001369339, -0.000634837818086
1.55936712746, -1.364850003, 1.72322630618, -1.90839043608, -1.59001365375, -0.000633046606079
1.55936921083, -1.36462658298, 1.72294994658, -1.90833742944, -1.59001361441, -0.000631257376824
1.55937129348, -1.3644031633, 1.72267352072, -1.90828431204, -1.5900135753, -0.000629463547933
1.55937337539, -1.36417974401, 1.72239702885, -1.90823108484, -1.59001353634, -0.000627658528357
1.55937545655, -1.36395632531, 1.72212047165, -1.90817775003, -1.59001349746, -0.000625835866503
1.55937753694, -1.36373290745, 1.72184385014, -1.90812431108, -1.59001345858, -0.000623989398129
1.55937961657, -1.36350949083, 1.72156716572, -1.90807077263, -1.59001341961, -0.00062211339067
1.5593816954, -1.36328607593, 1.72129042013, -1.90801714043, -1.59001338047, -0.000620202680687
1.55938377344, -1.3630626633, 1.72101361541, -1.90796342125, -1.59001334108, -0.000618252801211
1.55938585068, -1.36283925359, 1.72073675387, -1.9079096227, -1.59001330138, -0.000616260095915
1.55938792709, -1.3626158475, 1.72045983804, -1.90785575314, -1.59001326128, -0.000614221817287
1.55939000268, -1.36239244577, 1.7201828706, -1.90780182144, -1.59001322074, -0.000612136206289
1.55939207744, -1.36216904919, 1.71990585436, -1.90774783685, -1.59001317969, -0.000610002551345
1.55939415135, -1.36194565854, 1.71962879216, -1.90769380875, -1.5900131381, -0.000607821224894
1.55939622443, -1.36172227461, 1.71935168683, -1.90763974649, -1.59001309593, -0.000605593696295
1.55939829665, -1.36149889817, 1.71907454113, -1.90758565911, -1.59001305318, -0.000603322520302
1.55940036804, -1.36127552992, 1.71879735764, -1.90753155523, -1.59001300984, -0.00060101130088
1.55940243858, -1.36105217055, 1.71852013878, -1.90747744274, -1.59001296591, -0.000598664630714
1.55940450828, -1.36082882063, 1.71824288667, -1.90742332868, -1.59001292143, -0.000596288007276
1.55940657714, -1.36060548066, 1.71796560312, -1.90736921907, -1.59001287643, -0.000593887726896
1.55940864519, -1.36038215103, 1.71768828959, -1.90731511868, -1.59001283096, -0.000591470758769
1.55941071241, -1.36015883202, 1.7174109471, -1.90726103099, -1.59001278508, -0.000589044601352
1.55941277884, -1.35993552378, 1.71713357628, -1.90720695801, -1.59001273887, -0.000586617124052
1.55941484447, -1.35971222634, 1.71685617724, -1.90715290027, -1.5900126924, -0.000584196397413
1.55941690933, -1.35948893959, 1.71657874968, -1.90709885673, -1.59001264578, -0.000581790515488
1.55941897342, -1.35926566327, 1.71630129277, -1.9070448248, -1.59001259908, -0.000579407414168
1.55942103677, -1.35904239701, 1.71602380525, -1.90699080035, -1.59001255242, -0.000577054689525
1.55942309938, -1.35881914031, 1.71574628539, -1.90693677779, -1.59001250589, -0.000574739420198
1.55942516128, -1.35859589254, 1.71546873105, -1.90688275016, -1.5900124596, -0.000572467997983
1.55942722248, -1.35837265296, 1.71519113972, -1.90682870925, -1.59001241363, -0.000570245970491
1.55942928298, -1.35814942076, 1.71491350853, -1.90677464578, -1.59001236809, -0.000568077899767
1.55943134282, -1.35792619504, 1.71463583438, -1.90672054958, -1.59001232305, -0.000565967240265
1.55943340199, -1.35770297482, 1.71435811392, -1.90666640977, -1.5900122786, -0.000563916239366
1.55943546051, -1.35747975913, 1.71408034368, -1.90661221506, -1.59001223478, -0.00056192586311
1.55943751839, -1.35725654692, 1.71380252015, -1.90655795393, -1.59001219167, -0.000559995749275
1.55943957562, -1.35703333721, 1.71352463979, -1.90650361492, -1.59001214928, -0.000558124189445
1.55944163222, -1.35681012899, 1.71324669918, -1.90644918686, -1.59001210765, -0.000556308140998
1.55944368819, -1.35658692134, 1.71296869508, -1.90639465918, -1.59001206678, -0.000554543269362
1.55944574352, -1.35636371338, 1.71269062448, -1.90634002209, -1.59001202665, -0.000552824020154
1.55944779821, -1.35614050436, 1.7124124847, -1.90628526689, -1.59001198723, -0.000551143720191
1.55944985225, -1.35591729359, 1.71213427344, -1.90623038612, -1.59001194849, -0.000549494705667
1.55945190564, -1.35569408055, 1.71185598887, -1.9061753738, -1.59001191036, -0.000547868475112
1.55945395836, -1.35547086484, 1.71157762962, -1.90612022555, -1.59001187276, -0.000546255864222
1.5594560104, -1.35524764621, 1.71129919488, -1.90606493877, -1.59001183561, -0.000544647239037
1.55945806175, -1.35502442459, 1.71102068441, -1.90600951271, -1.59001179881, -0.00054303270346
1.55946011239, -1.35480120004, 1.71074209853, -1.90595394851, -1.59001176224, -0.00054140231677
1.5594621623, -1.35457797283, 1.71046343816, -1.90589824922, -1.59001172579, -0.000539746316394
1.55946421147, -1.35435474335, 1.7101847048, -1.90584241979, -1.59001168935, -0.000538055341062
1.55946625988, -1.35413151217, 1.70990590047, -1.90578646697, -1.59001165278, -0.00053632064931
1.55946830751, -1.35390828002, 1.70962702776, -1.90573039921, -1.59001161596, -0.000534534328306
1.55947035434, -1.35368504772, 1.70934808969, -1.90567422648, -1.59001157877, -0.000532689488164
1.55947240035, -1.35346181625, 1.70906908971, -1.90561796011, -1.59001154111, -0.000530780437049
1.55947444554, -1.35323858666, 1.70879003159, -1.90556161253, -1.59001150286, -0.000528802832734
1.55947648988, -1.35301536008, 1.70851091939, -1.90550519703, -1.59001146394, -0.000526753806827
1.55947853338, -1.35279213771, 1.70823175733, -1.90544872749, -1.59001142427, -0.000524632058223
1.55948057601, -1.35256892073, 1.70795254972, -1.90539221805, -1.59001138377, -0.000522437913135
1.55948261777, -1.35234571035, 1.70767330084, -1.9053356828, -1.59001134242, -0.000520173349723
1.55948465866, -1.35212250775, 1.70739401489, -1.90527913548, -1.59001130017, -0.000517841985995
1.55948669867, -1.35189931403, 1.70711469585, -1.90522258918, -1.59001125703, -0.000515449030613
1.55948873782, -1.35167613023, 1.7068353474, -1.90516605597, -1.59001121301, -0.000513001196913
1.5594907761, -1.35145295725, 1.70655597283, -1.90510954667, -1.59001116814, -0.00051050658139
1.55949281352, -1.35122979587, 1.70627657496, -1.90505307057, -1.59001112247, -0.000507974508697
1.55949485011, -1.35100664674, 1.70599715608, -1.90499663515, -1.59001107608, -0.000505415345934
1.55949688586, -1.3507835103, 1.70571771785, -1.90494024593, -1.59001102907, -0.00050284028986
1.55949892079, -1.35056038682, 1.70543826129, -1.90488390629, -1.59001098154, -0.000500261131242
1.55950095493, -1.35033727638, 1.70515878672, -1.90482761732, -1.5900109336, -0.000497690001239
1.5595029883, -1.35011417884, 1.70487929375, -1.9047713778, -1.5900108854, -0.00049513910511
1.55950502091, -1.34989109387, 1.70459978127, -1.90471518415, -1.59001083708, -0.000492620449053
1.55950705279, -1.34966802094, 1.70432024747, -1.90465903047, -1.59001078878, -0.000490145566151
1.55950908397, -1.34944495933, 1.70404068982, -1.90460290864, -1.59001074067, -0.000487725247577
1.55951111445, -1.34922190811, 1.70376110521, -1.90454680843, -1.59001069287, -0.000485369285217
1.55951314428, -1.34899886622, 1.70348148988, -1.90449071774, -1.59001064556, -0.000483086231726
1.55951517346, -1.34877583245, 1.70320183962, -1.90443462277, -1.59001059885, -0.000480883183741
1.55951720202, -1.34855280544, 1.70292214976, -1.90437850835, -1.59001055288, -0.000478765593629
1.55951922997, -1.34832978377, 1.7026424153, -1.90432235822, -1.59001050777, -0.000476737114482
1.55952125733, -1.34810676595, 1.70236263103, -1.90426615543, -1.59001046361, -0.000474799482604
1.55952328412, -1.34788375044, 1.70208279162, -1.90420988261, -1.59001042048, -0.000472952440776
1.55952531033, -1.34766073573, 1.70180289175, -1.90415352244, -1.59001037843, -0.000471193704902
1.55952733597, -1.34743772033, 1.70152292621, -1.90409705803, -1.59001033751, -0.000469518975582
1.55952936106, -1.34721470281, 1.70124289006, -1.90404047324, -1.59001029771, -0.00046792199526
1.55953138558, -1.34699168187, 1.7009627787, -1.90398375316, -1.59001025902, -0.000466394650566
1.55953340952, -1.34676865632, 1.70068258801, -1.90392688439, -1.59001022141, -0.000464927118402
