3.58438024404, 1.78694619575, 14.5724988525, 4.61481538136, -0.00520435557227, 1.36898653255e-06
3.38889446003, 1.76749215599, 13.8220602464, 4.36546215782, -0.00367827432791, 0.00186560343967
3.29570131477, 1.75644445161, 13.4740860928, 4.24812433563, -0.00299708168955, 0.00546552069044
3.24656949032, 1.74411094071, 13.3006497355, 4.18850287166, -0.00275727487526, 0.0107279450937
3.21600416075, 1.72877134073, 13.202995681, 4.15411650307, -0.00273664105559, 0.0176041308749
3.19268143261, 1.7101976598, 13.1374302981, 4.13051574116, -0.0028264179613, 0.0260562213454
3.17154689936, 1.68838352399, 13.0844196178, 4.11120683924, -0.00297545376671, 0.0360512225708
3.15034700398, 1.66332185898, 13.0351721489, 4.09324068021, -0.00315978378877, 0.0475582957022
3.1280849868, 1.63497930496, 12.9857003365, 4.07525242367, -0.00336786231933, 0.0605475281429
3.10432923308, 1.60330107853, 12.9341686278, 4.05658437128, -0.00359370437135, 0.0749893664607
3.07890257757, 1.56821705257, 12.8797044138, 4.03689233719, -0.00383376307566, 0.0908543445077
3.05174256705, 1.52964557602, 12.8218639426, 4.01596880604, -0.00408552214715, 0.10811294285
3.02283858657, 1.48749558702, 12.7603922728, 3.9936634887, -0.00434686785704, 0.126735505618
2.99220357313, 1.44166776694, 12.6951153985, 3.96984767844, -0.00461581278439, 0.14669218189
2.95986130152, 1.39205520197, 12.6258918225, 3.94439831352, -0.0048903792231, 0.167952876453
2.9258406824, 1.33854380088, 12.5525908735, 3.91719090737, -0.00516855532169, 0.190487203418
2.89017321877, 1.28101259535, 12.4750830605, 3.88809647109, -0.00544828464411, 0.214264439908
2.85289188742, 1.21933398473, 12.3932358437, 3.85698023381, -0.00572747193783, 0.239253478592
2.81403066263, 1.15337395592, 12.3069118471, 3.82370117367, -0.00600399781471, 0.265422778155
2.77362432918, 1.08299229183, 12.2159681683, 3.78811191412, -0.00627573782051, 0.292740312102
2.73170843, 1.00804277824, 12.1202561878, 3.75005878801, -0.00654058602265, 0.321173515222
2.68831927147, 0.928373407967, 12.019621602, 3.70938197697, -0.00679648108498, 0.350689228756
2.64349395974, 0.843826589998, 11.9139045612, 3.6659156886, -0.00704143573166, 0.381253643014
2.5972704487, 0.754239359498, 11.8029398567, 3.61948835109, -0.00727356906049, 0.412832238468
2.54968759679, 0.659443592927, 11.686557132, 3.56992281923, -0.00749114210355, 0.445389725549
2.5007852275, 0.559266226651, 11.5645811086, 3.51703658788, -0.00769259625714, 0.47888998255
2.45060419163, 0.453529480195, 11.4368318205, 3.46064201018, -0.00787659565215, 0.513295991459
2.39918643356, 0.342051084407, 11.303124856, 3.40054652329, -0.0080420726249, 0.548569773643
2.34657505788, 0.224644516156, 11.1632716071, 3.33655287796, -0.00818827709097, 0.5846723231
2.29281439771, 0.101119237159, 11.0170795238, 3.26845937581, -0.00831482878572, 0.621563539444
2.23795008579, -0.0287190605592, 10.8643523763, 3.19606011025, -0.00842177516104, 0.659202158547
2.18202912427, -0.165068201128, 10.7048905237, 3.11914521719, -0.00850965096172, 0.697545683865
2.12509995875, -0.30812926657, 10.5384911909, 3.03750113011, -0.00857954374034, 0.736550314692
2.06721255176, -0.458106330096, 10.3649487513, 2.95091084301, -0.00863316195958, 0.776170875987
2.00841845697, -0.615206180805, 10.1840550199, 2.85915418293, -0.00867290807632, 0.816360745396
1.94877089566, -0.779638042037, 9.99559955314, 2.76200808812, -0.00870195501296, 0.857071781009
1.88832483358, -0.951613279553, 9.79936995804, 2.65924689589, -0.00872432742305, 0.89825424768
1.82713705791, -1.1313451002, 9.59515221235, 2.55064264129, -0.0087449860924, 0.939856743839
1.76526625585, -1.31904824343, 9.38273099116, 2.43596536179, -0.00876991628521, 0.981826127346
1.70277309399, -1.51493866002, 9.16189000712, 2.31498341527, -0.00880622080261, 1.02410744116
1.63972029578, -1.71923318257, 8.93241235846, 2.18746380632, -0.00886221552152, 1.06664384002
1.57617272315, -1.93214918226, 8.69408089083, 2.05317252514, -0.00894752880407, 1.10937651535
1.51219745498, -2.15390421808, 8.44667856778, 1.91187489575, -0.00907320377519, 1.15224462248
1.4478638673, -2.38471567012, 8.18998885562, 1.76333593848, -0.00925180414291, 1.19518520684
1.38324371281, -2.62480036362, 7.92379611908, 1.60732074306, -0.0094975213229, 1.23813313148
1.31841119999, -2.87437417756, 7.64788603118, 1.443594855, -0.00982628507633, 1.28102100485
1.2534430718, -3.13365164279, 7.36204599391, 1.27192467491, -0.0102558751913, 1.32377911029
1.18841868361, -3.40284552373, 7.06606557636, 1.09207787309, -0.0108060342572, 1.36633533572
1.12342007973, -3.68216638645, 6.75973696345, 0.903823816344, -0.0114985811715, 1.40861510595
1.05853206911, -3.97182215326, 6.44285542152, 0.706934010342, -0.0123575252739, 1.45054131518
0.99384229859, -4.27201764086, 6.11521977738, 0.501182557537, -0.0134091797222, 1.4920342629
0.92944132516, -4.58295408238, 5.77663291385, 0.286346629428, -0.0146822722168, 1.53301159083
0.865422685059, -4.90482863457, 5.42690228123, 0.0622069568512, -0.0162080556858, 1.5733882233
0.801882959856, -5.23783386838, 5.06584042237, -0.171451667113, -0.0180204157909, 1.61307630922
0.738921840903, -5.58215724037, 4.69326551851, -0.414839861843, -0.0201559719022, 1.65198516929
0.676642187514, -5.93798055042, 4.30900194738, -0.668163123047, -0.0226541770754, 1.69002124365
0.615150083273, -6.30547937903, 3.9128808616, -0.931621264345, -0.0255574089086, 1.72708804703
0.554554886663, -6.68482250681, 3.50474078334, -1.20540784298, -0.0289110546577, 1.76308612528
0.494969276167, -7.07617131747, 3.08442821517, -1.4897095685, -0.0327635882353, 1.7979130183
0.436509288708, -7.47967918086, 2.65179827052, -1.78470569251, -0.037166637458, 1.83146322801
0.379294353851, -7.89549081705, 2.20671532138, -2.09056737803, -0.0421750387202, 1.86362819094
0.323447317768, -8.32374164258, 1.74905366305, -2.40745705371, -0.0478468821515, 1.89429625895
0.269094461152, -8.76455709744, 1.2786981971, -2.73552774819, -0.0542435399788, 1.92335268538
0.216365506972, -9.21805195221, 0.795545132824, -3.07492240411, -0.0614296811648, 1.95067961808
0.165393619327, -9.68432959952, 0.299502704567, -3.42577317878, -0.0694732686949, 1.97615610181
0.116315391365, -10.1634813205, -0.209508090841, -3.78820071891, -0.0784455368513, 1.99965808846
0.0692708226797, -10.6555855408, -0.731552744015, -4.16231342605, -0.0884209493906, 2.02105845549
0.0244032820903, -11.1607070601, -1.26668245975, -4.54820669643, -0.099477134054, 2.04022703522
-0.0181405394635, -11.6788962714, -1.81493337499, -4.94596214974, -0.111694794052, 2.05703065374
-0.0582106923188, -12.2101883568, -2.3763257562, -5.35564683766, -0.125157591922, 2.07133318095
-0.095654046737, -12.754602472, -2.95086318355, -5.77731243838, -0.139952006847, 2.08299559128
-0.13031438567, -13.3121409094, -3.53853172187, -6.21099443393, -0.156167161189, 2.09187603855
-0.162032515794, -13.8827882516, -4.13929907766, -6.65671127485, -0.173894615115, 2.09782994044
-0.190646395592, -14.4665105056, -4.75311374415, -7.11446353159, -0.193228127981, 2.1007100786
-0.21599128198, -15.0632542306, -5.37990413854, -7.58423303339, -0.214263383294, 2.10036671169
-0.237899895968, -15.6729456467, -6.01957772523, -8.06598199569, -0.237097676348, 2.09664770228
-0.256202608495, -16.2954897394, -6.67202013703, -8.55965213841, -0.261829563594, 2.08939865809
-0.270727647054, -16.9307693538, -7.33709428676, -9.06516380103, -0.28855846995, 2.07846308845
-0.2813013212, -17.5786442817, -8.01463947562, -9.58241504309, -0.3173842532, 2.06368257692
-0.287748271905, -18.2389503422, -8.70447049929, -10.1112807459, -0.348406724158, 2.0448969678
-0.289891742188, -18.9114984636, -9.40637675753, -10.6516117165, -0.381725123458, 2.02194456833
-0.287553866015, -19.5960737602, -10.1201213612, -11.2032337807, -0.417437548823, 1.99466236652
-0.280555983973, -20.2924346171, -10.8454402494, -11.7659468912, -0.455640336967, 1.962886264
-0.268718974646, -21.0003117674, -11.582041305, -12.339524229, -0.496427393549, 1.92645132607
-0.251863609803, -21.7194073956, -12.3296034978, -12.9237113234, -0.539889479644, 1.88519204073
-0.229810928363, -22.4493942253, -13.0877760163, -13.5182251722, -0.586113441743, 1.83894259804
-0.20238262949, -23.1899146476, -13.8561774418, -14.1227533842, -0.635181399296, 1.78753717749
-0.169401479756, -23.9405798375, -14.634394917, -14.7369533285, -0.687169877376, 1.73081025075
-0.130691741548, -24.700968909, -15.4219833566, -15.3604513107, -0.742148895019, 1.66859689396
-0.0860796087583, -25.4706280832, -16.2184646691, -15.9928417657, -0.800181003265, 1.6007331087
-0.0353936585342, -26.2490698773, -17.0233270102, -16.6336864763, -0.86132027911, 1.52705615274
0.0215346922368, -27.0357723318, -17.8360240758, -17.2825138214, -0.925611274296, 1.44740487552
0.0848707263676, -27.8301782533, -18.6559744124, -17.9388180506, -0.993087921073, 1.36162005877
0.154775952031, -28.6316945059, -19.4825607804, -18.6020585962, -1.06377240191, 1.26954475729
0.231407651768, -29.439691328, -20.3151295482, -19.2716594166, -1.13767398111, 1.17102464024
0.314918416521, -30.2535016871, -21.1529901257, -19.9470083807, -1.21478780174, 1.06590832962
0.405455703945, -31.072420685, -21.9954144531, -20.6274566892, -1.29509366008, 0.954047731043
0.503161407218, -31.8957049922, -22.8416365237, -21.312318344, -1.37855475268, 0.83529835566
0.608171442327, -32.7225723437, -23.6908519644, -22.0008696528, -1.46511640678, 0.709519630904
0.720615370619, -33.5522010592, -24.5422176556, -22.6923487814, -1.55470479668, 0.576575192897
0.840616036685, -34.3837296288, -25.3948514081, -23.3859553555, -1.64722565859, 0.43633315988
0.968289266336, -35.2162563397, -26.2478316913, -24.0808501028, -1.7425630008, 0.288666385296
1.10374358538, -36.0488389444, -27.1001974029, -24.776154538, -1.84057782605, 0.133452681994
1.24708000534, -36.880494381, -27.9509476934, -25.4709506967, -1.94110686972, -0.0294249846334
1.39839185674, -37.7101985418, -28.799041839, -26.1642809109, -2.04396136015, -0.200078334801
1.5577646868, -38.5368860702, -29.643399158, -26.8551476188, -2.14892581339, -0.378613650556
1.72527622065, -39.3594502227, -30.4828989662, -27.5425132223, -2.25575687392, -0.56513169334
1.90099640482, -40.1767427362, -31.3163805698, -28.2252999564, -2.36418220152, -0.759727658729
2.08498751752, -40.9875737568, -32.1426433047, -28.9023898125, -2.47389941844, -0.962491189842
2.27730436811, -41.7907117752, -32.9604465886, -29.5726244643, -2.58457514704, -1.173506423
2.47799458198, -42.5848836023, -33.7685100037, -30.2348052222, -2.69584410245, -1.39285209351
2.68709897912, -43.3687743278, -34.5655133721, -30.8876929748, -2.80730830602, -1.62060168538
2.90465202763, -44.14102732, -35.3500968922, -31.530008163, -2.91853638559, -1.85682364469
3.13068241111, -44.9002442014, -36.1208611952, -32.1604307105, -3.02906300208, -2.10158161772
3.36521366876, -45.6449848128, -36.8763674498, -32.7775999587, -3.13838840498, -2.35493476779
3.60826494496, -46.3737671825, -37.6151374327, -33.3801145584, -3.24597812605, -2.61693812152
3.85985180473, -47.0850673878, -38.3356534987, -33.9665323184, -3.35126282163, -2.88764295428
4.11998712053, -47.7773194906, -39.0363586281, -34.535370015, -3.45363831856, -3.16709724754
3.97507132409, -14.6479691223, -5.91471013843, -1.2841569596, 2.75196850032, -3.86852915422
4.64321715354, -49.1385341923, -40.4167388487, -35.6498979601, -3.65431037595, -3.73256843834
4.91414161415, -49.7638378944, -41.0495018542, -36.1552907165, -3.74416968897, -4.02501949365
5.19391205757, -50.3635958512, -41.6559923263, -36.6369123562, -3.82854234816, -4.32663162153
5.48254154292, -50.9361017664, -42.2345262019, -37.0931419412, -3.90668215879, -4.63743974045
5.78004621995, -51.4796032323, -42.7833764927, -37.5223127798, -3.9778128708, -4.95747801731
6.08644637595, -51.9923009947, -43.3007725977, -37.9227115605, -4.04112961467, -5.28678033608
6.4017674447, -52.4723479999, -43.7848994511, -38.2925772952, -4.09580060702, -5.62538068139
6.72604096806, -52.9178483554, -44.2338965184, -38.6301000505, -4.14096917073, -5.97331345901
7.05930539394, -53.3268560849, -44.6458566254, -38.9334195454, -4.17575605146, -6.33061372748
7.40160676131, -53.6973737037, -45.0188245721, -39.2006235114, -4.19926208135, -6.69731730046
7.75299916015, -54.0273505921, -45.3507955353, -39.429745832, -4.21057121415, -7.07346070872
8.11354494365, -54.3146811727, -45.6397132802, -39.6187644867, -4.20875392749, -7.45908098855
8.48331464788, -54.5572028728, -45.8834681333, -39.765599254, -4.19287106962, -7.85421525206
8.86238653779, -54.7526938724, -46.0798947228, -39.8681091692, -4.1619781368, -8.2589000096
9.25084573585, -54.8988706299, -46.2267695059, -39.924089756, -4.11513005344, -8.67317021796
9.64878283859, -54.9933852021, -46.3218080496, -39.9312700196, -4.05138647046, -9.09705797485
10.0562919639, -55.0338223601, -46.3626621122, -39.8873092131, -3.96981764614, -9.53059085845
10.4734681338, -55.0176964958, -46.346916485, -39.7897933831, -3.86951093999, -9.97378981041
10.9004039008, -54.9424483668, -46.2720856677, -39.6362317156, -3.74957799214, -10.4266665523
11.3371851236, -54.8054416844, -46.1356103519, -39.4240527048, -3.60916263275, -10.8892204448
11.7838857837, -54.6039595837, -45.934853783, -39.1506001853, -3.44744960263, -11.361434738
12.2405617354, -54.3352010258, -45.6670980166, -38.8131292537, -3.26367414321, -11.8432721466
12.7072432579, -53.9962771631, -45.3295401316, -38.4088021455, -3.05713254729, -12.3346696711
13.1839263045, -53.5842077673, -44.9192884631, -37.9346841277, -2.82719374263, -12.8355325925
13.670562291, -53.0959177693, -44.4333589428, -37.3877394906, -2.57331201594, -13.3457275699
14.1670463224, -52.5282340293, -43.8686716197, -36.7648277237, -2.29504096157, -13.8650747476
14.6732036839, -51.877882433, -43.2220474938, -36.0627000032, -1.99204875981, -14.3933387962
15.1887744835, -51.1414854692, -42.490205792, -35.2779961192, -1.66413489651, -14.9302188108
15.7133962907, -50.3155604331, -41.6697618423, -34.4072420008, -1.31124843458, -15.475336981
16.246584654, -49.3965184412, -40.7572257198, -33.4468480249, -0.933507938093, -16.0282259601
16.7877113569, -48.3806644795, -39.7490018971, -32.3931083223, -0.531223160375, -16.5883148658
17.3359803198, -47.2641987224, -38.6413901222, -31.2422013304, -0.104918610995, -17.1549138637
17.8904010385, -46.0432194093, -37.4305878167, -29.9901918701, 0.344640932133, -17.7271972879
18.4497595243, -44.7137275856, -36.1126943001, -28.6330350631, 0.816422867517, -18.3041852897
19.0125867008, -43.2716340765, -34.6837172034, -27.1665824576, 1.30909714111, -18.8847240234
19.5771243076, -41.7127690879, -33.1395814652, -25.5865907584, 1.82100450963, -19.4674644269
20.1412883791, -40.0328948713, -31.4761413567, -23.88873361, 2.35012273188, -20.0508397
20.7026304982, -38.2277219504, -29.6891960125, -22.0686169228, 2.89403077565, -20.6330416298
21.2582970618, -36.2929294181, -27.7745090016, -20.1217982753, 3.44987117326, -21.2119960139
21.8049869703, -34.224189882, -25.7278324964, -18.0438109661, 4.01431079629, -21.7853374845
22.3389082391, -32.0171996492, -23.5449366449, -15.8301933227, 4.58350036648, -22.3503841727
22.8557342285, -29.6677147612, -21.221644757, -13.4765238951, 5.15303320814, -22.9041127414
23.3505603576, -27.1715935194, -18.7538749464, -10.9784631804, 5.7179038412, -23.4431344791
23.8178623771, -24.5248461062, -16.1376888437, -8.33180251394, 6.27246723389, -23.9636732785
24.2514575182, -21.7236918854, -13.369347972, -5.53252072287, 6.81039970467, -24.4615465042
24.6444700701, -18.7646249156, -10.4453783206, -2.57684910435, 7.32466267825, -24.9321499353
24.9893032329, -15.6444880765, -7.36264354249, 0.538654849995, 7.80747077527, -25.37044814
25.2776193546, -12.3605560716, -4.11842703787, 3.81702464887, 8.25026587934, -25.7709718516
25.5003308644, -8.91062747796, -0.710523124802, 7.26079284845, 8.64369923895, -26.1278240704
25.6476046473, -5.29312546173, 2.86266307504, 10.8718900629, 8.97762367353, -26.4346967826
25.7088825684, -1.50720686705, 6.6020072991, 14.6515354375, 9.24109842022, -26.6849002765
25.6729211727, 2.44712136289, 10.5075503789, 18.6001194484, 9.42240915718, -26.8714071387
25.5278535877, 6.56887974237, 14.5783763228, 22.7170803575, 9.50910593469, -26.9869129126
25.2612765405, 10.8559897022, 18.8124861523, 27.0007762094, 9.48806172446, -27.0239153242
24.8603652108, 15.305145429, 23.2066699372, 31.4483548336, 9.34555418934, -26.9748136621
24.3120181813, 19.9116872203, 27.7563801424, 36.0556249803, 9.06737300066, -26.8320294816
23.6030340898, 24.669480137, 32.4556100377, 40.8169323659, 8.63895455071, -26.5881491819
22.7203206811, 29.57080236, 37.2967815662, 45.7250450683, 8.04554524243, -26.2360881845
21.6511357705, 34.6062482546, 42.2706476498, 50.7710532955, 7.27239360863, -25.7692754333
20.3833582082, 39.764651594, 47.366214385, 55.9442890467, 6.30497037786, -25.1818557396
18.9057852572, 45.0330346965, 52.570688875, 61.2322714867, 5.12921424345, -24.4689061392
17.20845096, 50.3965892924, 57.8694585348, 66.6206839503, 3.73179955634, -23.626660989
15.2829581321, 55.8386947024, 63.2461074645, 72.0933882604, 2.1004205156, -22.6527390727
13.1228147068, 61.3409783362, 68.6824749333, 77.6324814967, 0.224084782752, -21.5463646116
10.7237634083, 66.8834225602, 74.1587600687, 83.2183993897, -1.90659212404, -20.3085729354
8.08409231123, 72.4445206402, 79.6536754928, 88.8300691608, -4.29910162244, -18.9423907601
5.20491291354, 78.0014827089, 85.1446509251, 94.4451128881, -6.95877696891, -17.4529807174
2.09039208814, 83.5304906921, 90.6080857204, 100.040100404, -9.88855964759, -15.8477400673
-1.2520752139, 89.006998811, 96.0196470229, 105.590848408, -13.0888084665, -14.136344517
-4.81176424486, 94.4060738881, 101.354607796, 111.07276005, -16.5571617281, -12.3307297774
-8.57459919617, 99.702767371, 106.588216682, 116.461196858, -20.2884613037, -10.4450058979
-12.5232187716, 104.87250884, 111.696089463, 121.731872729, -24.2747452236, -8.49530242771
-16.6371312188, 109.891509087, 116.654610214, 126.861257923, -28.5053126328, -6.49954587818
-20.8929572359, 114.737159669, 121.441329048, 131.82697987, -32.9668618183, -4.47717459147
-25.2647548104, 119.388415423, 126.035342885, 136.608207048, -37.6436986581, -2.4487996522
-29.7244158457, 123.826146667, 130.417645949, 141.186002511, -42.5180095859, -0.435823660087
-34.2421207326, 128.033448912, 134.571437775, 145.543634704, -47.5701901556, 1.53996828909
-38.7868340845, 131.99589966, 138.482378238, 149.666834976, -52.77921781, 3.45682939428
-43.3268229511, 135.701754239, 142.138781533, 153.543993619, -58.1230556419, 5.2934670224
-47.8301780454, 139.142075401, 145.53174378, 157.166289058, -63.5790728917, 7.02943735552
-52.2653189139, 142.31079441, 148.655202008, 160.527747901, -69.1244677057, 8.64550391045
-56.6014654879, 145.204704388, 151.505925221, 163.625236592, -74.7366782564, 10.1239472972
-60.8090608928, 147.823389447, 154.083441176, 166.458388257, -80.3937696062, 11.4488165017
-64.8601335279, 150.169095659, 156.389904874, 169.029470858, -86.0747855114, 12.6061153499
-68.7285900247, 152.246551755, 158.42991677, 171.343204645, -91.7600566704, 13.5839212545
-72.3904343852, 154.062748865, 160.210300024, 173.406538345, -97.431459316, 14.3724367463
-75.8239122584, 155.626689285, 161.739846894, 175.228394165, -103.072620666, 14.963977263
-79.0095825375, 156.949114465, 163.029044474, 176.819391917, -108.669070107, 15.3529012465
-81.9303212588, 158.042221946, 164.089789613, 178.191562082, -114.208337177, 15.5354904528
-84.5712649914, 158.919380141, 164.93510199, 179.358056795, -119.679999352, 15.5097896473
-86.919702332, 159.594848779, 165.578843184, 180.332866595, -125.07568394, 15.2754155638
-88.9649231298, 160.083511327, 166.035448121, 181.130549291, -130.389029611, 14.8333449855
-90.6980353305, 160.400624215, 166.31967384, 181.765975852, -135.615613559, 14.1856914722
-92.1117591566, 160.56158627, 166.44636894, 182.254096574, -140.752850584, 13.3354795389
-93.2002078999, 160.581730028, 166.430265542, 182.609729407, -145.79987021, 12.2864240882
-93.9586636574, 160.476135738, 166.28579447, 182.847370855, -150.757377643, 11.0427218195
-94.3833558314, 160.259466102, 166.026922053, 182.981028563, -155.627503086, 9.60886031368
-94.4712479544, 159.945822657, 165.667009087, 183.024073933, -160.413644606, 7.98944939766
-94.2198399525, 159.548616688, 165.218685372, 182.989111551, -165.120306283, 6.1890787654
-93.6269889531, 159.080455073, 164.693739975, 182.887862119, -169.752934777, 4.21220478956
-92.6907536441, 158.553034513, 164.103020926, 182.731054492, -174.317754631, 2.06306956261
-91.4092653743, 157.977039792, 163.45634007, 182.528321906, -178.82160208, -0.254345292206
-89.7806293805, 157.362040696, 162.762377852, 182.288097044, -183.271755739, -2.73632711271
-87.8028595207, 156.716381482, 162.028581977, 182.017500033, -187.675761356, -5.37939971083
-85.4738501705, 156.047056488, 161.261053784, 181.722212991, -192.041246375, -8.18024581907
-82.7913895833, 155.359564804, 160.46441539, 181.406334259, -196.375718785, -11.1355792453
-79.7532199003, 154.657736476, 159.64165023, 181.072204899, -200.686343293, -14.2419603542
-76.3571502204, 153.943521944, 158.793908848, 180.720199391, -204.979686321, -17.4955466211
-72.6012305368, 153.216735958, 157.920271412, 180.348472058, -209.261419753, -20.8917683789
-68.4839961765, 152.474746393, 157.017457513, 179.952649923, -213.535971844, -24.4249177304
-64.0047941289, 151.712098093, 156.079473416, 179.525462462, -217.806112012, -28.0876365719
-59.1642046249, 150.920061353, 155.097186535, 179.05629831, -222.072454883, -31.8702877171
-53.9645731585, 150.086094868, 154.057816867, 178.530679189, -226.332867877, -35.7601915471
-48.4106694022, 149.193213727, 152.944335749, 177.929642139, -230.581766277, -39.7407098329
37.2305867936, -236.48851354, -232.973004172, -207.478745309, -155.397299491, 35.9509176784
47.3979976552, -233.592700172, -230.294490233, -204.381935904, -150.763453422, 34.3490462699
57.2533599388, -230.388218953, -227.306555229, -201.004091867, -146.416712007, 32.6895584295
66.7863415765, -226.902626566, -224.035404728, -197.371806142, -142.335823287, 30.9971245431
75.9905219345, -223.159574559, -220.503441717, -193.507768204, -138.49902145, 29.291715177
84.8625942784, -219.179176867, -216.729634796, -189.431136844, -134.884541705, 27.5892985844
93.4016679998, -214.978392574, -212.729900942, -185.157926797, -131.471000671, 25.9024783023
101.608668588, -210.571408091, -208.517487129, -180.701393569, -128.237666984, 24.2410653631
109.485829556, -205.970007688, -204.103339812, -176.072405561, -125.164644411, 22.6125841637
117.03626856, -201.183924955, -199.4964549, -171.279796209, -122.232986928, 21.0227141771
124.263638877, -196.221170632, -194.704203676, -166.330691684, -119.424762305, 19.4756715439
131.171847218, -191.088334329, -189.732632202, -161.230811809, -116.723078015, 17.9745356764
137.764829074, -185.790859272, -184.586733328, -155.984743377, -114.112080798, 16.5215264615
144.046373411, -180.333290243, -179.270691469, -150.596186138, -111.576939028, 15.1182376843
150.019989267, -174.719495677, -173.788101091, -145.068172483, -109.103815191, 13.7658320445
155.688807665, -168.952865371, -168.142160323, -139.403262328, -106.679834191, 12.4652027277
161.05551311, -163.036485512, -162.335841404, -133.603714978, -104.293051982, 11.217105996
166.12229981, -156.97329291, -156.372039805, -127.671639907, -101.932427869, 10.0222687004
170.890848505, -150.766210349, -150.253703925, -121.609128416, -99.5878030738, 8.88147407471
175.362320566, -144.418264917, -143.98394722, -115.4183681, -97.2498873713, 7.79562863655
179.537366653, -137.932691085, -137.566144517, -109.101741947, -94.9102550739, 6.76581255297
183.416147829, -131.313020133, -131.004014128, -102.661913735, -92.561351155, 5.79331535875
186.998367504, -124.563157373, -124.301687231, -96.1019012525, -90.1965078729, 4.87965858014
190.283313064, -117.687448359, -117.463765758, -89.4251386051, -87.809971931, 4.02660646219
193.269906352, -110.690735091, -110.495369833, -82.6355286946, -85.3969418498, 3.23616578208
195.95676251, -103.578402938, -103.4021756, -75.7374866935, -82.9536149533, 2.51057552529
198.342256857, -96.3564187791, -96.1904440108, -68.7359750933, -80.477243057, 1.8522871048
200.424599671, -89.0313606215, -88.8670409751, -61.6365306816, -77.9661956775, 1.26393574294
202.201918768, -81.6104387146, -81.4394490562, -54.4452835742, -75.4200293024, 0.748303647313
203.672349803, -74.1015080212, -73.9157707241, -47.1689682297, -72.8395609947, 0.308275687675
204.834134132, -66.5130717561, -66.3047230968, -39.8149262638, -70.2269443606, -0.0532116197137
205.685723945, -58.8542756377, -58.6156240123, -32.3911007695, -67.5857456744, -0.333226861892
206.225894191, -51.1348925202, -50.8583693314, -24.9060218775, -64.9210177774, -0.528905081967
206.453860565, -43.3652971899, -43.0434014825, -17.3687833861, -62.2393692038, -0.637512447096
206.36940259, -35.5564313463, -35.181669488, -9.78901049584, -59.5490259111, -0.656512783044
205.972990524, -27.7197591253, -27.2845810401, -2.1768190145, -56.8598829591, -0.58363441138
205.265914558, -19.8672139964, -19.3639476475, 5.45723316601, -54.183543517, -0.416935674569
204.250414556, -12.0111384421, -11.4319244067, 13.1022009666, -51.533342716, -0.154867533373
202.929808351, -4.1642184864, -3.50094658305, 20.7468113971, -48.924354039, 0.203668257551
201.308616562, 3.66058411612, 4.41633413378, 28.379524507, -46.3733761813, 0.659266705418
199.392681806, 11.4500984607, 12.307110111, 35.9885925503, -43.8988986406, 1.21197386194
197.189280301, 19.1910055049, 20.1584707108, 43.5621131728, -41.521044576, 1.86124843825
194.707224003, 26.8698884766, 27.9574427479, 51.088071715, -39.2614898245, 2.60593087781
191.956951685, 34.4732670189, 35.6910129608, 58.5543671232, -37.1433572363, 3.4442194538
