0.10131071, -0.5, 0.28344923, 0.0095449, -0.00529776, -0.99988582, -0.01044917
0.10131071, -0.5001, 0.28344923, 0.0095449, -0.00529776, -0.99988582, -0.01044917
0.10131071, -0.5002, 0.28344923, 0.0095449, -0.00529776, -0.99988582, -0.01044917
0.10131071, -0.5003, 0.28344923, 0.0095449, -0.00529776, -0.99988582, -0.01044917
0.10131071, -0.5004, 0.28344923, 0.0095449, -0.00529776, -0.99988582, -0.01044917
0.10131071, -0.5005, 0.28344923, 0.0095449, -0.00529776, -0.99988582, -0.01044917
0.10131071, -0.5006, 0.28344923, 0.0095449, -0.00529776, -0.99988582, -0.01044917
0.10131071, -0.5007, 0.28344923, 0.0095449, -0.00529776, -0.99988582, -0.01044917
0.10131071, -0.5008, 0.28344923, 0.0095449, -0.00529776, -0.99988582, -0.01044917
0.10131071, -0.5009, 0.28344923, 0.0095449, -0.00529776, -0.99988582, -0.01044917
0.10131071, -0.501, 0.28344923, 0.0095449, -0.00529776, -0.99988582, -0.01044917
0.10131071, -0.5011, 0.28344923, 0.0095449, -0.00529776, -0.99988582, -0.01044917
0.10131071, -0.5012, 0.28344923, 0.0095449, -0.00529776, -0.99988582, -0.01044917
0.10131071, -0.5013, 0.28344923, 0.0095449, -0.00529776, -0.99988582, -0.01044917
0.10131071, -0.5014, 0.28344923, 0.0095449, -0.00529776, -0.99988582, -0.01044917
0.10131071, -0.5015, 0.28344923, 0.0095449, -0.00529776, -0.99988582, -0.01044917
0.10131071, -0.5016, 0.28344923, 0.0095449, -0.00529776, -0.99988582, -0.01044917
0.10131071, -0.5017, 0.28344923, 0.0095449, -0.00529776, -0.99988582, -0.01044917
0.10131071, -0.5018, 0.28344923, 0.0095449, -0.00529776, -0.99988582, -0.01044917
0.10131071, -0.5019, 0.28344923, 0.0095449, -0.00529776, -0.99988582, -0.01044917
0.10131071, -0.502, 0.28344923, 0.0095449, -0.00529776, -0.99988582, -0.01044917
0.10131071, -0.5021, 0.28344923, 0.0095449, -0.00529776, -0.99988582, -0.01044917
0.10131071, -0.5022, 0.28344923, 0.0095449, -0.00529776, -0.99988582, -0.01044917
0.10131071, -0.5023, 0.28344923, 0.0095449, -0.00529776, -0.99988582, -0.01044917
0.10131071, -0.5024, 0.28344923, 0.0095449, -0.00529776, -0.99988582, -0.01044917
0.10131071, -0.5025, 0.28344923, 0.0095449, -0.00529776, -0.99988582, -0.01044917
0.10131071, -0.5026, 0.28344923, 0.0095449, -0.00529776, -0.99988582, -0.01044917
0.10131071, -0.5027, 0.28344923, 0.0095449, -0.00529776, -0.99988582, -0.01044917
0.10131071, -0.5028, 0.28344923, 0.0095449, -0.00529776, -0.99988582, -0.01044917
0.10131071, -0.5029, 0.28344923, 0.0095449, -0.00529776, -0.99988582, -0.01044917
0.10131071, -0.503, 0.28344923, 0.0095449, -0.00529776, -0.99988582, -0.01044917
0.10131071, -0.5031, 0.28344923, 0.0095449, -0.00529776, -0.99988582, -0.01044917
0.10131071, -0.5032, 0.28344923, 0.0095449, -0.00529776, -0.99988582, -0.01044917
0.10131071, -0.5033, 0.28344923, 0.0095449, -0.00529776, -0.99988582, -0.01044917
0.10131071, -0.5034, 0.28344923, 0.0095449, -0.00529776, -0.99988582, -0.01044917
0.10131071, -0.5035, 0.28344923, 0.0095449, -0.00529776, -0.99988582, -0.01044917
0.10131071, -0.5036, 0.28344923, 0.0095449, -0.00529776, -0.99988582, -0.01044917
0.10131071, -0.5037, 0.28344923, 0.0095449, -0.00529776, -0.99988582, -0.01044917
0.10131071, -0.5038, 0.28344923, 0.0095449, -0.00529776, -0.99988582, -0.01044917
0.10131071, -0.5039, 0.28344923, 0.0095449, -0.00529776, -0.99988582, -0.01044917
0.10131071, -0.504, 0.28344923, 0.0095449, -0.00529776, -0.99988582, -0.01044917
0.10131071, -0.5041, 0.28344923, 0.0095449, -0.00529776, -0.99988582, -0.01044917
0.10131071, -0.5042, 0.28344923, 0.0095449, -0.00529776, -0.99988582, -0.01044917
0.10131071, -0.5043, 0.28344923, 0.0095449, -0.00529776, -0.99988582, -0.01044917
0.10131071, -0.5044, 0.28344923, 0.0095449, -0.00529776, -0.99988582, -0.01044917
0.10131071, -0.5045, 0.28344923, 0.0095449, -0.00529776, -0.99988582, -0.01044917
0.10131071, -0.5046, 0.28344923, 0.0095449, -0.00529776, -0.99988582, -0.01044917
0.10131071, -0.5047, 0.28344923, 0.0095449, -0.00529776, -0.99988582, -0.01044917
0.10131071, -0.5048, 0.28344923, 0.0095449, -0.00529776, -0.99988582, -0.01044917
0.10131071, -0.5049, 0.28344923, 0.0095449, -0.00529776, -0.99988582, -0.01044917
0.10131071, -0.505, 0.28344923, 0.0095449, -0.00529776, -0.99988582, -0.01044917
0.10131071, -0.5051, 0.28344923, 0.0095449, -0.00529776, -0.99988582, -0.01044917
0.10131071, -0.5052, 0.28344923, 0.0095449, -0.00529776, -0.99988582, -0.01044917
0.10131071, -0.5053, 0.28344923, 0.0095449, -0.00529776, -0.99988582, -0.01044917
0.10131071, -0.5054, 0.28344923, 0.0095449, -0.00529776, -0.99988582, -0.01044917
0.10131071, -0.5055, 0.28344923, 0.0095449, -0.00529776, -0.99988582, -0.01044917
0.10131071, -0.5056, 0.28344923, 0.0095449, -0.00529776, -0.99988582, -0.01044917
0.10131071, -0.5057, 0.28344923, 0.0095449, -0.00529776, -0.99988582, -0.01044917
0.10131071, -0.5058, 0.28344923, 0.0095449, -0.00529776, -0.99988582, -0.01044917
0.10131071, -0.5059, 0.28344923, 0.0095449, -0.00529776, -0.99988582, -0.01044917
0.10131071, -0.506, 0.28344923, 0.0095449, -0.00529776, -0.99988582, -0.01044917
0.10131071, -0.5061, 0.28344923, 0.0095449, -0.00529776, -0.99988582, -0.01044917
0.10131071, -0.5062, 0.28344923, 0.0095449, -0.00529776, -0.99988582, -0.01044917
0.10131071, -0.5063, 0.28344923, 0.0095449, -0.00529776, -0.99988582, -0.01044917
0.10131071, -0.5064, 0.28344923, 0.0095449, -0.00529776, -0.99988582, -0.01044917
0.10131071, -0.5065, 0.28344923, 0.0095449, -0.00529776, -0.99988582, -0.01044917
0.10131071, -0.5066, 0.28344923, 0.0095449, -0.00529776, -0.99988582, -0.01044917
0.10131071, -0.5067, 0.28344923, 0.0095449, -0.00529776, -0.99988582, -0.01044917
0.10131071, -0.5068, 0.28344923, 0.0095449, -0.00529776, -0.99988582, -0.01044917
0.10131071, -0.5069, 0.28344923, 0.0095449, -0.00529776, -0.99988582, -0.01044917
0.10131071, -0.507, 0.28344923, 0.0095449, -0.00529776, -0.99988582, -0.01044917
0.10131071, -0.5071, 0.28344923, 0.0095449, -0.00529776, -0.99988582, -0.01044917
0.10131071, -0.5072, 0.28344923, 0.0095449, -0.00529776, -0.99988582, -0.01044917
0.10131071, -0.5073, 0.28344923, 0.0095449, -0.00529776, -0.99988582, -0.01044917
0.10131071, -0.5074, 0.28344923, 0.0095449, -0.00529776, -0.99988582, -0.01044917
0.10131071, -0.5075, 0.28344923, 0.0095449, -0.00529776, -0.99988582, -0.01044917
0.10131071, -0.5076, 0.28344923, 0.0095449, -0.00529776, -0.99988582, -0.01044917
0.10131071, -0.5077, 0.28344923, 0.0095449, -0.00529776, -0.99988582, -0.01044917
0.10131071, -0.5078, 0.28344923, 0.0095449, -0.00529776, -0.99988582, -0.01044917
0.10131071, -0.5079, 0.28344923, 0.0095449, -0.00529776, -0.99988582, -0.01044917
0.10131071, -0.508, 0.28344923, 0.0095449, -0.00529776, -0.99988582, -0.01044917
0.10131071, -0.5081, 0.28344923, 0.0095449, -0.00529776, -0.99988582, -0.01044917
0.10131071, -0.5082, 0.28344923, 0.0095449, -0.00529776, -0.99988582, -0.01044917
0.10131071, -0.5083, 0.28344923, 0.0095449, -0.00529776, -0.99988582, -0.01044917
0.10131071, -0.5084, 0.28344923, 0.0095449, -0.00529776, -0.99988582, -0.01044917
0.10131071, -0.5085, 0.28344923, 0.0095449, -0.00529776, -0.99988582, -0.01044917
0.10131071, -0.5086, 0.28344923, 0.0095449, -0.00529776, -0.99988582, -0.01044917
0.10131071, -0.5087, 0.28344923, 0.0095449, -0.00529776, -0.99988582, -0.01044917
0.10131071, -0.5088, 0.28344923, 0.0095449, -0.00529776, -0.99988582, -0.01044917
0.10131071, -0.5089, 0.28344923, 0.0095449, -0.00529776, -0.99988582, -0.01044917
0.10131071, -0.509, 0.28344923, 0.0095449, -0.00529776, -0.99988582, -0.01044917
0.10131071, -0.5091, 0.28344923, 0.0095449, -0.00529776, -0.99988582, -0.01044917
0.10131071, -0.5092, 0.28344923, 0.0095449, -0.00529776, -0.99988582, -0.01044917
0.10131071, -0.5093, 0.28344923, 0.0095449, -0.00529776, -0.99988582, -0.01044917
0.10131071, -0.5094, 0.28344923, 0.0095449, -0.00529776, -0.99988582, -0.01044917
0.10131071, -0.5095, 0.28344923, 0.0095449, -0.00529776, -0.99988582, -0.01044917
0.10131071, -0.5096, 0.28344923, 0.0095449, -0.00529776, -0.99988582, -0.01044917
0.10131071, -0.5097, 0.28344923, 0.0095449, -0.00529776, -0.99988582, -0.01044917
0.10131071, -0.5098, 0.28344923, 0.0095449, -0.00529776, -0.99988582, -0.01044917
0.10131071, -0.5099, 0.28344923, 0.0095449, -0.00529776, -0.99988582, -0.01044917
0.10131071, -0.51, 0.28344923, 0.0095449, -0.00529776, -0.99988582, -0.01044917
0.10131071, -0.5101, 0.28344923, 0.0095449, -0.00529776, -0.99988582, -0.01044917
0.10131071, -0.5102, 0.28344923, 0.0095449, -0.00529776, -0.99988582, -0.01044917
0.10131071, -0.5103, 0.28344923, 0.0095449, -0.00529776, -0.99988582, -0.01044917
0.10131071, -0.5104, 0.28344923, 0.0095449, -0.00529776, -0.99988582, -0.01044917
0.10131071, -0.5105, 0.28344923, 0.0095449, -0.00529776, -0.99988582, -0.01044917
0.10131071, -0.5106, 0.28344923, 0.0095449, -0.00529776, -0.99988582, -0.01044917
0.10131071, -0.5107, 0.28344923, 0.0095449, -0.00529776, -0.99988582, -0.01044917
0.10131071, -0.5108, 0.28344923, 0.0095449, -0.00529776, -0.99988582, -0.01044917
0.10131071, -0.5109, 0.28344923, 0.0095449, -0.00529776, -0.99988582, -0.01044917
0.10131071, -0.511, 0.28344923, 0.0095449, -0.00529776, -0.99988582, -0.01044917
0.10131071, -0.5111, 0.28344923, 0.0095449, -0.00529776, -0.99988582, -0.01044917
0.10131071, -0.5112, 0.28344923, 0.0095449, -0.00529776, -0.99988582, -0.01044917
0.10131071, -0.5113, 0.28344923, 0.0095449, -0.00529776, -0.99988582, -0.01044917
0.10131071, -0.5114, 0.28344923, 0.0095449, -0.00529776, -0.99988582, -0.01044917
0.10131071, -0.5115, 0.28344923, 0.0095449, -0.00529776, -0.99988582, -0.01044917
0.10131071, -0.5116, 0.28344923, 0.0095449, -0.00529776, -0.99988582, -0.01044917
0.10131071, -0.5117, 0.28344923, 0.0095449, -0.00529776, -0.99988582, -0.01044917
0.10131071, -0.5118, 0.28344923, 0.0095449, -0.00529776, -0.99988582, -0.01044917
0.10131071, -0.5119, 0.28344923, 0.0095449, -0.00529776, -0.99988582, -0.01044917
0.10131071, -0.512, 0.28344923, 0.0095449, -0.00529776, -0.99988582, -0.01044917
0.10131071, -0.5121, 0.28344923, 0.0095449, -0.00529776, -0.99988582, -0.01044917
0.10131071, -0.5122, 0.28344923, 0.0095449, -0.00529776, -0.99988582, -0.01044917
0.10131071, -0.5123, 0.28344923, 0.0095449, -0.00529776, -0.99988582, -0.01044917
0.10131071, -0.5124, 0.28344923, 0.0095449, -0.00529776, -0.99988582, -0.01044917
0.10131071, -0.5125, 0.28344923, 0.0095449, -0.00529776, -0.99988582, -0.01044917
0.10131071, -0.5126, 0.28344923, 0.0095449, -0.00529776, -0.99988582, -0.01044917
0.10131071, -0.5127, 0.28344923, 0.0095449, -0.00529776, -0.99988582, -0.01044917
0.10131071, -0.5128, 0.28344923, 0.0095449, -0.00529776, -0.99988582, -0.01044917
0.10131071, -0.5129, 0.28344923, 0.0095449, -0.00529776, -0.99988582, -0.01044917
0.10131071, -0.513, 0.28344923, 0.0095449, -0.00529776, -0.99988582, -0.01044917
0.10131071, -0.5131, 0.28344923, 0.0095449, -0.00529776, -0.99988582, -0.01044917
0.10131071, -0.5132, 0.28344923, 0.0095449, -0.00529776, -0.99988582, -0.01044917
0.10131071, -0.5133, 0.28344923, 0.0095449, -0.00529776, -0.99988582, -0.01044917
0.10131071, -0.5134, 0.28344923, 0.0095449, -0.00529776, -0.99988582, -0.01044917
0.10131071, -0.5135, 0.28344923, 0.0095449, -0.00529776, -0.99988582, -0.01044917
0.10131071, -0.5136, 0.28344923, 0.0095449, -0.00529776, -0.99988582, -0.01044917
0.10131071, -0.5137, 0.28344923, 0.0095449, -0.00529776, -0.99988582, -0.01044917
0.10131071, -0.5138, 0.28344923, 0.0095449, -0.00529776, -0.99988582, -0.01044917
0.10131071, -0.5139, 0.28344923, 0.0095449, -0.00529776, -0.99988582, -0.01044917
0.10131071, -0.514, 0.28344923, 0.0095449, -0.00529776, -0.99988582, -0.01044917
0.10131071, -0.5141, 0.28344923, 0.0095449, -0.00529776, -0.99988582, -0.01044917
0.10131071, -0.5142, 0.28344923, 0.0095449, -0.00529776, -0.99988582, -0.01044917
0.10131071, -0.5143, 0.28344923, 0.0095449, -0.00529776, -0.99988582, -0.01044917
0.10131071, -0.5144, 0.28344923, 0.0095449, -0.00529776, -0.99988582, -0.01044917
0.10131071, -0.5145, 0.28344923, 0.0095449, -0.00529776, -0.99988582, -0.01044917
0.10131071, -0.5146, 0.28344923, 0.0095449, -0.00529776, -0.99988582, -0.01044917
0.10131071, -0.5147, 0.28344923, 0.0095449, -0.00529776, -0.99988582, -0.01044917
0.10131071, -0.5148, 0.28344923, 0.0095449, -0.00529776, -0.99988582, -0.01044917
0.10131071, -0.5149, 0.28344923, 0.0095449, -0.00529776, -0.99988582, -0.01044917
0.10131071, -0.515, 0.28344923, 0.0095449, -0.00529776, -0.99988582, -0.01044917
0.10131071, -0.5151, 0.28344923, 0.0095449, -0.00529776, -0.99988582, -0.01044917
0.10131071, -0.5152, 0.28344923, 0.0095449, -0.00529776, -0.99988582, -0.01044917
0.10131071, -0.5153, 0.28344923, 0.0095449, -0.00529776, -0.99988582, -0.01044917
0.10131071, -0.5154, 0.28344923, 0.0095449, -0.00529776, -0.99988582, -0.01044917
0.10131071, -0.5155, 0.28344923, 0.0095449, -0.00529776, -0.99988582, -0.01044917
0.10131071, -0.5156, 0.28344923, 0.0095449, -0.00529776, -0.99988582, -0.01044917
0.10131071, -0.5157, 0.28344923, 0.0095449, -0.00529776, -0.99988582, -0.01044917
0.10131071, -0.5158, 0.28344923, 0.0095449, -0.00529776, -0.99988582, -0.01044917
0.10131071, -0.5159, 0.28344923, 0.0095449, -0.00529776, -0.99988582, -0.01044917
0.10131071, -0.516, 0.28344923, 0.0095449, -0.00529776, -0.99988582, -0.01044917
0.10131071, -0.5161, 0.28344923, 0.0095449, -0.00529776, -0.99988582, -0.01044917
0.10131071, -0.5162, 0.28344923, 0.0095449, -0.00529776, -0.99988582, -0.01044917
0.10131071, -0.5163, 0.28344923, 0.0095449, -0.00529776, -0.99988582, -0.01044917
0.10131071, -0.5164, 0.28344923, 0.0095449, -0.00529776, -0.99988582, -0.01044917
0.10131071, -0.5165, 0.28344923, 0.0095449, -0.00529776, -0.99988582, -0.01044917
0.10131071, -0.5166, 0.28344923, 0.0095449, -0.00529776, -0.99988582, -0.01044917
0.10131071, -0.5167, 0.28344923, 0.0095449, -0.00529776, -0.99988582, -0.01044917
0.10131071, -0.5168, 0.28344923, 0.0095449, -0.00529776, -0.99988582, -0.01044917
0.10131071, -0.5169, 0.28344923, 0.0095449, -0.00529776, -0.99988582, -0.01044917
0.10131071, -0.517, 0.28344923, 0.0095449, -0.00529776, -0.99988582, -0.01044917
0.10131071, -0.5171, 0.28344923, 0.0095449, -0.00529776, -0.99988582, -0.01044917
0.10131071, -0.5172, 0.28344923, 0.0095449, -0.00529776, -0.99988582, -0.01044917
0.10131071, -0.5173, 0.28344923, 0.0095449, -0.00529776, -0.99988582, -0.01044917
0.10131071, -0.5174, 0.28344923, 0.0095449, -0.00529776, -0.99988582, -0.01044917
0.10131071, -0.5175, 0.28344923, 0.0095449, -0.00529776, -0.99988582, -0.01044917
0.10131071, -0.5176, 0.28344923, 0.0095449, -0.00529776, -0.99988582, -0.01044917
0.10131071, -0.5177, 0.28344923, 0.0095449, -0.00529776, -0.99988582, -0.01044917
0.10131071, -0.5178, 0.28344923, 0.0095449, -0.00529776, -0.99988582, -0.01044917
0.10131071, -0.5179, 0.28344923, 0.0095449, -0.00529776, -0.99988582, -0.01044917
0.10131071, -0.518, 0.28344923, 0.0095449, -0.00529776, -0.99988582, -0.01044917
0.10131071, -0.5181, 0.28344923, 0.0095449, -0.00529776, -0.99988582, -0.01044917
0.10131071, -0.5182, 0.28344923, 0.0095449, -0.00529776, -0.99988582, -0.01044917
0.10131071, -0.5183, 0.28344923, 0.0095449, -0.00529776, -0.99988582, -0.01044917
0.10131071, -0.5184, 0.28344923, 0.0095449, -0.00529776, -0.99988582, -0.01044917
0.10131071, -0.5185, 0.28344923, 0.0095449, -0.00529776, -0.99988582, -0.01044917
0.10131071, -0.5186, 0.28344923, 0.0095449, -0.00529776, -0.99988582, -0.01044917
0.10131071, -0.5187, 0.28344923, 0.0095449, -0.00529776, -0.99988582, -0.01044917
0.10131071, -0.5188, 0.28344923, 0.0095449, -0.00529776, -0.99988582, -0.01044917
0.10131071, -0.5189, 0.28344923, 0.0095449, -0.00529776, -0.99988582, -0.01044917
0.10131071, -0.519, 0.28344923, 0.0095449, -0.00529776, -0.99988582, -0.01044917
0.10131071, -0.5191, 0.28344923, 0.0095449, -0.00529776, -0.99988582, -0.01044917
0.10131071, -0.5192, 0.28344923, 0.0095449, -0.00529776, -0.99988582, -0.01044917
0.10131071, -0.5193, 0.28344923, 0.0095449, -0.00529776, -0.99988582, -0.01044917
0.10131071, -0.5194, 0.28344923, 0.0095449, -0.00529776, -0.99988582, -0.01044917
0.10131071, -0.5195, 0.28344923, 0.0095449, -0.00529776, -0.99988582, -0.01044917
0.10131071, -0.5196, 0.28344923, 0.0095449, -0.00529776, -0.99988582, -0.01044917
0.10131071, -0.5197, 0.28344923, 0.0095449, -0.00529776, -0.99988582, -0.01044917
0.10131071, -0.5198, 0.28344923, 0.0095449, -0.00529776, -0.99988582, -0.01044917
0.10131071, -0.5199, 0.28344923, 0.0095449, -0.00529776, -0.99988582, -0.01044917
0.10131071, -0.52, 0.28344923, 0.0095449, -0.00529776, -0.99988582, -0.01044917
0.10131071, -0.5201, 0.28344923, 0.0095449, -0.00529776, -0.99988582, -0.01044917
0.10131071, -0.5202, 0.28344923, 0.0095449, -0.00529776, -0.99988582, -0.01044917
0.10131071, -0.5203, 0.28344923, 0.0095449, -0.00529776, -0.99988582, -0.01044917
0.10131071, -0.5204, 0.28344923, 0.0095449, -0.00529776, -0.99988582, -0.01044917
0.10131071, -0.5205, 0.28344923, 0.0095449, -0.00529776, -0.99988582, -0.01044917
0.10131071, -0.5206, 0.28344923, 0.0095449, -0.00529776, -0.99988582, -0.01044917
0.10131071, -0.5207, 0.28344923, 0.0095449, -0.00529776, -0.99988582, -0.01044917
0.10131071, -0.5208, 0.28344923, 0.0095449, -0.00529776, -0.99988582, -0.01044917
0.10131071, -0.5209, 0.28344923, 0.0095449, -0.00529776, -0.99988582, -0.01044917
0.10131071, -0.521, 0.28344923, 0.0095449, -0.00529776, -0.99988582, -0.01044917
0.10131071, -0.5211, 0.28344923, 0.0095449, -0.00529776, -0.99988582, -0.01044917
0.10131071, -0.5212, 0.28344923, 0.0095449, -0.00529776, -0.99988582, -0.01044917
0.10131071, -0.5213, 0.28344923, 0.0095449, -0.00529776, -0.99988582, -0.01044917
0.10131071, -0.5214, 0.28344923, 0.0095449, -0.00529776, -0.99988582, -0.01044917
0.10131071, -0.5215, 0.28344923, 0.0095449, -0.00529776, -0.99988582, -0.01044917
0.10131071, -0.5216, 0.28344923, 0.0095449, -0.00529776, -0.99988582, -0.01044917
0.10131071, -0.5217, 0.28344923, 0.0095449, -0.00529776, -0.99988582, -0.01044917
0.10131071, -0.5218, 0.28344923, 0.0095449, -0.00529776, -0.99988582, -0.01044917
0.10131071, -0.5219, 0.28344923, 0.0095449, -0.00529776, -0.99988582, -0.01044917
0.10131071, -0.522, 0.28344923, 0.0095449, -0.00529776, -0.99988582, -0.01044917
0.10131071, -0.5221, 0.28344923, 0.0095449, -0.00529776, -0.99988582, -0.01044917
0.10131071, -0.5222, 0.28344923, 0.0095449, -0.00529776, -0.99988582, -0.01044917
0.10131071, -0.5223, 0.28344923, 0.0095449, -0.00529776, -0.99988582, -0.01044917
0.10131071, -0.5224, 0.28344923, 0.0095449, -0.00529776, -0.99988582, -0.01044917
0.10131071, -0.5225, 0.28344923, 0.0095449, -0.00529776, -0.99988582, -0.01044917
0.10131071, -0.5226, 0.28344923, 0.0095449, -0.00529776, -0.99988582, -0.01044917
0.10131071, -0.5227, 0.28344923, 0.0095449, -0.00529776, -0.99988582, -0.01044917
0.10131071, -0.5228, 0.28344923, 0.0095449, -0.00529776, -0.99988582, -0.01044917
0.10131071, -0.5229, 0.28344923, 0.0095449, -0.00529776, -0.99988582, -0.01044917
0.10131071, -0.523, 0.28344923, 0.0095449, -0.00529776, -0.99988582, -0.01044917
0.10131071, -0.5231, 0.28344923, 0.0095449, -0.00529776, -0.99988582, -0.01044917
0.10131071, -0.5232, 0.28344923, 0.0095449, -0.00529776, -0.99988582, -0.01044917
0.10131071, -0.5233, 0.28344923, 0.0095449, -0.00529776, -0.99988582, -0.01044917
0.10131071, -0.5234, 0.28344923, 0.0095449, -0.00529776, -0.99988582, -0.01044917
0.10131071, -0.5235, 0.28344923, 0.0095449, -0.00529776, -0.99988582, -0.01044917
0.10131071, -0.5236, 0.28344923, 0.0095449, -0.00529776, -0.99988582, -0.01044917
0.10131071, -0.5237, 0.28344923, 0.0095449, -0.00529776, -0.99988582, -0.01044917
0.10131071, -0.5238, 0.28344923, 0.0095449, -0.00529776, -0.99988582, -0.01044917
0.10131071, -0.5239, 0.28344923, 0.0095449, -0.00529776, -0.99988582, -0.01044917
0.10131071, -0.524, 0.28344923, 0.0095449, -0.00529776, -0.99988582, -0.01044917
0.10131071, -0.5241, 0.28344923, 0.0095449, -0.00529776, -0.99988582, -0.01044917
0.10131071, -0.5242, 0.28344923, 0.0095449, -0.00529776, -0.99988582, -0.01044917
0.10131071, -0.5243, 0.28344923, 0.0095449, -0.00529776, -0.99988582, -0.01044917
0.10131071, -0.5244, 0.28344923, 0.0095449, -0.00529776, -0.99988582, -0.01044917
0.10131071, -0.5245, 0.28344923, 0.0095449, -0.00529776, -0.99988582, -0.01044917
0.10131071, -0.5246, 0.28344923, 0.0095449, -0.00529776, -0.99988582, -0.01044917
0.10131071, -0.5247, 0.28344923, 0.0095449, -0.00529776, -0.99988582, -0.01044917
0.10131071, -0.5248, 0.28344923, 0.0095449, -0.00529776, -0.99988582, -0.01044917
0.10131071, -0.5249, 0.28344923, 0.0095449, -0.00529776, -0.99988582, -0.01044917
0.10131071, -0.525, 0.28344923, 0.0095449, -0.00529776, -0.99988582, -0.01044917
0.10131071, -0.5251, 0.28344923, 0.0095449, -0.00529776, -0.99988582, -0.01044917
0.10131071, -0.5252, 0.28344923, 0.0095449, -0.00529776, -0.99988582, -0.01044917
0.10131071, -0.5253, 0.28344923, 0.0095449, -0.00529776, -0.99988582, -0.01044917
0.10131071, -0.5254, 0.28344923, 0.0095449, -0.00529776, -0.99988582, -0.01044917
0.10131071, -0.5255, 0.28344923, 0.0095449, -0.00529776, -0.99988582, -0.01044917
0.10131071, -0.5256, 0.28344923, 0.0095449, -0.00529776, -0.99988582, -0.01044917
0.10131071, -0.5257, 0.28344923, 0.0095449, -0.00529776, -0.99988582, -0.01044917
0.10131071, -0.5258, 0.28344923, 0.0095449, -0.00529776, -0.99988582, -0.01044917
0.10131071, -0.5259, 0.28344923, 0.0095449, -0.00529776, -0.99988582, -0.01044917
0.10131071, -0.526, 0.28344923, 0.0095449, -0.00529776, -0.99988582, -0.01044917
0.10131071, -0.5261, 0.28344923, 0.0095449, -0.00529776, -0.99988582, -0.01044917
0.10131071, -0.5262, 0.28344923, 0.0095449, -0.00529776, -0.99988582, -0.01044917
0.10131071, -0.5263, 0.28344923, 0.0095449, -0.00529776, -0.99988582, -0.01044917
0.10131071, -0.5264, 0.28344923, 0.0095449, -0.00529776, -0.99988582, -0.01044917
0.10131071, -0.5265, 0.28344923, 0.0095449, -0.00529776, -0.99988582, -0.01044917
0.10131071, -0.5266, 0.28344923, 0.0095449, -0.00529776, -0.99988582, -0.01044917
0.10131071, -0.5267, 0.28344923, 0.0095449, -0.00529776, -0.99988582, -0.01044917
0.10131071, -0.5268, 0.28344923, 0.0095449, -0.00529776, -0.99988582, -0.01044917
0.10131071, -0.5269, 0.28344923, 0.0095449, -0.00529776, -0.99988582, -0.01044917
0.10131071, -0.527, 0.28344923, 0.0095449, -0.00529776, -0.99988582, -0.01044917
0.10131071, -0.5271, 0.28344923, 0.0095449, -0.00529776, -0.99988582, -0.01044917
0.10131071, -0.5272, 0.28344923, 0.0095449, -0.00529776, -0.99988582, -0.01044917
0.10131071, -0.5273, 0.28344923, 0.0095449, -0.00529776, -0.99988582, -0.01044917
0.10131071, -0.5274, 0.28344923, 0.0095449, -0.00529776, -0.99988582, -0.01044917
0.10131071, -0.5275, 0.28344923, 0.0095449, -0.00529776, -0.99988582, -0.01044917
0.10131071, -0.5276, 0.28344923, 0.0095449, -0.00529776, -0.99988582, -0.01044917
0.10131071, -0.5277, 0.28344923, 0.0095449, -0.00529776, -0.99988582, -0.01044917
0.10131071, -0.5278, 0.28344923, 0.0095449, -0.00529776, -0.99988582, -0.01044917
0.10131071, -0.5279, 0.28344923, 0.0095449, -0.00529776, -0.99988582, -0.01044917
0.10131071, -0.528, 0.28344923, 0.0095449, -0.00529776, -0.99988582, -0.01044917
0.10131071, -0.5281, 0.28344923, 0.0095449, -0.00529776, -0.99988582, -0.01044917
0.10131071, -0.5282, 0.28344923, 0.0095449, -0.00529776, -0.99988582, -0.01044917
0.10131071, -0.5283, 0.28344923, 0.0095449, -0.00529776, -0.99988582, -0.01044917
0.10131071, -0.5284, 0.28344923, 0.0095449, -0.00529776, -0.99988582, -0.01044917
0.10131071, -0.5285, 0.28344923, 0.0095449, -0.00529776, -0.99988582, -0.01044917
0.10131071, -0.5286, 0.28344923, 0.0095449, -0.00529776, -0.99988582, -0.01044917
0.10131071, -0.5287, 0.28344923, 0.0095449, -0.00529776, -0.99988582, -0.01044917
0.10131071, -0.5288, 0.28344923, 0.0095449, -0.00529776, -0.99988582, -0.01044917
0.10131071, -0.5289, 0.28344923, 0.0095449, -0.00529776, -0.99988582, -0.01044917
0.10131071, -0.529, 0.28344923, 0.0095449, -0.00529776, -0.99988582, -0.01044917
0.10131071, -0.5291, 0.28344923, 0.0095449, -0.00529776, -0.99988582, -0.01044917
0.10131071, -0.5292, 0.28344923, 0.0095449, -0.00529776, -0.99988582, -0.01044917
0.10131071, -0.5293, 0.28344923, 0.0095449, -0.00529776, -0.99988582, -0.01044917
0.10131071, -0.5294, 0.28344923, 0.0095449, -0.00529776, -0.99988582, -0.01044917
0.10131071, -0.5295, 0.28344923, 0.0095449, -0.00529776, -0.99988582, -0.01044917
0.10131071, -0.5296, 0.28344923, 0.0095449, -0.00529776, -0.99988582, -0.01044917
0.10131071, -0.5297, 0.28344923, 0.0095449, -0.00529776, -0.99988582, -0.01044917
0.10131071, -0.5298, 0.28344923, 0.0095449, -0.00529776, -0.99988582, -0.01044917
0.10131071, -0.5299, 0.28344923, 0.0095449, -0.00529776, -0.99988582, -0.01044917
0.10131071, -0.53, 0.28344923, 0.0095449, -0.00529776, -0.99988582, -0.01044917
0.10131071, -0.5301, 0.28344923, 0.0095449, -0.00529776, -0.99988582, -0.01044917
0.10131071, -0.5302, 0.28344923, 0.0095449, -0.00529776, -0.99988582, -0.01044917
0.10131071, -0.5303, 0.28344923, 0.0095449, -0.00529776, -0.99988582, -0.01044917
0.10131071, -0.5304, 0.28344923, 0.0095449, -0.00529776, -0.99988582, -0.01044917
0.10131071, -0.5305, 0.28344923, 0.0095449, -0.00529776, -0.99988582, -0.01044917
0.10131071, -0.5306, 0.28344923, 0.0095449, -0.00529776, -0.99988582, -0.01044917
0.10131071, -0.5307, 0.28344923, 0.0095449, -0.00529776, -0.99988582, -0.01044917
0.10131071, -0.5308, 0.28344923, 0.0095449, -0.00529776, -0.99988582, -0.01044917
0.10131071, -0.5309, 0.28344923, 0.0095449, -0.00529776, -0.99988582, -0.01044917
0.10131071, -0.531, 0.28344923, 0.0095449, -0.00529776, -0.99988582, -0.01044917
0.10131071, -0.5311, 0.28344923, 0.0095449, -0.00529776, -0.99988582, -0.01044917
0.10131071, -0.5312, 0.28344923, 0.0095449, -0.00529776, -0.99988582, -0.01044917
0.10131071, -0.5313, 0.28344923, 0.0095449, -0.00529776, -0.99988582, -0.01044917
0.10131071, -0.5314, 0.28344923, 0.0095449, -0.00529776, -0.99988582, -0.01044917
0.10131071, -0.5315, 0.28344923, 0.0095449, -0.00529776, -0.99988582, -0.01044917
0.10131071, -0.5316, 0.28344923, 0.0095449, -0.00529776, -0.99988582, -0.01044917
0.10131071, -0.5317, 0.28344923, 0.0095449, -0.00529776, -0.99988582, -0.01044917
0.10131071, -0.5318, 0.28344923, 0.0095449, -0.00529776, -0.99988582, -0.01044917
0.10131071, -0.5319, 0.28344923, 0.0095449, -0.00529776, -0.99988582, -0.01044917
0.10131071, -0.532, 0.28344923, 0.0095449, -0.00529776, -0.99988582, -0.01044917
0.10131071, -0.5321, 0.28344923, 0.0095449, -0.00529776, -0.99988582, -0.01044917
0.10131071, -0.5322, 0.28344923, 0.0095449, -0.00529776, -0.99988582, -0.01044917
0.10131071, -0.5323, 0.28344923, 0.0095449, -0.00529776, -0.99988582, -0.01044917
0.10131071, -0.5324, 0.28344923, 0.0095449, -0.00529776, -0.99988582, -0.01044917
0.10131071, -0.5325, 0.28344923, 0.0095449, -0.00529776, -0.99988582, -0.01044917
0.10131071, -0.5326, 0.28344923, 0.0095449, -0.00529776, -0.99988582, -0.01044917
0.10131071, -0.5327, 0.28344923, 0.0095449, -0.00529776, -0.99988582, -0.01044917
0.10131071, -0.5328, 0.28344923, 0.0095449, -0.00529776, -0.99988582, -0.01044917
0.10131071, -0.5329, 0.28344923, 0.0095449, -0.00529776, -0.99988582, -0.01044917
0.10131071, -0.533, 0.28344923, 0.0095449, -0.00529776, -0.99988582, -0.01044917
0.10131071, -0.5331, 0.28344923, 0.0095449, -0.00529776, -0.99988582, -0.01044917
0.10131071, -0.5332, 0.28344923, 0.0095449, -0.00529776, -0.99988582, -0.01044917
0.10131071, -0.5333, 0.28344923, 0.0095449, -0.00529776, -0.99988582, -0.01044917
0.10131071, -0.5334, 0.28344923, 0.0095449, -0.00529776, -0.99988582, -0.01044917
0.10131071, -0.5335, 0.28344923, 0.0095449, -0.00529776, -0.99988582, -0.01044917
0.10131071, -0.5336, 0.28344923, 0.0095449, -0.00529776, -0.99988582, -0.01044917
0.10131071, -0.5337, 0.28344923, 0.0095449, -0.00529776, -0.99988582, -0.01044917
0.10131071, -0.5338, 0.28344923, 0.0095449, -0.00529776, -0.99988582, -0.01044917
0.10131071, -0.5339, 0.28344923, 0.0095449, -0.00529776, -0.99988582, -0.01044917
0.10131071, -0.534, 0.28344923, 0.0095449, -0.00529776, -0.99988582, -0.01044917
0.10131071, -0.5341, 0.28344923, 0.0095449, -0.00529776, -0.99988582, -0.01044917
0.10131071, -0.5342, 0.28344923, 0.0095449, -0.00529776, -0.99988582, -0.01044917
0.10131071, -0.5343, 0.28344923, 0.0095449, -0.00529776, -0.99988582, -0.01044917
0.10131071, -0.5344, 0.28344923, 0.0095449, -0.00529776, -0.99988582, -0.01044917
0.10131071, -0.5345, 0.28344923, 0.0095449, -0.00529776, -0.99988582, -0.01044917
0.10131071, -0.5346, 0.28344923, 0.0095449, -0.00529776, -0.99988582, -0.01044917
0.10131071, -0.5347, 0.28344923, 0.0095449, -0.00529776, -0.99988582, -0.01044917
0.10131071, -0.5348, 0.28344923, 0.0095449, -0.00529776, -0.99988582, -0.01044917
0.10131071, -0.5349, 0.28344923, 0.0095449, -0.00529776, -0.99988582, -0.01044917
0.10131071, -0.535, 0.28344923, 0.0095449, -0.00529776, -0.99988582, -0.01044917
0.10131071, -0.5351, 0.28344923, 0.0095449, -0.00529776, -0.99988582, -0.01044917
0.10131071, -0.5352, 0.28344923, 0.0095449, -0.00529776, -0.99988582, -0.01044917
0.10131071, -0.5353, 0.28344923, 0.0095449, -0.00529776, -0.99988582, -0.01044917
0.10131071, -0.5354, 0.28344923, 0.0095449, -0.00529776, -0.99988582, -0.01044917
0.10131071, -0.5355, 0.28344923, 0.0095449, -0.00529776, -0.99988582, -0.01044917
0.10131071, -0.5356, 0.28344923, 0.0095449, -0.00529776, -0.99988582, -0.01044917
0.10131071, -0.5357, 0.28344923, 0.0095449, -0.00529776, -0.99988582, -0.01044917
0.10131071, -0.5358, 0.28344923, 0.0095449, -0.00529776, -0.99988582, -0.01044917
0.10131071, -0.5359, 0.28344923, 0.0095449, -0.00529776, -0.99988582, -0.01044917
0.10131071, -0.536, 0.28344923, 0.0095449, -0.00529776, -0.99988582, -0.01044917
0.10131071, -0.5361, 0.28344923, 0.0095449, -0.00529776, -0.99988582, -0.01044917
0.10131071, -0.5362, 0.28344923, 0.0095449, -0.00529776, -0.99988582, -0.01044917
0.10131071, -0.5363, 0.28344923, 0.0095449, -0.00529776, -0.99988582, -0.01044917
0.10131071, -0.5364, 0.28344923, 0.0095449, -0.00529776, -0.99988582, -0.01044917
0.10131071, -0.5365, 0.28344923, 0.0095449, -0.00529776, -0.99988582, -0.01044917
0.10131071, -0.5366, 0.28344923, 0.0095449, -0.00529776, -0.99988582, -0.01044917
0.10131071, -0.5367, 0.28344923, 0.0095449, -0.00529776, -0.99988582, -0.01044917
0.10131071, -0.5368, 0.28344923, 0.0095449, -0.00529776, -0.99988582, -0.01044917
0.10131071, -0.5369, 0.28344923, 0.0095449, -0.00529776, -0.99988582, -0.01044917
0.10131071, -0.537, 0.28344923, 0.0095449, -0.00529776, -0.99988582, -0.01044917
0.10131071, -0.5371, 0.28344923, 0.0095449, -0.00529776, -0.99988582, -0.01044917
0.10131071, -0.5372, 0.28344923, 0.0095449, -0.00529776, -0.99988582, -0.01044917
0.10131071, -0.5373, 0.28344923, 0.0095449, -0.00529776, -0.99988582, -0.01044917
0.10131071, -0.5374, 0.28344923, 0.0095449, -0.00529776, -0.99988582, -0.01044917
0.10131071, -0.5375, 0.28344923, 0.0095449, -0.00529776, -0.99988582, -0.01044917
0.10131071, -0.5376, 0.28344923, 0.0095449, -0.00529776, -0.99988582, -0.01044917
0.10131071, -0.5377, 0.28344923, 0.0095449, -0.00529776, -0.99988582, -0.01044917
0.10131071, -0.5378, 0.28344923, 0.0095449, -0.00529776, -0.99988582, -0.01044917
0.10131071, -0.5379, 0.28344923, 0.0095449, -0.00529776, -0.99988582, -0.01044917
0.10131071, -0.538, 0.28344923, 0.0095449, -0.00529776, -0.99988582, -0.01044917
0.10131071, -0.5381, 0.28344923, 0.0095449, -0.00529776, -0.99988582, -0.01044917
0.10131071, -0.5382, 0.28344923, 0.0095449, -0.00529776, -0.99988582, -0.01044917
0.10131071, -0.5383, 0.28344923, 0.0095449, -0.00529776, -0.99988582, -0.01044917
0.10131071, -0.5384, 0.28344923, 0.0095449, -0.00529776, -0.99988582, -0.01044917
0.10131071, -0.5385, 0.28344923, 0.0095449, -0.00529776, -0.99988582, -0.01044917
0.10131071, -0.5386, 0.28344923, 0.0095449, -0.00529776, -0.99988582, -0.01044917
0.10131071, -0.5387, 0.28344923, 0.0095449, -0.00529776, -0.99988582, -0.01044917
0.10131071, -0.5388, 0.28344923, 0.0095449, -0.00529776, -0.99988582, -0.01044917
0.10131071, -0.5389, 0.28344923, 0.0095449, -0.00529776, -0.99988582, -0.01044917
0.10131071, -0.539, 0.28344923, 0.0095449, -0.00529776, -0.99988582, -0.01044917
0.10131071, -0.5391, 0.28344923, 0.0095449, -0.00529776, -0.99988582, -0.01044917
0.10131071, -0.5392, 0.28344923, 0.0095449, -0.00529776, -0.99988582, -0.01044917
0.10131071, -0.5393, 0.28344923, 0.0095449, -0.00529776, -0.99988582, -0.01044917
0.10131071, -0.5394, 0.28344923, 0.0095449, -0.00529776, -0.99988582, -0.01044917
0.10131071, -0.5395, 0.28344923, 0.0095449, -0.00529776, -0.99988582, -0.01044917
0.10131071, -0.5396, 0.28344923, 0.0095449, -0.00529776, -0.99988582, -0.01044917
0.10131071, -0.5397, 0.28344923, 0.0095449, -0.00529776, -0.99988582, -0.01044917
0.10131071, -0.5398, 0.28344923, 0.0095449, -0.00529776, -0.99988582, -0.01044917
0.10131071, -0.5399, 0.28344923, 0.0095449, -0.00529776, -0.99988582, -0.01044917
0.10131071, -0.54, 0.28344923, 0.0095449, -0.00529776, -0.99988582, -0.01044917
0.10131071, -0.5401, 0.28344923, 0.0095449, -0.00529776, -0.99988582, -0.01044917
0.10131071, -0.5402, 0.28344923, 0.0095449, -0.00529776, -0.99988582, -0.01044917
0.10131071, -0.5403, 0.28344923, 0.0095449, -0.00529776, -0.99988582, -0.01044917
0.10131071, -0.5404, 0.28344923, 0.0095449, -0.00529776, -0.99988582, -0.01044917
0.10131071, -0.5405, 0.28344923, 0.0095449, -0.00529776, -0.99988582, -0.01044917
0.10131071, -0.5406, 0.28344923, 0.0095449, -0.00529776, -0.99988582, -0.01044917
0.10131071, -0.5407, 0.28344923, 0.0095449, -0.00529776, -0.99988582, -0.01044917
0.10131071, -0.5408, 0.28344923, 0.0095449, -0.00529776, -0.99988582, -0.01044917
0.10131071, -0.5409, 0.28344923, 0.0095449, -0.00529776, -0.99988582, -0.01044917
0.10131071, -0.541, 0.28344923, 0.0095449, -0.00529776, -0.99988582, -0.01044917
0.10131071, -0.5411, 0.28344923, 0.0095449, -0.00529776, -0.99988582, -0.01044917
0.10131071, -0.5412, 0.28344923, 0.0095449, -0.00529776, -0.99988582, -0.01044917
0.10131071, -0.5413, 0.28344923, 0.0095449, -0.00529776, -0.99988582, -0.01044917
0.10131071, -0.5414, 0.28344923, 0.0095449, -0.00529776, -0.99988582, -0.01044917
0.10131071, -0.5415, 0.28344923, 0.0095449, -0.00529776, -0.99988582, -0.01044917
0.10131071, -0.5416, 0.28344923, 0.0095449, -0.00529776, -0.99988582, -0.01044917
0.10131071, -0.5417, 0.28344923, 0.0095449, -0.00529776, -0.99988582, -0.01044917
0.10131071, -0.5418, 0.28344923, 0.0095449, -0.00529776, -0.99988582, -0.01044917
0.10131071, -0.5419, 0.28344923, 0.0095449, -0.00529776, -0.99988582, -0.01044917
0.10131071, -0.542, 0.28344923, 0.0095449, -0.00529776, -0.99988582, -0.01044917
0.10131071, -0.5421, 0.28344923, 0.0095449, -0.00529776, -0.99988582, -0.01044917
0.10131071, -0.5422, 0.28344923, 0.0095449, -0.00529776, -0.99988582, -0.01044917
0.10131071, -0.5423, 0.28344923, 0.0095449, -0.00529776, -0.99988582, -0.01044917
0.10131071, -0.5424, 0.28344923, 0.0095449, -0.00529776, -0.99988582, -0.01044917
0.10131071, -0.5425, 0.28344923, 0.0095449, -0.00529776, -0.99988582, -0.01044917
0.10131071, -0.5426, 0.28344923, 0.0095449, -0.00529776, -0.99988582, -0.01044917
0.10131071, -0.5427, 0.28344923, 0.0095449, -0.00529776, -0.99988582, -0.01044917
0.10131071, -0.5428, 0.28344923, 0.0095449, -0.00529776, -0.99988582, -0.01044917
0.10131071, -0.5429, 0.28344923, 0.0095449, -0.00529776, -0.99988582, -0.01044917
0.10131071, -0.543, 0.28344923, 0.0095449, -0.00529776, -0.99988582, -0.01044917
0.10131071, -0.5431, 0.28344923, 0.0095449, -0.00529776, -0.99988582, -0.01044917
0.10131071, -0.5432, 0.28344923, 0.0095449, -0.00529776, -0.99988582, -0.01044917
0.10131071, -0.5433, 0.28344923, 0.0095449, -0.00529776, -0.99988582, -0.01044917
0.10131071, -0.5434, 0.28344923, 0.0095449, -0.00529776, -0.99988582, -0.01044917
0.10131071, -0.5435, 0.28344923, 0.0095449, -0.00529776, -0.99988582, -0.01044917
0.10131071, -0.5436, 0.28344923, 0.0095449, -0.00529776, -0.99988582, -0.01044917
0.10131071, -0.5437, 0.28344923, 0.0095449, -0.00529776, -0.99988582, -0.01044917
0.10131071, -0.5438, 0.28344923, 0.0095449, -0.00529776, -0.99988582, -0.01044917
0.10131071, -0.5439, 0.28344923, 0.0095449, -0.00529776, -0.99988582, -0.01044917
0.10131071, -0.544, 0.28344923, 0.0095449, -0.00529776, -0.99988582, -0.01044917
0.10131071, -0.5441, 0.28344923, 0.0095449, -0.00529776, -0.99988582, -0.01044917
0.10131071, -0.5442, 0.28344923, 0.0095449, -0.00529776, -0.99988582, -0.01044917
0.10131071, -0.5443, 0.28344923, 0.0095449, -0.00529776, -0.99988582, -0.01044917
0.10131071, -0.5444, 0.28344923, 0.0095449, -0.00529776, -0.99988582, -0.01044917
0.10131071, -0.5445, 0.28344923, 0.0095449, -0.00529776, -0.99988582, -0.01044917
0.10131071, -0.5446, 0.28344923, 0.0095449, -0.00529776, -0.99988582, -0.01044917
0.10131071, -0.5447, 0.28344923, 0.0095449, -0.00529776, -0.99988582, -0.01044917
0.10131071, -0.5448, 0.28344923, 0.0095449, -0.00529776, -0.99988582, -0.01044917
0.10131071, -0.5449, 0.28344923, 0.0095449, -0.00529776, -0.99988582, -0.01044917
0.10131071, -0.545, 0.28344923, 0.0095449, -0.00529776, -0.99988582, -0.01044917
0.10131071, -0.5451, 0.28344923, 0.0095449, -0.00529776, -0.99988582, -0.01044917
0.10131071, -0.5452, 0.28344923, 0.0095449, -0.00529776, -0.99988582, -0.01044917
0.10131071, -0.5453, 0.28344923, 0.0095449, -0.00529776, -0.99988582, -0.01044917
0.10131071, -0.5454, 0.28344923, 0.0095449, -0.00529776, -0.99988582, -0.01044917
0.10131071, -0.5455, 0.28344923, 0.0095449, -0.00529776, -0.99988582, -0.01044917
0.10131071, -0.5456, 0.28344923, 0.0095449, -0.00529776, -0.99988582, -0.01044917
0.10131071, -0.5457, 0.28344923, 0.0095449, -0.00529776, -0.99988582, -0.01044917
0.10131071, -0.5458, 0.28344923, 0.0095449, -0.00529776, -0.99988582, -0.01044917
0.10131071, -0.5459, 0.28344923, 0.0095449, -0.00529776, -0.99988582, -0.01044917
0.10131071, -0.546, 0.28344923, 0.0095449, -0.00529776, -0.99988582, -0.01044917
0.10131071, -0.5461, 0.28344923, 0.0095449, -0.00529776, -0.99988582, -0.01044917
0.10131071, -0.5462, 0.28344923, 0.0095449, -0.00529776, -0.99988582, -0.01044917
0.10131071, -0.5463, 0.28344923, 0.0095449, -0.00529776, -0.99988582, -0.01044917
0.10131071, -0.5464, 0.28344923, 0.0095449, -0.00529776, -0.99988582, -0.01044917
0.10131071, -0.5465, 0.28344923, 0.0095449, -0.00529776, -0.99988582, -0.01044917
0.10131071, -0.5466, 0.28344923, 0.0095449, -0.00529776, -0.99988582, -0.01044917
0.10131071, -0.5467, 0.28344923, 0.0095449, -0.00529776, -0.99988582, -0.01044917
0.10131071, -0.5468, 0.28344923, 0.0095449, -0.00529776, -0.99988582, -0.01044917
0.10131071, -0.5469, 0.28344923, 0.0095449, -0.00529776, -0.99988582, -0.01044917
0.10131071, -0.547, 0.28344923, 0.0095449, -0.00529776, -0.99988582, -0.01044917
0.10131071, -0.5471, 0.28344923, 0.0095449, -0.00529776, -0.99988582, -0.01044917
0.10131071, -0.5472, 0.28344923, 0.0095449, -0.00529776, -0.99988582, -0.01044917
0.10131071, -0.5473, 0.28344923, 0.0095449, -0.00529776, -0.99988582, -0.01044917
0.10131071, -0.5474, 0.28344923, 0.0095449, -0.00529776, -0.99988582, -0.01044917
0.10131071, -0.5475, 0.28344923, 0.0095449, -0.00529776, -0.99988582, -0.01044917
0.10131071, -0.5476, 0.28344923, 0.0095449, -0.00529776, -0.99988582, -0.01044917
0.10131071, -0.5477, 0.28344923, 0.0095449, -0.00529776, -0.99988582, -0.01044917
0.10131071, -0.5478, 0.28344923, 0.0095449, -0.00529776, -0.99988582, -0.01044917
0.10131071, -0.5479, 0.28344923, 0.0095449, -0.00529776, -0.99988582, -0.01044917
0.10131071, -0.548, 0.28344923, 0.0095449, -0.00529776, -0.99988582, -0.01044917
0.10131071, -0.5481, 0.28344923, 0.0095449, -0.00529776, -0.99988582, -0.01044917
0.10131071, -0.5482, 0.28344923, 0.0095449, -0.00529776, -0.99988582, -0.01044917
0.10131071, -0.5483, 0.28344923, 0.0095449, -0.00529776, -0.99988582, -0.01044917
0.10131071, -0.5484, 0.28344923, 0.0095449, -0.00529776, -0.99988582, -0.01044917
0.10131071, -0.5485, 0.28344923, 0.0095449, -0.00529776, -0.99988582, -0.01044917
0.10131071, -0.5486, 0.28344923, 0.0095449, -0.00529776, -0.99988582, -0.01044917
0.10131071, -0.5487, 0.28344923, 0.0095449, -0.00529776, -0.99988582, -0.01044917
0.10131071, -0.5488, 0.28344923, 0.0095449, -0.00529776, -0.99988582, -0.01044917
0.10131071, -0.5489, 0.28344923, 0.0095449, -0.00529776, -0.99988582, -0.01044917
0.10131071, -0.549, 0.28344923, 0.0095449, -0.00529776, -0.99988582, -0.01044917
0.10131071, -0.5491, 0.28344923, 0.0095449, -0.00529776, -0.99988582, -0.01044917
0.10131071, -0.5492, 0.28344923, 0.0095449, -0.00529776, -0.99988582, -0.01044917
0.10131071, -0.5493, 0.28344923, 0.0095449, -0.00529776, -0.99988582, -0.01044917
0.10131071, -0.5494, 0.28344923, 0.0095449, -0.00529776, -0.99988582, -0.01044917
0.10131071, -0.5495, 0.28344923, 0.0095449, -0.00529776, -0.99988582, -0.01044917
0.10131071, -0.5496, 0.28344923, 0.0095449, -0.00529776, -0.99988582, -0.01044917
0.10131071, -0.5497, 0.28344923, 0.0095449, -0.00529776, -0.99988582, -0.01044917
0.10131071, -0.5498, 0.28344923, 0.0095449, -0.00529776, -0.99988582, -0.01044917
0.10131071, -0.5499, 0.28344923, 0.0095449, -0.00529776, -0.99988582, -0.01044917
0.10131071, -0.55, 0.28344923, 0.0095449, -0.00529776, -0.99988582, -0.01044917
0.10131071, -0.5501, 0.28344923, 0.0095449, -0.00529776, -0.99988582, -0.01044917
0.10131071, -0.5502, 0.28344923, 0.0095449, -0.00529776, -0.99988582, -0.01044917
0.10131071, -0.5503, 0.28344923, 0.0095449, -0.00529776, -0.99988582, -0.01044917
0.10131071, -0.5504, 0.28344923, 0.0095449, -0.00529776, -0.99988582, -0.01044917
0.10131071, -0.5505, 0.28344923, 0.0095449, -0.00529776, -0.99988582, -0.01044917
0.10131071, -0.5506, 0.28344923, 0.0095449, -0.00529776, -0.99988582, -0.01044917
0.10131071, -0.5507, 0.28344923, 0.0095449, -0.00529776, -0.99988582, -0.01044917
0.10131071, -0.5508, 0.28344923, 0.0095449, -0.00529776, -0.99988582, -0.01044917
0.10131071, -0.5509, 0.28344923, 0.0095449, -0.00529776, -0.99988582, -0.01044917
0.10131071, -0.551, 0.28344923, 0.0095449, -0.00529776, -0.99988582, -0.01044917
0.10131071, -0.5511, 0.28344923, 0.0095449, -0.00529776, -0.99988582, -0.01044917
0.10131071, -0.5512, 0.28344923, 0.0095449, -0.00529776, -0.99988582, -0.01044917
0.10131071, -0.5513, 0.28344923, 0.0095449, -0.00529776, -0.99988582, -0.01044917
0.10131071, -0.5514, 0.28344923, 0.0095449, -0.00529776, -0.99988582, -0.01044917
0.10131071, -0.5515, 0.28344923, 0.0095449, -0.00529776, -0.99988582, -0.01044917
0.10131071, -0.5516, 0.28344923, 0.0095449, -0.00529776, -0.99988582, -0.01044917
0.10131071, -0.5517, 0.28344923, 0.0095449, -0.00529776, -0.99988582, -0.01044917
0.10131071, -0.5518, 0.28344923, 0.0095449, -0.00529776, -0.99988582, -0.01044917
0.10131071, -0.5519, 0.28344923, 0.0095449, -0.00529776, -0.99988582, -0.01044917
0.10131071, -0.552, 0.28344923, 0.0095449, -0.00529776, -0.99988582, -0.01044917
0.10131071, -0.5521, 0.28344923, 0.0095449, -0.00529776, -0.99988582, -0.01044917
0.10131071, -0.5522, 0.28344923, 0.0095449, -0.00529776, -0.99988582, -0.01044917
0.10131071, -0.5523, 0.28344923, 0.0095449, -0.00529776, -0.99988582, -0.01044917
0.10131071, -0.5524, 0.28344923, 0.0095449, -0.00529776, -0.99988582, -0.01044917
0.10131071, -0.5525, 0.28344923, 0.0095449, -0.00529776, -0.99988582, -0.01044917
0.10131071, -0.5526, 0.28344923, 0.0095449, -0.00529776, -0.99988582, -0.01044917
0.10131071, -0.5527, 0.28344923, 0.0095449, -0.00529776, -0.99988582, -0.01044917
0.10131071, -0.5528, 0.28344923, 0.0095449, -0.00529776, -0.99988582, -0.01044917
0.10131071, -0.5529, 0.28344923, 0.0095449, -0.00529776, -0.99988582, -0.01044917
0.10131071, -0.553, 0.28344923, 0.0095449, -0.00529776, -0.99988582, -0.01044917
0.10131071, -0.5531, 0.28344923, 0.0095449, -0.00529776, -0.99988582, -0.01044917
0.10131071, -0.5532, 0.28344923, 0.0095449, -0.00529776, -0.99988582, -0.01044917
0.10131071, -0.5533, 0.28344923, 0.0095449, -0.00529776, -0.99988582, -0.01044917
0.10131071, -0.5534, 0.28344923, 0.0095449, -0.00529776, -0.99988582, -0.01044917
0.10131071, -0.5535, 0.28344923, 0.0095449, -0.00529776, -0.99988582, -0.01044917
0.10131071, -0.5536, 0.28344923, 0.0095449, -0.00529776, -0.99988582, -0.01044917
0.10131071, -0.5537, 0.28344923, 0.0095449, -0.00529776, -0.99988582, -0.01044917
0.10131071, -0.5538, 0.28344923, 0.0095449, -0.00529776, -0.99988582, -0.01044917
0.10131071, -0.5539, 0.28344923, 0.0095449, -0.00529776, -0.99988582, -0.01044917
0.10131071, -0.554, 0.28344923, 0.0095449, -0.00529776, -0.99988582, -0.01044917
0.10131071, -0.5541, 0.28344923, 0.0095449, -0.00529776, -0.99988582, -0.01044917
0.10131071, -0.5542, 0.28344923, 0.0095449, -0.00529776, -0.99988582, -0.01044917
0.10131071, -0.5543, 0.28344923, 0.0095449, -0.00529776, -0.99988582, -0.01044917
0.10131071, -0.5544, 0.28344923, 0.0095449, -0.00529776, -0.99988582, -0.01044917
0.10131071, -0.5545, 0.28344923, 0.0095449, -0.00529776, -0.99988582, -0.01044917
0.10131071, -0.5546, 0.28344923, 0.0095449, -0.00529776, -0.99988582, -0.01044917
0.10131071, -0.5547, 0.28344923, 0.0095449, -0.00529776, -0.99988582, -0.01044917
0.10131071, -0.5548, 0.28344923, 0.0095449, -0.00529776, -0.99988582, -0.01044917
0.10131071, -0.5549, 0.28344923, 0.0095449, -0.00529776, -0.99988582, -0.01044917
0.10131071, -0.555, 0.28344923, 0.0095449, -0.00529776, -0.99988582, -0.01044917
0.10131071, -0.5551, 0.28344923, 0.0095449, -0.00529776, -0.99988582, -0.01044917
0.10131071, -0.5552, 0.28344923, 0.0095449, -0.00529776, -0.99988582, -0.01044917
0.10131071, -0.5553, 0.28344923, 0.0095449, -0.00529776, -0.99988582, -0.01044917
0.10131071, -0.5554, 0.28344923, 0.0095449, -0.00529776, -0.99988582, -0.01044917
0.10131071, -0.5555, 0.28344923, 0.0095449, -0.00529776, -0.99988582, -0.01044917
0.10131071, -0.5556, 0.28344923, 0.0095449, -0.00529776, -0.99988582, -0.01044917
0.10131071, -0.5557, 0.28344923, 0.0095449, -0.00529776, -0.99988582, -0.01044917
0.10131071, -0.5558, 0.28344923, 0.0095449, -0.00529776, -0.99988582, -0.01044917
0.10131071, -0.5559, 0.28344923, 0.0095449, -0.00529776, -0.99988582, -0.01044917
0.10131071, -0.556, 0.28344923, 0.0095449, -0.00529776, -0.99988582, -0.01044917
0.10131071, -0.5561, 0.28344923, 0.0095449, -0.00529776, -0.99988582, -0.01044917
0.10131071, -0.5562, 0.28344923, 0.0095449, -0.00529776, -0.99988582, -0.01044917
0.10131071, -0.5563, 0.28344923, 0.0095449, -0.00529776, -0.99988582, -0.01044917
