0.101311769304, -0.580279019457, 0.323431581606, 0.00954486389222, -0.00529784876472, -0.999885717596, -0.0104584950494
0.101313871768, -0.580267254283, 0.323396662764, 0.00954478600449, -0.00529807617655, -0.999885527274, -0.010476630954
0.101317017056, -0.580249925811, 0.323344640114, 0.00954467045711, -0.00529854484773, -0.999885245663, -0.010503342072
0.101321203122, -0.580227106176, 0.323275600027, 0.00954451920188, -0.00529940715107, -0.999884872537, -0.010538505954
0.101326428764, -0.580198831353, 0.323189592423, 0.00954433492384, -0.00530086302334, -0.999884406678, -0.010582051044
0.101332693164, -0.580165120868, 0.323086652171, 0.00954412099335, -0.00530315858271, -0.999883846181, -0.0106339273412
0.101339995685, -0.580125986641, 0.322966808639, 0.00954388145237, -0.00530658504102, -0.999883188604, -0.0106940932165
0.10134833578, -0.580081436977, 0.322830089987, 0.00954362102186, -0.00531147774703, -0.999882431035, -0.0107625094277
0.101357712956, -0.580031478372, 0.322676525102, 0.00954334512122, -0.00531821528708, -0.999881570124, -0.0108391363515
0.10136812675, -0.579976116353, 0.322506144491, 0.00954305989556, -0.00532721860978, -0.999880602095, -0.0109239326512
0.101379576731, -0.579915355875, 0.322318980688, 0.0095427722485, -0.00533895015918, -0.999879522755, -0.0110168545818
0.101392062487, -0.57984920152, 0.322115068466, 0.00954248987934, -0.00535391300896, -0.999878327493, -0.0111178555709
0.10140558363, -0.57977765762, 0.32189444494, 0.00954222132387, -0.00537264999367, -0.999877011275, -0.0112268859167
0.101420139796, -0.579700728332, 0.321657149642, 0.00954197599855, -0.0053957428346, -0.999875568636, -0.0113438925289
0.101435730641, -0.579618417707, 0.321403224573, 0.00954176424753, -0.00542381125857, -0.999873993663, -0.0114688186807
0.101452355846, -0.579530729748, 0.321132714248, 0.00954159739228, -0.00545751210812, -0.999872279979, -0.011601603758
0.101470015117, -0.579437668473, 0.320845665742, 0.00954148778349, -0.00549753844165, -0.999870420715, -0.0117421829985
0.101488708182, -0.579339237974, 0.320542128737, 0.00954144885497, -0.00554461862218, -0.999868408478, -0.0118904872191
0.101508434799, -0.579235442484, 0.320222155565, 0.00954149517909, -0.00559951539326, -0.999866235313, -0.01204644253
0.101529194747, -0.579126286442, 0.319885801261, 0.00954164252358, -0.00566302494034, -0.999863892656, -0.0122099700361
0.101550987836, -0.579011774562, 0.319533123608, 0.00954190790915, -0.00573597593634, -0.999861371277, -0.0123809855241
0.101573813902, -0.578891911909, 0.319164183194, 0.00954230966763, -0.00581922856955, -0.999858661211, -0.0125593991381
0.101597672811, -0.578766703971, 0.318779043461, 0.00954286750022, -0.00591367355229, -0.99985575169, -0.0127451150417
0.101622564456, -0.578636156738, 0.318377770762, 0.00954360253534, -0.00602023110861, -0.999852631051, -0.0129380310682
0.101648488762, -0.578500276785, 0.317960434417, 0.00954453738562, -0.00613984993914, -0.999849286641, -0.0131380383595
0.101675445681, -0.578359071355, 0.317527106772, 0.00954569620371, -0.00627350616148, -0.999845704706, -0.0133450209928
0.101703435197, -0.578212548444, 0.317077863256, 0.00954710473603, -0.00642220222404, -0.99984187027, -0.0135588555974
0.101732457325, -0.578060716888, 0.316612782443, 0.00954879037429, -0.00658696579142, -0.999837766999, -0.0137794109602
0.101762512109, -0.57790358646, 0.316131946111, 0.00955078220393, -0.00676884859957, -0.999833377054, -0.014006547622
0.101793599623, -0.577741167958, 0.315635439307, 0.00955311104903, -0.00696892527846, -0.999828680927, -0.0142401174634
0.101825719973, -0.577573473304, 0.315123350407, 0.00955580951289, -0.00718829214045, -0.999823657264, -0.0144799632826
0.10185887329, -0.577400515641, 0.31459577118, 0.00955891201385, -0.00742806593212, -0.999818282672, -0.0147259183635
0.101893059738, -0.577222309431, 0.314052796854, 0.0095624548153, -0.00768938254747, -0.999812531518, -0.0149778060371
0.101928279503, -0.577038870561, 0.31349452618, 0.00956647604951, -0.0079733957005, -0.999806375699, -0.0152354392339
0.101964532799, -0.576850216442, 0.312921061494, 0.0095710157342, -0.00828127555479, -0.999799784412, -0.0154986200307
0.102001819863, -0.57665636612, 0.312332508786, 0.00957611578128, -0.00861420730801, -0.999792723899, -0.0157671391898
0.102040140951, -0.576457340378, 0.311728977761, 0.00958181999682, -0.00897338972909, -0.99978515718, -0.0160407756927
0.102079496337, -0.576253161846, 0.311110581909, 0.00958817407138, -0.00936003364591, -0.999777043774, -0.0163192962693
0.102119886311, -0.576043855113, 0.310477438565, 0.0095952255599, -0.00977536038107, -0.9997683394, -0.0166024549211
0.102161311171, -0.575829446835, 0.309829668976, 0.00960302385013, -0.0102206001337, -0.999758995669, -0.0168899924415
0.102203771221, -0.57560996585, 0.309167398365, 0.0096116201188, -0.0106969903048, -0.999748959761, -0.0171816359324
0.102247266768, -0.575385443288, 0.308490755996, 0.00962106727446, -0.0112057737639, -0.99973817409, -0.0174770983181
0.102291798109, -0.575155912685, 0.307799875233, 0.00963141988611, -0.0117481970553, -0.999726575956, -0.0177760778578
0.102337365532, -0.5749214101, 0.307094893606, 0.00964273409653, -0.01232550854, -0.999714097189, -0.0180782576564
0.102383969304, -0.574681974226, 0.306375952873, 0.00965506751947, -0.0129389564736, -0.999700663783, -0.018383305176
0.102431609662, -0.574437646505, 0.305643199076, 0.00966847911954, -0.0135897870154, -0.99968619552, -0.018690871747
0.102480286806, -0.574188471243, 0.304896782604, 0.00968302907388, -0.0142792421678, -0.999670605595, -0.0190005920817
0.102530000891, -0.573934495726, 0.304136858251, 0.00969877861471, -0.0150085576442, -0.999653800228, -0.0193120837897
0.102580752007, -0.573675770327, 0.303363585271, 0.00971578985152, -0.0157789606615, -0.999635678278, -0.0196249468974
0.102632540176, -0.573412348625, 0.302577127433, 0.00973412557222, -0.0165916676574, -0.999616130862, -0.0199387633717
0.102685365333, -0.573144287511, 0.301777653079, 0.00975384902214, -0.0174478819284, -0.999595040965, -0.0202530966493
0.102739227314, -0.572871647304, 0.300965335171, 0.00977502365999, -0.0183487911879, -0.99957228307, -0.0205674911735
0.102794125836, -0.572594491852, 0.300140351345, 0.00979771289001, -0.0192955650417, -0.999547722783, -0.0208814719384
0.102850060483, -0.572312888643, 0.299302883957, 0.00982197976939, -0.0202893523798, -0.999521216481, -0.0211945440428
0.102907030689, -0.572026908905, 0.298453120134, 0.00984788669022, -0.0213312786822, -0.999492610964, -0.0215061922545
0.102965035712, -0.571736627709, 0.297591251812, 0.00987549503548, -0.0224224432374, -0.999461743135, -0.0218158805877
0.103024074617, -0.571442124068, 0.296717475786, 0.00990486480811, -0.0235639162727, -0.999428439698, -0.0221230518924
0.103084146253, -0.571143481028, 0.295831993744, 0.00993605423308, -0.0247567359934, -0.999392516884, -0.0224271274609
0.103145249226, -0.570840785758, 0.294935012312, 0.0099691193318, -0.0260019055325, -0.999353780205, -0.0227275066493
0.103207381874, -0.57053412964, 0.294026743081, 0.0100041134687, -0.0273003898077, -0.999312024252, -0.0230235665188
0.103270542241, -0.570223608346, 0.293107402649, 0.0100410868697, -0.0286531122856, -0.999267032524, -0.0233146614969
0.103334728046, -0.569909321916, 0.292177212648, 0.0100800861133, -0.0300609516539, -0.99921857731, -0.0236001230598
0.103399936653, -0.569591374826, 0.291236399773, 0.0101211535931, -0.0315247384003, -0.999166419616, -0.0238792594405
0.10346616504, -0.569269876055, 0.290285195806, 0.0101643269539, -0.0330452512977, -0.999110309154, -0.0241513553613
0.103533409763, -0.568944939141, 0.289323837645, 0.0102096385002, -0.0346232137985, -0.999049984395, -0.0244156717947
0.103601666923, -0.56861668223, 0.288352567317, 0.0102571145799, -0.0362592903362, -0.998985172677, -0.024671445755
0.103670932128, -0.568285228116, 0.287371632002, 0.0103067749418, -0.0379540825372, -0.998915590408, -0.0249178901212
0.103741200457, -0.567950704282, 0.286381284045, 0.0103586320707, -0.0397081253439, -0.99884094333, -0.0251541934946
0.103812466418, -0.567613242919, 0.285381780969, 0.0104126905002, -0.0415218830507, -0.998760926881, -0.0253795200932
0.10388472391, -0.56727298094, 0.284373385485, 0.0104689461052, -0.043395745256, -0.998675226646, -0.0255930096844
0.103957966183, -0.566930059993, 0.283356365498, 0.0105273853772, -0.0453300227328, -0.998583518908, -0.0257937775599
0.104032185792, -0.566584626446, 0.282330994112, 0.0105879846837, -0.0473249432213, -0.998485471306, -0.0259809145524
0.104107374554, -0.566236831379, 0.281297549627, 0.0106507095159, -0.0493806471477, -0.998380743598, -0.0261534870998
0.104183523509, -0.565886830547, 0.280256315543, 0.0107155137266, -0.0514971832731, -0.998268988552, -0.0263105373559
0.104260622873, -0.565534784347, 0.27920758055, 0.0107823387636, -0.0536745042782, -0.998149852953, -0.0264510833529
0.104338661992, -0.565180857755, 0.27815163852, 0.0108511129009, -0.0559124622892, -0.998022978742, -0.0265741192146
0.104417629301, -0.564825220263, 0.277088788499, 0.0109217504739, -0.0582108043507, -0.997888004288, -0.0266786154262
0.10449751228, -0.564468045796, 0.276019334691, 0.0109941511222, -0.0605691678526, -0.997744565803, -0.0267635191595
0.104578297407, -0.564109512609, 0.274943586441, 0.011068199046, -0.062987075919, -0.997592298896, -0.0268277546575
0.104659970124, -0.563749803178, 0.273861858214, 0.0111437622825, -0.0654639327657, -0.997430840283, -0.0268702236793
0.104742514788, -0.563389104066, 0.272774469574, 0.0112206920071, -0.0679990190359, -0.99725982964, -0.0268898060079
0.104825914635, -0.563027605778, 0.271681745153, 0.0112988218681, -0.0705914871233, -0.997078911615, -0.0268853600211
0.104910151746, -0.562665502592, 0.270584014626, 0.0113779673607, -0.0732403564908, -0.996887737995, -0.026855723329
0.10499520701, -0.562302992382, 0.269481612676, 0.0114579252487, -0.0759445089972, -0.996685970033, -0.0267997134764
0.105081060091, -0.561940276406, 0.268374878956, 0.0115384730426, -0.0787026842398, -0.996473280926, -0.0267161287144
0.105167689405, -0.561577559096, 0.267264158051, 0.0116193685419, -0.0815134749266, -0.996249358458, -0.0266037488387
0.105255072094, -0.561215047807, 0.266149799437, 0.0117003494516, -0.0843753222877, -0.996013907786, -0.0264613360972
0.105343184004, -0.56085295256, 0.265032157427, 0.0117811330822, -0.0872865115377, -0.995766654388, -0.0262876361663
0.105431999678, -0.560491485759, 0.263911591128, 0.0118614161433, -0.090245167402, -0.995507347149, -0.0260813791953
0.10552149234, -0.560130861889, 0.262788464381, 0.0119408746422, -0.0932492497184, -0.995235761586, -0.0258412809187
0.105611633899, -0.559771297189, 0.261663145707, 0.0120191638965, -0.0962965491251, -0.994951703214, -0.0255660438359
0.105702394952, -0.559413009308, 0.260536008237, 0.0120959186747, -0.0993846828491, -0.994655011019, -0.0252543584559
0.105793744794, -0.559056216936, 0.259407429654, 0.0121707534736, -0.102511090605, -0.994345561055, -0.0249049046062
0.105885651444, -0.558701139416, 0.25827779211, 0.0122432629469, -0.105673030614, -0.994023270129, -0.0245163528039
0.10597808167, -0.558347996329, 0.257147482156, 0.0123130224957, -0.108867575761, -0.993688099576, -0.0240873656859
0.106071001027, -0.557997007063, 0.256016890658, 0.0123795890332, -0.112091609891, -0.993340059091, -0.0236165994956
0.106164373912, -0.557648390358, 0.254886412705, 0.0124425019373, -0.115341824258, -0.992979210616, -0.023102705623
0.106258163616, -0.557302363826, 0.253756447516, 0.0125012842027, -0.118614714138, -0.992605672243, -0.0225443321948
0.1063523324, -0.556959143452, 0.252627398337, 0.0125554438058, -0.121906575605, -0.99221962213, -0.0219401257101
0.106446841574, -0.556618943078, 0.251499672332, 0.0126044752935, -0.125213502494, -0.99182130238, -0.0212887327176
0.106541651593, -0.556281973857, 0.250373680467, 0.0126478616112, -0.128531383523, -0.991411022885, -0.0205888015302
0.106636722166, -0.555948443695, 0.249249837381, 0.0126850761793, -0.131855899618, -0.990989165074, -0.0198389839721
0.106732012374, -0.555618556668, 0.248128561252, 0.0127155852327, -0.135182521407, -0.990556185558, -0.0190379371537
0.106827480807, -0.555292512423, 0.247010273651, 0.0127388504331, -0.138506506899, -0.99011261963, -0.0181843252685
0.10692308571, -0.55497050556, 0.245895399385, 0.0127543317675, -0.141822899346, -0.989659084576, -0.0172768214094
0.107018785149, -0.554652724992, 0.244784366326, 0.012761490742, -0.145126525275, -0.989196282772, -0.0163141093968
0.107114537186, -0.554339353301, 0.243677605232, 0.0127597938825, -0.148411992686, -0.988725004519, -0.0152948856164
0.107210300072, -0.554030566059, 0.242575549547, 0.0127487165518, -0.151673689407, -0.988246130577, -0.0142178608612
0.107306032457, -0.553726531154, 0.241478635186, 0.0127277470922, -0.154905781595, -0.987760634355, -0.0130817621743
0.107401693607, -0.55342740809, 0.240387300312, 0.0126963913023, -0.158102212356, -0.987269583708, -0.0118853346898
0.107497243648, -0.553133347281, 0.239301985079, 0.0126541772547, -0.161256700484, -0.986774142303, -0.0106273434686
0.107592643813, -0.552844489332, 0.238223131368, 0.0126006604634, -0.164362739284, -0.986275570491, -0.00930657532909
0.107687856707, -0.552560964312, 0.237151182495, 0.0125354294046, -0.167413595468, -0.985775225649, -0.00792184067101
0.107782846595, -0.552282891017, 0.236086582893, 0.0124581113977, -0.170402308082, -0.985274561935, -0.0064719752946
0.107877579688, -0.552010376235, 0.235029777775, 0.0123683788489, -0.173321687454, -0.984775129403, -0.00495584221699
0.107972024458, -0.551743513994, 0.23398121276, 0.0122659558617, -0.176164314126, -0.984278572419, -0.00337233349045
0.108066151951, -0.551482384819, 0.232941333478, 0.0121506252159, -0.178922537735, -0.983786627332, -0.00172037202827
0.108159936125, -0.551227054981, 0.231910585135, 0.0120222357147, -0.181588475818, -0.983301119341, 0.0
0.108255300495, -0.550966251053, 0.230876727041, 0.0118798566695, -0.184142993677, -0.982826160885, 0.00172173304763
0.108350267557, -0.550711446808, 0.22985282348, 0.0117247021808, -0.186589284485, -0.982361757413, 0.00351395040463
0.108444820365, -0.550462667664, 0.228839311505, 0.0115568416803, -0.188919145926, -0.981909907044, 0.00537867652034
0.108538946179, -0.550219922033, 0.227836625652, 0.0113764386568, -0.191124129507, -0.981472673117, 0.00731680860663
0.108632636834, -0.549983200624, 0.226845197337, 0.0111837595498, -0.19319553863, -0.981052176687, 0.00932920115623
0.10872588911, -0.549752475757, 0.225865454207, 0.0109791829915, -0.195124426414, -0.980650587898, 0.0114166637883
0.10881870511, -0.549527700682, 0.224897819439, 0.010763209387, -0.196901593238, -0.980270116151, 0.0135799589457
0.108911092643, -0.549308808924, 0.223942710972, 0.0105364708246, -0.198517583975, -0.979912998986, 0.0158197994123
0.109003065594, -0.549095713641, 0.223000540694, 0.010299741304, -0.199962684914, -0.979581489618, 0.0181368456143
0.109094644315, -0.548888307003, 0.222071713552, 0.0100539472686, -0.201226920333, -0.979277843037, 0.020531702664
0.10918585599, -0.548686459601, 0.221156626598, 0.00980017842673, -0.202300048743, -0.979004300588, 0.0230049171008
0.109276735015, -0.548490019875, 0.220255667967, 0.00953969884137, -0.203171558787, -0.978763072946, 0.0255569732797
0.109367323356, -0.548298813578, 0.219369215767, 0.00927395826908, -0.203830664808, -0.978556321386, 0.0281882893498
0.109457670909, -0.548112643272, 0.218497636901, 0.009004603721, -0.204266302128, -0.978386137257, 0.0308992127617
0.10954783584, -0.547931287865, 0.217641285789, 0.00873349121775, -0.204467122048, -0.978254519543, 0.0336900152374
0.109637884917, -0.547754502182, 0.216800503014, 0.00846269770438, -0.204421486647, -0.978163350406, 0.0365608871277
0.109727893821, -0.547582016587, 0.215975613856, 0.00819453308598, -0.204117463439, -0.978114368594, 0.0395119310777
0.109817947442, -0.547413536652, 0.215166926735, 0.00793155233877, -0.203542819985, -0.978109140577, 0.0425431549151
0.109908140143, -0.547248742881, 0.214374731546, 0.00767656764391, -0.202685018578, -0.97814902929, 0.0456544636665
0.109998576012, -0.547087290485, 0.213599297879, 0.00743266048304, -0.201531211138, -0.978235160333, 0.0488456506043
0.110089369067, -0.546928809231, 0.21284087312, 0.00720319362434, -0.2000682345, -0.978368385491, 0.0521163872154
0.110180643444, -0.546772903352, 0.212099680434, 0.00699182291744, -0.198282606294, -0.978549243412, 0.0554662119819
0.110272533529, -0.546619151526, 0.211375916612, 0.00680250880123, -0.196160521665, -0.978777917293, 0.058894517852
0.110365184064, -0.546467106942, 0.210669749787, 0.00663952741491, -0.193687851123, -0.979054189422, 0.0624005382779
0.11045875019, -0.546316297448, 0.209981317007, 0.0065074811841, -0.190850139859, -0.9793773924, 0.0659833316898
0.110553397443, -0.546166225786, 0.209310721662, 0.00641130873536, -0.187632608909, -0.979746356902, 0.0696417642726
0.110649301686, -0.546016369924, 0.208658030758, 0.0063562939691, -0.184020158617, -0.980159355836, 0.0733744909069
0.110746648973, -0.545866183503, 0.208023272035, 0.00634807409629, -0.179997374908, -0.980614044744, 0.0771799341364
0.110845635336, -0.545715096379, 0.207406430918, 0.0063926464155, -0.175548538937, -0.98110739835, 0.081056261024
0.110946466485, -0.545562515298, 0.206807447312, 0.00649637357523, -0.170657640787, -0.981635643174, 0.0850013577626
0.111049357412, -0.545407824689, 0.206226212219, 0.00666598703094, -0.165308397924, -0.982194186141, 0.0890128019134
0.111154531888, -0.545250387597, 0.205662564189, 0.0069085883672, -0.159484279257, -0.982777539213, 0.093087832157
0.11126222184, -0.545089546763, 0.205116285598, 0.00723164811282, -0.153168535686, -0.983379240107, 0.0972233154585
0.111372666593, -0.544924625849, 0.204587098765, 0.00764300163035, -0.146344238157, -0.983991769239, 0.101415711571
0.111486111963, -0.544754930831, 0.204074661898, 0.00815084161177, -0.138994324308, -0.984606463166, 0.105661034836
0.111602809184, -0.544579751571, 0.203578564891, 0.00876370665987, -0.131101654919, -0.985213424879, 0.109954813269
0.111723013653, -0.544398363558, 0.203098324978, 0.00949046538016, -0.122649081412, -0.9858014315, 0.114292044989
0.111846983469, -0.544210029851, 0.202633382265, 0.0103402953524, -0.113619525798, -0.986357840068, 0.118667152091
0.111974977748, -0.544014003225, 0.202183095153, 0.0113226562958, -0.103996074482, -0.986868492339, 0.123073932154
0.112107254696, -0.543809528519, 0.201746735711, 0.0124472566893, -0.0937620874177, -0.987317619755, 0.127505507666
0.112244069412, -0.543595845214, 0.201323484995, 0.0137240130592, -0.0829013241045, -0.987687750033, 0.131954273756
0.112385671401, -0.54337219023, 0.200912428409, 0.015163001109, -0.0713980879336, -0.987959617113, 0.136411844758
0.112532301782, -0.543137800962, 0.200512551128, 0.0167743978352, -0.0592373902961, -0.988112076603, 0.140869000277
0.112684190155, -0.542891918546, 0.200122733683, 0.0185684137652, -0.0464051357696, -0.988122029201, 0.145315631614
0.112841551128, -0.542633791363, 0.199741747782, 0.0205552144624, -0.0328883294931, -0.987964355037, 0.149740689584
0.113004580485, -0.542362678775, 0.199368252462, 0.0227448304849, -0.0186753075595, -0.987611862293, 0.154132134975
0.113173450981, -0.54207785508, 0.199000790704, 0.0251470550622, -0.00375599086443, -0.987035253924, 0.158476893162
0.113348307773, -0.541778613675, 0.198637786622, 0.0277713288734, 0.0118778376589, -0.986203116758, 0.162760814579
0.113529263495, -0.541464271403, 0.198277543385, 0.0306266114849, 0.0282322331371, -0.985081937666, 0.166968643061
0.113716393002, -0.541134173053, 0.197918242022, 0.0337212392416, 0.045310767701, -0.983636151865, 0.171083994279
0.11390972782, -0.540787695959, 0.19755794128, 0.0370627697094, 0.063114190744, -0.981828228706, 0.175089346749
0.114109250353, -0.540424254669, 0.1971945787, 0.0406578131449, 0.0816400740775, -0.979618800437, 0.178966048077
0.114314887934, -0.540043305591, 0.196825973104, 0.0445118519315, 0.100882446833, -0.976966839429, 0.182694339304
0.114526506806, -0.539644351548, 0.196449828629, 0.0486290494607, 0.120831426365, -0.973829889075, 0.186253400226
0.114743906152, -0.539226946157, 0.19606374048, 0.0530120505568, 0.141472852908, -0.97016435308, 0.18962141862
0.114966812331, -0.538790697905, 0.195665202503, 0.057661776232, 0.16278793732, -0.965925846979, 0.19277568613
0.115194873451, -0.538335273826, 0.195251616674, 0.0625772162954, 0.18475293274, -0.961069614495, 0.195692723265
0.115427654496, -0.537860402626, 0.194820304502, 0.0677552241054, 0.207338842493, -0.955551009692, 0.198348435527
0.115664633161, -0.537365877145, 0.194368520326, 0.0731903185089, 0.230511177715, -0.949326043821, 0.200718301976
0.115905196615, -0.536851555998, 0.193893466368, 0.0788744987111, 0.254229779117, -0.942351993233, 0.202777596675
0.116148639358, -0.536317364265, 0.193392309328, 0.0847970784131, 0.278448717653, -0.934588061876, 0.20450164236
0.116394162358, -0.535763293112, 0.192862198217, 0.0909445459833, 0.303116288688, -0.925996088698, 0.205866094353
0.116640873575, -0.535189398211, 0.192300283014, 0.0973004576253, 0.32817511325, -0.916541286915, 0.206847251298
0.11688778997, -0.534595796895, 0.191703733675, 0.103845370409, 0.353562358169, -0.906192998769, 0.207422387683
0.117133841017, -0.53398266396, 0.191069758906, 0.110556821594, 0.379210084172, -0.894925446183, 0.207570101496
0.117377873638, -0.533350226111, 0.190395624124, 0.117409359859, 0.405045727314, -0.882718455035, 0.207270668795
0.117618658438, -0.532698755055, 0.189678667963, 0.124374632797, 0.430992714671, -0.869558128714, 0.206506395552
0.117854896983, -0.532028559289, 0.188916316753, 0.131421533451, 0.456971209931, -0.855437445546, 0.205261956042
0.118085229807, -0.531339974688, 0.188106096456, 0.13851640666, 0.482898978857, -0.840356754736, 0.203524706301
0.118308244744, -0.53063335402, 0.18724564166, 0.145623313756, 0.508692358671, -0.824324146911, 0.201284961038
0.118522485133, -0.529909055542, 0.186332701408, 0.152704351737, 0.534267309726, -0.807355678111, 0.198536222742
0.118726457402, -0.529167430869, 0.185365141822, 0.159720020601, 0.559540522698, -0.789475430311, 0.195275352807
0.118918637571, -0.528408812317, 0.184340945691, 0.166629630222, 0.584430550434, -0.770715396933, 0.191502676175
0.119097476207, -0.527633499906, 0.183258209416, 0.173391736143, 0.608858930762, -0.751115188257, 0.18722201323
0.119261401484, -0.52684174823, 0.182115137897, 0.179964592066, 0.632751265449, -0.730721558607, 0.182440635447
0.119408820077, -0.526033753362, 0.180910038095, 0.186306605835, 0.656038221087, -0.709587764409, 0.177169144311
0.119538115746, -0.525209639946, 0.179641312134, 0.192376785344, 0.678656420105, -0.687772769146, 0.171421276195
0.119647645632, -0.524369448622, 0.178307450831, 0.198135161105, 0.700549194228, -0.665340317351, 0.165213638988
0.119735734375, -0.523513123863, 0.176907028544, 0.203543173254, 0.72166717822, -0.642357904831, 0.158565389045
0.11980066634, -0.52264050233, 0.175438700129, 0.208564012324, 0.741968728303, -0.618895675844, 0.151497859406
0.119840676304, -0.521751301796, 0.173901200672, 0.213162905212, 0.761420156868, -0.595025279822, 0.144034151953
0.119853939025, -0.520845110709, 0.172293348478, 0.217307340154, 0.779995782341, -0.57081872042, 0.136198707279
0.119838558179, -0.519921378436, 0.170614051613, 0.220967227132, 0.797677800047, -0.54634722821, 0.128016866365
0.119792555099, -0.518979406276, 0.168862318084, 0.224114992656, 0.814455986121, -0.521680185444, 0.119514437847
0.119713857761, -0.518018339299, 0.167037269568, 0.226725610343, 0.830327251611, -0.496884127266, 0.11071728373
0.119600290362, -0.517037159128, 0.165138158439, 0.2287765708, 0.845295067805, -0.472021838922, 0.101650934957
0.119449563783, -0.516034677781, 0.163164387726, 0.230247796107, 0.859368786234, -0.447151563252, 0.0923402464585
0.119259267129, -0.515009532722, 0.161115533577, 0.23112150552, 0.87256287793, -0.422326327394, 0.0828090993452
0.119026860453, -0.513960183299, 0.158991369744, 0.231382039857, 0.884896116321, -0.397593392525, 0.0730801558002
0.1187496687, -0.512884908753, 0.156791893646, 0.2310156525, 0.896390726873, -0.372993825834, 0.0631746702873
0.118424876849, -0.51178180802, 0.15451735359, 0.23001027495, 0.907071524451, -0.348562189984, 0.0531123588387
0.118049526168, -0.510648801559, 0.152168276781, 0.22835526458, 0.916965056571, -0.32432634215, 0.0429113266267
0.117620511507, -0.509483635438, 0.149745497852, 0.22604114167, 0.926098767518, -0.300307332398, 0.0325880527508
0.117134579519, -0.50828388794, 0.147250187699, 0.223059322026, 0.934500194907, -0.276519389669, 0.0221574302239
0.11658832774, -0.507046978963, 0.144683882484, 0.219401850657, 0.942196206888, -0.252969982916, 0.0116328585213
0.115978204487, -0.505770182461, 0.142048512735, 0.215061141049, 0.949212284924, -0.229659944903, 0.00102638574995
0.115300509559, -0.504450642245, 0.139346432501, 0.210029723702, 0.955571854062, -0.206583646753, -0.00965110253092
0.114551395822, -0.503085391408, 0.13658044857, 0.204300006796, 0.961295659974, -0.183729212397, -0.0203896505799
0.113726871776, -0.501671375707, 0.133753849739, 0.19786405116, 0.966401189674, -0.161078763545, -0.0311799581517
0.112822805325, -0.500205481223, 0.130870436125, 0.190713361187, 0.970902130933, -0.13860868759, -0.0420130663026
0.111834928994, -0.498684566634, 0.127934548471, 0.182838692983, 0.974807863799, -0.116289922895, -0.0528800043249
0.110758846953, -0.497105500492, 0.124951097333, 0.174229880908, 0.978122976457, -0.0940882581456, -0.0637713980126
0.109590044284, -0.495465203868, 0.121925591977, 0.164875683742, 0.980846796754, -0.0719646448896, -0.0746770386038
0.10832389899, -0.493760698792, 0.1188641687, 0.154763652036, 0.982972930176, -0.0498755249866, -0.0855854108887
0.106955697372, -0.491989162917, 0.115773618182, 0.143880018838, 0.984488794822, -0.0277731774725, -0.0964831781293
0.105480653472, -0.490147990828, 0.11266141132, 0.132209616841, 0.985375143975, -0.0056060923858, -0.10735462067
0.103893933379, -0.488234862454, 0.109535722849, 0.119735826287, 0.985605567333, 0.0166806176006, -0.11818102446
0.102190685321, -0.486247818966, 0.106405451809, 0.106440559515, 0.985145962818, 0.0391447532514, -0.128940015225
0.100366076568, -0.484185346542, 0.103280237733, 0.0923042900796, 0.983953972291, 0.0618464940024, -0.139604833818
0.0984153382555, -0.482046468234, 0.100170471125, 0.0773061368174, 0.981978376607, 0.0848477693015, -0.150143548415
0.0963338193935, -0.479830844058, 0.0970872964669, 0.0614240162136, 0.979158448504, 0.108211507985, -0.160518199888
0.0941170513704, -0.477538879149, 0.0940426056886, 0.0446348799234, 0.97542326607, 0.132000732097, -0.170683878057
0.0917608243444, -0.475171839523, 0.0910490195566, 0.0269150583571, 0.970690995471, 0.156277455613, -0.180587728852
0.0892612769253, -0.472731974477, 0.0881198540651, 0.00824073583408, 0.964868159598, 0.181101342302, -0.190167896039
0.0866150004809, -0.470222644022, 0.0852690684101, 0.011411412152, -0.957848920049, -0.206528070896, 0.199352406472
0.0839091418103, -0.467751426994, 0.0826333635641, 0.0308713764174, -0.950046182937, -0.230532323806, 0.208120292344
0.0811516152428, -0.465327579579, 0.0802101696006, 0.0501131600189, -0.941547152846, -0.253159709465, 0.216535890015
0.0783504333689, -0.462959674515, 0.0779964246668, 0.0691160555197, -0.93242848232, -0.274460417068, 0.224658798381
0.0755136841529, -0.460655608955, 0.075988654606, 0.0878639039946, -0.922756959415, -0.294487603633, 0.232543715316
0.0726495138632, -0.45842261698, 0.0741830423831, 0.106344427591, -0.912590267415, -0.313296063438, 0.240240386224
0.069766114694, -0.45626728525, 0.0725754874901, 0.124548637595, -0.901977776221, -0.330941144027, 0.24779363847
0.0668717160249, -0.454195570568, 0.0711616557939, 0.14247031607, -0.890961335778, -0.347477874159, 0.255243480147
0.0639745783615, -0.452212818416, 0.0699370204629, 0.160105566525, -0.879576050768, -0.362960271583, 0.262625245806
0.0610829891019, -0.450323781819, 0.0688968946926, 0.177452427532, -0.867851022663, -0.377440801648, 0.269969775488
0.0582052593712, -0.448532640046, 0.0680364569755, 0.194510542306, -0.855810050537, -0.390969961268, 0.277303616489
0.0553497212626, -0.446843016881, 0.0673507696504, 0.211280876976, -0.843472286032, -0.403595966193, 0.28464923993
0.0525247249009, -0.445257998301, 0.0668347914256, 0.227765480276, -0.830852840731, -0.415364522889, 0.29202526632
0.0497386348209, -0.443780149528, 0.0664833845283, 0.243967277676, -0.817963346233, -0.426318669402, 0.299446696026
0.0469998252113, -0.442411531491, 0.0662913170752, 0.259889893391, -0.804812468587, -0.436498672347, 0.306925141949
0.044316673631, -0.441153716805, 0.0662532612181, 0.275537494197, -0.791406379572, -0.445941969609, 0.314469062716
0.0416975528498, -0.440007805432, 0.0663637875711, 0.290914649591, -0.777749187788, -0.454683150491, 0.322083995578
0.039150820508, -0.438974440207, 0.0666173563962, 0.306026203356, -0.763843332644, -0.462753966858, 0.329772788737
0.0366848063268, -0.438053822433, 0.0670083059994, 0.320877152231, -0.749689944332, -0.470183370365, 0.337535833322
0.034307796643, -0.437245727784, 0.0675308387763, 0.33547252793, -0.735289172638, -0.47699757218, 0.345371295478
0.0320280160774, -0.436549522727, 0.0681790053427, 0.349817279383, -0.720640487161, -0.483220122631, 0.353275349258
0.029853606192, -0.43596418169, 0.0689466871906, 0.363916152594, -0.705742951141, -0.488872009072, 0.36124241105
0.027792601036, -0.435488305169, 0.069827578324, 0.377773566131, -0.690595470686, -0.493971770905, 0.369265376321
0.0258528995374, -0.435120138961, 0.0708151663476, 0.391393480804, -0.675197020786, -0.498535631178, 0.377335859351
0.0240422347546, -0.434857594646, 0.0719027135059, 0.404779262666, -0.659546849091, -0.502577644466, 0.385444436531
0.0223681400758, -0.434698271432, 0.0730832381962, 0.417933539018, -0.64364465803, -0.506109860948, 0.393580893598
0.0208379125274, -0.434639479376, 0.0743494975047, 0.430858047647, -0.627490765539, -0.509142506569, 0.401734476919
0.0194585734411, -0.434678263977, 0.075693971334, 0.443553480058, -0.611086244345, -0.51168417913, 0.409894148689
0.0182368268206, -0.434811432013, 0.0771088487111, 0.456019319926, -0.594433039545, -0.513742059922, 0.418048845493
0.0171790158439, -0.435035578465, 0.078586016862, 0.468253678472, -0.577534064096, -0.515322140232, 0.426187739374
0.0162910780409, -0.435347114231, 0.0801170536368, 0.4802531288, -0.560393271737, -0.516429461716, 0.434300500048
0.0155784997766, -0.435742294296, 0.0816932238401, 0.492012541581, -0.543015706946, -0.517068369209, 0.442377556507
0.0150462707665, -0.436217245896, 0.0833054799782, 0.50352492461, -0.525407531649, -0.517242774144, 0.450410355763
0.0146988394276, -0.436767996176, 0.0849444678703, 0.514781268917, -0.507576028638, -0.516956426332, 0.458391615978
0.0145400699334, -0.437390498736, 0.0866005374833, 0.525770403993, -0.489529581975, -0.516213191495, 0.466315570813
0.0145732018789, -0.43808065844, 0.0882637592472, 0.536478864598, -0.471277635074, -0.515017331653, 0.47417820133
0.0148008134816, -0.438834353827, 0.0899239459814, 0.546890771238, -0.452830627585, -0.513373785238, 0.481977451428
0.0152247892218, -0.439647456436, 0.0915706804287, 0.556987726037, -0.43419991276, -0.511288443726, 0.489713422438
0.0158462927807, -0.44051584643, 0.0931933482478, 0.566748725111, -0.415397657453, -0.508768421604, 0.497388542234
0.0166657460487, -0.441435423891, 0.0947811761711, 0.576150088014, -0.396436727479, -0.505822316638, 0.505007704078
0.0176828148593, -0.442402115309, 0.0963232748954, 0.585165404073, -0.377330561504, -0.502460457689, 0.512578370291
0.0188964019603, -0.443411874829, 0.097808686149, 0.593765494821, -0.358093037122, -0.498695137699, 0.520110635884
0.0203046475603, -0.44446068, 0.099226433276, 0.601918391056, -0.338738333117, -0.49454082994, 0.527617247356
0.0219049376035, -0.445544521874, 0.100565574603, 0.609589322552, -0.319280792208, -0.490014386116, 0.535113572017
0.0236939197288, -0.446659389484, 0.10181525881, 0.616740718029, -0.299734788758, -0.485135215455, 0.542617513409
0.0256675266725, -0.447801248863, 0.102964781519, 0.623332212825, -0.280114606035, -0.479925444372, 0.550149368612
0.0278210066856, -0.448966016925, 0.10400364234, 0.629320661757, -0.260434327595, -0.474410056751, 0.557731623408
0.0301489603662, -0.450149530665, 0.104921601673, 0.634660155016, -0.240707747263, -0.468617015137, 0.565388681499
0.032645383158, -0.451347512249, 0.105708736651, 0.639302035634, -0.220948301998, -0.462577363295, 0.573146524063
0.0353037126482, -0.452555530663, 0.106355495719, 0.64319491809, -0.201169031676, -0.45632531052, 0.581032296018
0.0381168797032, -0.453768960688, 0.106852751466, 0.646284709065, -0.181382569445, -0.4498982978, 0.589073815381
0.0410773624297, -0.454982939998, 0.107191851463, 0.648514633201, -0.161601165912, -0.443337045373, 0.597299002092
0.0441772419144, -0.456192325228, 0.107364666987, 0.649825268947, -0.141836749871, -0.436685580433, 0.605735222738
0.0474082587011, -0.45739164789, 0.107363639627, 0.650154602238, -0.122101027679, -0.429991242594, 0.614408547728
0.0507618689895, -0.458575071027, 0.107181825871, 0.649438108786, -0.102405622603, -0.423304663338, 0.623342917912
0.0542292995846, -0.459736347467, 0.106812939868, 0.647608879168, -0.0827622545358, -0.416679713969, 0.632559218424
0.0578016006933, -0.460868780601, 0.106251394586, 0.6445978045, -0.0631829592889, -0.410173414606, 0.642074258976
0.0614696957419, -0.461965188528, 0.105492341639, 0.640333844343, -0.0436803452585, -0.403845794557, 0.6518996621
0.0652244274782, -0.463017872482, 0.104531710019, 0.634744402197, -0.0242678834094, -0.397759692026, 0.662040664245
0.0690565997231, -0.464018590363, 0.103366243963, 0.627755837403, -0.00496022434293, -0.391980478685, 0.672494839468
0.0729570142441, -0.464958536248, 0.10199354013, 0.619294144991, 0.014226466485, -0.386575692326, 0.683250761971
0.0769165023415, -0.465828326635, 0.100412084166, 0.609285836555, 0.0332741674968, -0.381614558799, 0.694286632208
0.080925950863, -0.466617994165, 0.0986212867375, 0.597659054864, 0.0521626694229, -0.377167383105, 0.705568901794
0.0849763224958, -0.467316989432, 0.0966215190134, 0.584344951901, 0.0708692732028, -0.373304789132, 0.717050944993
0.0890586703199, -0.467914191356, 0.0944141476319, 0.569279353399, 0.08936854136, -0.370096788657, 0.728671838783
0.0931641467389, -0.468397926445, 0.0920015692154, 0.552404721791, 0.10763213096, -0.36761166329, 0.740355328704
0.097284007022, -0.468755997063, 0.0893872446547, 0.533672412851, 0.125628739788, -0.365914648652, 0.752009072687
0.101409607782, -0.468975718693, 0.0865757335801, 0.51304519867, 0.143324199694, -0.365066418652, 0.763524268034
0.105532400748, -0.469043966043, 0.0835727297086, 0.490500000759, 0.160681751319, -0.365121379744, 0.774775775371
0.109643922182, -0.468947227872, 0.0803850980284, 0.466030742774, 0.17766253177, -0.366125800415, 0.785622854724
0.113735778139, -0.468671670561, 0.0770209150013, 0.4396511945, 0.194226300217, -0.368115819768, 0.795910619803
0.117799625632, -0.468203210869, 0.0734895130088, 0.411397640514, 0.210332415088, -0.37111539985, 0.805472294084
0.121827149427, -0.467527598883, 0.069801530033, 0.381331173232, 0.225941059948, -0.375134307856, 0.814132314074
0.125810033943, -0.466630513005, 0.0659689649168, 0.34953938676, 0.241014693443, -0.380166234026, 0.82171027081
0.129739929461, -0.465497669644, 0.0620052374188, 0.316137241931, 0.255519672763, -0.386187166103, 0.828025611822
0.133608411746, -0.464114951085, 0.0579252506747, 0.281266890309, 0.269427971979, -0.393154148055, 0.832902947647
0.137406934382, -0.46246855535, 0.0537454517109, 0.245096290056, 0.28271888943, -0.401004546305, 0.836177727522
0.141126773643, -0.460545171668, 0.0494838836127, 0.207816520244, 0.295380616144, -0.409655928512, 0.83770197908
0.144758966699, -0.458332184123, 0.0451602211954, 0.169637798215, 0.307411524302, -0.419006627447, 0.837349758642
0.14829424528, -0.455817904078, 0.0407957810026, 0.130784317575, 0.318821034996, -0.428937017425, 0.835021942827
0.151722968415, -0.452991829308, 0.0364134965306, 0.0914881385406, 0.329629940365, -0.439311477488, 0.830650015752
0.155035059354, -0.449844924657, 0.032037850923, 0.0519824613291, 0.33987008692, -0.449980960887, 0.824198569867
0.158219952735, -0.44636991607, 0.0276947619103, 0.0124946822344, 0.349583371995, -0.460786042197, 0.815666336351
0.161266558468, -0.442561587495, 0.0234114170681, 0.0267603399829, -0.358820059089, 0.471560279254, -0.805085680179
0.164100626899, -0.438448965082, 0.0192123620603, 0.0578601280728, -0.371846507945, 0.478876297293, -0.793132947241
0.166716703568, -0.43403832976, 0.015126748218, 0.0812536511125, -0.388764253498, 0.482344111264, -0.780771642487
0.169109842468, -0.429338740571, 0.0111842485316, 0.0974812151729, -0.409511545153, 0.481528163363, -0.768718631856
0.171276319604, -0.424361608788, 0.00741448990803, 0.107127154322, -0.433853122391, 0.475958071738, -0.757468913518
0.17321407815, -0.419120158613, 0.00384659564182, 0.110786783605, -0.461372712651, 0.465149730487, -0.747326726959
0.17492286471, -0.413628843974, 0.00050882290079, 0.10904452685, -0.491470132227, 0.448635635539, -0.738439209967
0.176404068379, -0.407902860278, -0.00257166248634, 0.102459366993, -0.523365384987, 0.426002169711, -0.730830283523
0.177660329962, -0.401957971821, -0.0053688262576, 0.0915536286958, -0.556111988328, 0.396930608459, -0.724433214023
0.17869504697, -0.395810925088, -0.00785763415288, 0.0768015373981, -0.588620964028, 0.361238006355, -0.719120287104
0.179511948334, -0.389480679919, -0.0100138790826, 0.0586151587555, -0.61969574633, 0.318914089797, -0.714727394517
0.180114929665, -0.382990513346, -0.0118142305219, 0.0373274656422, -0.648077033906, 0.270150890154, -0.711070541495
0.180508300134, -0.376370710168, -0.0132368452132, 0.0131755209459, -0.672495694964, 0.215362963645, -0.707951085734
0.180697475184, -0.369661089469, -0.0142628028791, 0.0137093549034, 0.691731410504, -0.155197258871, 0.705147871123
0.180708511211, -0.362814998817, -0.0148726895299, 0.037090642252, 0.703938859546, -0.095909440411, 0.702777166333
0.180537566533, -0.355889025259, -0.0150496397518, 0.0571833965884, 0.709577920592, -0.0386068807938, 0.701240859134
0.180184430177, -0.348943395428, -0.0147854749054, 0.074220688804, 0.709274590019, 0.0157519530577, 0.700837157464
0.179651822872, -0.342036910356, -0.0140810234851, 0.0883983122295, 0.703776495827, 0.0663671169151, 0.701769041857
0.178944349103, -0.335223319974, -0.0129451915279, 0.099835828963, 0.693909755194, 0.112597371364, 0.704161835705
0.178067469361, -0.328549493421, -0.0113933882571, 0.108556631849, 0.680538791035, 0.153955368674, 0.708082026346
0.177026727821, -0.322055134685, -0.00944588891234, 0.114484367804, 0.664529417945, 0.190100201369, 0.713551606861
0.175827315638, -0.315773485899, -0.00712649833989, 0.117450616026, 0.646715258822, 0.220827852558, 0.720555193123
0.174473936694, -0.309732439477, -0.00446162919238, 0.117208800503, 0.627867880299, 0.24605930652, 0.729039669461
0.172970886481, -0.303955626967, -0.00147973125515, 0.11345078692, 0.608671389739, 0.265826242337, 0.738907617464
0.171322243004, -0.298463247386, 0.00178906925326, 0.105824389482, 0.589702325786, 0.280254854651, 0.750006387971
0.169532081126, -0.293272564713, 0.00531326078263, 0.0939514560745, 0.571415477238, 0.289548960096, 0.762114739381
0.167604642913, -0.288398113223, 0.00906026641598, 0.0774470881294, 0.554135907644, 0.293973888782, 0.77492883358
0.165544417577, -0.2838517011, 0.0129968411977, 0.0559409017921, 0.538057098922, 0.293842645472, 0.78804928368
0.163356103186, -0.279642313198, 0.0170895578487, 0.029101147117, 0.523244867864, 0.289505486024, 0.800970976411
0.161044439852, -0.275776002728, 0.0213053738686, 0.00333793788614, -0.50964659734, -0.281343473072, -0.813077520382
0.158644118759, -0.272291044635, 0.0256129977559, 0.0334844103226, -0.494767021072, -0.274214157944, -0.823948411436
0.156170095209, -0.269185882339, 0.0299822717835, 0.0612015087338, -0.478699737307, -0.268097227933, -0.833801423125
0.153636807177, -0.266456325107, 0.0343844404158, 0.0863776599241, -0.46153653969, -0.262950530733, -0.842840400541
0.151058144319, -0.264095818412, 0.0387924250394, 0.108924240945, -0.443366347714, -0.258712068772, -0.851251935047
0.148447423146, -0.262095727943, 0.0431810572941, 0.128773135649, -0.424274535462, -0.255302222103, -0.859202754583
0.145817367031, -0.260445630886, 0.0475272708973, 0.145874206342, -0.404342629965, -0.252626100147, -0.866837820496
0.143180089818, -0.2591336089, 0.0518102524607, 0.160192781021, -0.383648335126, -0.250575935093, -0.874279090803
0.140547081902, -0.258146537849, 0.0560115521716, 0.171707232702, -0.362265827286, -0.249033444709, -0.881624886239
0.137929197809, -0.257470370085, 0.0601151554139, 0.180406702378, -0.340266263929, -0.247872107763, -0.888949778988
0.135336644519, -0.25709040563, 0.0641075164836, 0.186288993543, -0.317718447126, -0.24695930976, -0.896304913834
0.132778969972, -0.256991549181, 0.0679775555769, 0.189358645747, -0.294689587268, -0.246158329137, -0.903718666086
0.130265051446, -0.257158550267, 0.0717166202221, 0.189625178646, -0.271246119621, -0.245330144208, -0.911197538713
0.12780308371, -0.257576224323, 0.0753184123482, 0.187101487136, -0.247454535488, -0.244335048876, -0.918727201224
0.125400567103, -0.258229652736, 0.0787788822464, 0.181802362767, -0.223382200603, -0.243034070897, -0.926273573913
0.123064295861, -0.259104360207, 0.0820960908051, 0.173743116844, -0.19909814529, -0.241290190829, -0.933783862412
0.120800347211, -0.260186468023, 0.0852700416021, 0.162938286345, -0.174673823463, -0.238969363547, -0.941187448665
0.118614071888, -0.261462822013, 0.0883024846985, 0.149400414918, -0.150183850336, -0.235941348075, -0.948396545433
0.116510086846, -0.262921094155, 0.0911966943193, 0.133138917739, -0.125706741477, -0.232080356414, -0.955306522482
0.114492271065, -0.26454985692, 0.0939572230021, 0.11415906099, -0.101325688173, -0.227265538803, -0.961795814392
0.112563765443, -0.266338629543, 0.096589635268, 0.0924611144428, -0.0771294155298, -0.221381332263, -0.967725323272
0.110726977939, -0.268277895482, 0.0991002244417, 0.0680397694772, -0.0532131797631, -0.214317712168, -0.972937236167
0.1089835953, -0.270359090399, 0.101495716971, 0.0408839556375, -0.0296799688562, -0.205970403713, -0.97725318849
0.107334603008, -0.272574560084, 0.103782969551, 0.0109772369822, -0.00664197485642, -0.196241132267, -0.980471724449
0.10578031545, -0.274917488037, 0.105968665683, 0.021700974307, -0.0157775951718, 0.18503801929, 0.982365037357
0.104296343835, -0.277382822763, 0.108059349662, 0.0458773748857, -0.0356084461022, 0.172679633282, 0.983264485929
0.102890658151, -0.279966426667, 0.110060647259, 0.0617438796817, -0.0531400377133, 0.159722396882, 0.983794991677
0.101571749497, -0.282664248846, 0.111978399552, 0.0695349473463, -0.0686872567532, 0.146628191302, 0.984351118947
0.100348292595, -0.285472186479, 0.113818426555, 0.0694975856762, -0.0825677952833, 0.133780330982, 0.985116981789
0.0992288577697, -0.288385912372, 0.115586212073, 0.0618751894156, -0.0950857525532, 0.121500057951, 0.986087164765
0.098221632659, -0.291400687401, 0.117286587898, 0.0469026949234, -0.106519941062, 0.110061845471, 0.9870866373
0.0973341194745, -0.294511177385, 0.11892345717, 0.0248107057994, -0.117115539397, 0.0997065163365, 0.987788939961
0.0965727872138, -0.297711295075, 0.120499576248, 0.00416341059873, 0.127078015164, -0.0906516523383, -0.987732819138
0.0959517748187, -0.300981077434, 0.121999189527, 0.02836925348, 0.137444683714, -0.0816170662475, -0.986733398073
0.0954658236868, -0.304312093234, 0.123421983483, 0.0477486114143, 0.148095109378, -0.0724677568247, -0.985158024333
0.095109662141, -0.307696860411, 0.124768805338, 0.0622651101701, 0.158910161796, -0.0630581810927, -0.983307826843
0.0948781299067, -0.31112881718, 0.126041467851, 0.0718946221828, 0.169769397618, -0.0532353767815, -0.9814150547
0.0947662508985, -0.314602289526, 0.127242574398, 0.076617053008, 0.180548028097, -0.0428418714191, -0.9796411643
0.0947692671618, -0.318112456985, 0.128375359342, 0.0764097487924, 0.191113528144, -0.0317184880659, -0.97807520527
0.094882643602, -0.321655315617, 0.12944353733, 0.0712427325386, 0.201321939555, -0.0197072022233, -0.976732090133
0.0951020503624, -0.325227634878, 0.130451155026, 0.0610759759183, 0.211013923433, -0.00665424425322, -0.97555039353
0.0954233277731, -0.328826903661, 0.131402439793, 0.0458589507966, 0.22001062931, 0.00758632120403, -0.974389412583
0.0958424378783, -0.332451260124, 0.132301641805, 0.0255327797432, 0.22810947686, 0.0231482716807, -0.973025334328
0.0963554067606, -0.336099400054, 0.133152869178, 3.54125108212e-05, 0.235079997399, 0.0401478587804, -0.971146509546
0.0969582632409, -0.339770459969, 0.133959919939, 0.0306896155592, -0.240659965146, -0.0586770684786, 0.968348041929
0.0976622177003, -0.34349137618, 0.134757639812, 0.0557397427976, -0.245387631524, -0.0761833465896, 0.964818163734
0.0984696837876, -0.347263611533, 0.135550722475, 0.0754491938645, -0.249510707833, -0.0926156570323, 0.96097563231
0.0993830201529, -0.351088630682, 0.136343348486, 0.0901473708158, -0.253245174627, -0.107947738988, 0.957124662053
0.100404462051, -0.354967853578, 0.137139145016, 0.100147579979, -0.256777072713, -0.122169739015, 0.95347289003
0.101536072505, -0.358902605484, 0.137941159648, 0.105740571906, -0.260264848636, -0.13528171764, 0.950147355356
0.102779705185, -0.362894069106, 0.138751849417, 0.107191528037, -0.263841880806, -0.14728873708, 0.947208248581
0.104136972635, -0.366943240423, 0.139573081925, 0.104739433839, -0.267618959664, -0.15819724085, 0.944660455621
0.105609215309, -0.371050887496, 0.140406144148, 0.0985980485256, -0.271686596848, -0.168012464368, 0.94246306545
0.107197468657, -0.375217510387, 0.141251754896, 0.0889579040539, -0.276117104902, -0.176736652699, 0.940537075973
0.108902426867, -0.379443299959, 0.142110078073, 0.0759889416112, -0.280966430479, -0.184367898882, 0.93877155025
0.110724402884, -0.3837280934, 0.14298073513, 0.0598435279714, -0.286275747407, -0.190899449777, 0.93702846738
0.112663284981, -0.388071324677, 0.143862816392, 0.0406596945473, -0.292072827295, -0.196319354856, 0.935146493179
0.114718490503, -0.392471968654, 0.144754891919, 0.0185645158078, -0.298373208236, -0.200610356979, 0.932943873999
0.116888917495, -0.396928478266, 0.145655023355, 0.00632240303181, 0.305181179712, 0.203749944045, -0.930220637844
0.119130776808, -0.401399256532, 0.146523941887, 0.0237354574738, 0.310386256394, 0.208928658116, -0.927063005258
0.121436038945, -0.40588041785, 0.147358555498, 0.0338160564049, 0.313904672584, 0.216246572518, -0.923881892199
0.123797692737, -0.410368887612, 0.148156687339, 0.0366864994027, 0.315602804679, 0.225772480939, -0.92091028732
0.126209650141, -0.414862270039, 0.148916877236, 0.0324395539817, 0.315293708487, 0.237540259477, -0.918211401505
0.128666617437, -0.419358724443, 0.149638195985, 0.0211362099479, 0.312734928043, 0.25154242991, -0.91568364153
0.131163951738, -0.423856844321, 0.150320078623, 0.0028113343284, 0.30762792176, 0.267720616259, -0.913062336198
0.133697517472, -0.42835553525, 0.15096218228, 0.0225125778647, -0.299619792028, -0.285952693674, 0.909918799148
0.136314628061, -0.432898521377, 0.151598959548, 0.0450696767642, -0.291339276799, -0.30310240454, 0.906211389463
0.13901602386, -0.437487948176, 0.152229340053, 0.065093474581, -0.282856714049, -0.319271560254, 0.902120052818
0.141802335737, -0.442125719744, 0.152851745021, 0.082806529701, -0.274223335211, -0.334557727144, 0.897783809318
0.144674082072, -0.446813471175, 0.15346411046, 0.0984188258088, -0.26547444719, -0.349053206366, 0.893307848248
0.147631668869, -0.451552543917, 0.154063914674, 0.112127142896, -0.256632107499, -0.362844472643, 0.888769573005
0.150675391703, -0.456343964272, 0.154648208876, 0.124115101257, -0.247707346854, -0.376011925592, 0.884223695547
0.153805438487, -0.461188424803, 0.155213649883, 0.134553642348, -0.238701998259, -0.388629844886, 0.879706494816
0.157021892251, -0.466086268273, 0.155756534076, 0.143601774556, -0.22961019035, -0.400766469614, 0.875239354499
0.160324733374, -0.471037473756, 0.15627283209, 0.151407460597, -0.220419558308, -0.412484144406, 0.870831688563
0.16371384091, -0.47604164465, 0.156758223893, 0.158108559483, -0.211112219976, -0.423839491513, 0.866483352078
0.167188992792, -0.481097998435, 0.157208134101, 0.163833762605, -0.201665558894, -0.434883580378, 0.86218662255
0.170749864834, -0.48620535813, 0.157617767442, 0.168703482666, -0.19205285044, -0.445662075247, 0.857927824622
0.17439602853, -0.491362145523, 0.157982144359, 0.172830667949, -0.182243762436, -0.456215347993, 0.853688659597
0.178126947709, -0.49656637634, 0.158296136762, 0.176321524084, -0.172204757518, -0.466578548165, 0.849447290904
0.181941974164, -0.501815657558, 0.158554503895, 0.179276132227, -0.161899421311, -0.476781625831, 0.845179227775
0.1858403424, -0.507107187132, 0.158751928279, 0.181788957275, -0.151288737935, -0.486849305453, 0.840858041864
0.189821163675, -0.512437756402, 0.158883051597, 0.183949243002, -0.140331332489, -0.496801011166, 0.836455945298
0.193883419517, -0.517803755432, 0.158942510372, 0.185841293278, -0.128983698834, -0.506650745542, 0.831944253655
0.198025954928, -0.52320118151, 0.158924971186, 0.187544640193, -0.117200430074, -0.516406925532, 0.827293753384
0.202247471492, -0.528625650967, 0.158825165164, 0.189134101259, -0.10493446855, -0.526072180808, 0.822474990277
0.206546520604, -0.534072414403, 0.15863792137, 0.190679728941, -0.0921373917406, -0.535643121387, 0.817458493457
0.210921497066, -0.53953637533, 0.158358198749, 0.192246656897, -0.0787597500605, -0.545110083208, 0.812214948069
0.215370633275, -0.545012112121, 0.157981116212, 0.193894848499, -0.0647514720973, -0.554456862434, 0.806715329151
0.219891994248, -0.550493903082, 0.157501980453, 0.195678754495, -0.0500623520676, -0.56366045161, 0.800931009036
0.224483473722, -0.555975754314, 0.156916311108, 0.197646888314, -0.0346426331015, -0.572690793476, 0.794833850927
0.229142791537, -0.56145142999, 0.156219862879, 0.199841329321, -0.018443698176, -0.581510571217, 0.788396301777
0.233867492536, -0.566914484508, 0.155408644278, 0.202297166603, -0.00141887791305, -0.59007505711, 0.781591498256
0.23865494713, -0.572358295979, 0.15447893271, 0.205041898397, 0.016475619141, -0.598332044773, 0.774393400071
0.243502353686, -0.577776100372, 0.15342728565, 0.208094805279, 0.0352796529192, -0.606221893324, 0.766776965069
0.248406742783, -0.583161025645, 0.152250547741, 0.211466318509, 0.0550279801759, -0.61367771441, 0.758718380145
0.253364983356, -0.588506125127, 0.150945853713, 0.215157408512, 0.0757489775064, -0.620625734817, 0.750195360724
0.258373790586, -0.593804409408, 0.14951062709, 0.219159022121, 0.0974632806084, -0.626985867809, 0.741187529256
0.26342973532, -0.599048875997, 0.147942574753, 0.223451600716, 0.12018237135, -0.632672524789, 0.731676879593
0.268529254644, -0.604232536001, 0.146239677544, 0.228004714383, 0.143907154996, -0.637595694855, 0.721648329079
0.27366866309, -0.609348437089, 0.144400177241, 0.232776849285, 0.168626580907, -0.641662312635, 0.711090353748
0.278844163837, -0.61438968205, 0.142422560416, 0.237715385976, 0.194316370322, -0.644777924155, 0.699995694285
0.284051859146, -0.619349442254, 0.140305539956, 0.242756804908, 0.220937923321, -0.646848646063, 0.68836211168
0.289287759229, -0.624220965405, 0.138048035282, 0.24782715126, 0.248437482481, -0.647783395631, 0.6761931623
0.294547788783, -0.628997577069, 0.135649152656, 0.25284278406, 0.276745631698, -0.647496348121, 0.663498953319
0.299827790554, -0.633672675565, 0.133108167313, 0.257711424109, 0.305777203841, -0.64590955563, 0.650296831794
0.305123525527, -0.638239720067, 0.130424509456, 0.262333501595, 0.335431659386, -0.642955639184, 0.636611955483
0.310430669746, -0.642692211982, 0.127597756412, 0.266603787953, 0.365593979501, -0.638580445927, 0.622477691552
0.31574480818, -0.647023670069, 0.124627633319, 0.270413278586, 0.396136091612, -0.632745548272, 0.607935791699
0.321061426598, -0.651227600159, 0.121514024622, 0.273651274739, 0.42691881449, -0.625430454455, 0.593036299318
0.326375902884, -0.655297460796, 0.118256998272, 0.276207596087, 0.457794275771, -0.616634402004, 0.5778371563
0.331683499635, -0.659226626558, 0.114856843891, 0.277974842075, 0.488608720435, -0.606377618562, 0.562403493228
0.336979360112, -0.663008351214, 0.111314125282, 0.278850611682, 0.519205597861, -0.594701958168, 0.546806606092
0.342258509583, -0.666635733126, 0.107629746635, 0.278739589241, 0.549428791027, -0.581670854239, 0.531122643379
0.347515863855, -0.670101685402, 0.10380503062, 0.27755540895, 0.579125837395, -0.567368570355, 0.515431047569
0.352746246243, -0.673398913236, 0.0998418055423, 0.275222222585, 0.608150988798, -0.551898772748, 0.499812812621
0.357944413468, -0.676519900564, 0.0957424978816, 0.271675912719, 0.63636796784, -0.535382489975, 0.484348632064
0.363105090152, -0.679456907706, 0.0915102259865, 0.266864915717, 0.663652299917, -0.517955561304, 0.469117019612
0.368223010704, -0.682201981099, 0.0871488905504, 0.260750642785, 0.68989313049, -0.499765702482, 0.454192484981
0.373292966599, -0.684746975606, 0.082663257732, 0.253307511149, 0.714994473447, -0.480969333491, 0.439643842191
0.378309856545, -0.687083589254, 0.0780590313635, 0.244522618703, 0.738875874247, -0.461728316737, 0.425532716628
0.383268736673, -0.689203409748, 0.0733429115382, 0.234395112739, 0.761472507522, -0.442206746529, 0.411912302239
0.38816486792, -0.691097971726, 0.0685226378498, 0.222935315308, 0.782734759663, -0.422567913568, 0.39882640287
0.392993758005, -0.692758823448, 0.0636070165533, 0.21016367407, 0.802627370556, -0.402971543997, 0.386308773992
0.397751195877, -0.694177601542, 0.0586059318083, 0.196109608382, 0.821128223963, -0.383571384649, 0.37438276428
0.402433277158, -0.695346112458, 0.053530341864, 0.180810316411, 0.838226883077, -0.36451317724, 0.363061242196
0.407036419775, -0.696256419388, 0.0483922615036, 0.16430960148, 0.85392296735, -0.345933037147, 0.352346781601
0.411557369686, -0.696900933575, 0.0432047322631, 0.146656765653, 0.868224460172, -0.327956228958, 0.342232072921
0.415993197206, -0.697272509088, 0.0379817819086, 0.127905607091, 0.881146026226, -0.310696312377, 0.332700522415
0.420341284938, -0.697364540231, 0.0327383744344, 0.108113545921, 0.892707403921, -0.294254618992, 0.323727001306
0.424599308658, -0.697171060797, 0.0274903515067, 0.0873408921109, 0.902931923942, -0.278720012538, 0.315278708292
0.428765212725, -0.696686844298, 0.0222543658911, 0.0656502588283, 0.911845190876, -0.264168882353, 0.307316112477
0.43283718164, -0.695907504184, 0.0170478070297, 0.0431061161667, 0.919473951921, -0.250665320684, 0.299793948393
0.436813609321, -0.694829592792, 0.0118887186477, 0.019774473334, 0.925845165535, -0.238261438546, 0.292662239728
0.440693067545, -0.693450697539, 0.00679570809365, 0.00427732780488, -0.930985273666, 0.226997780866, -0.285867333157
0.444399065052, -0.691864462527, 0.00186740687841, 0.0273608714333, -0.935643284187, 0.213975571516, -0.279351896835
0.447932647618, -0.690083093061, -0.00289397254273, 0.0495240798598, -0.939774530593, 0.199281515064, -0.273236298678
0.451294343149, -0.688117880964, -0.0074861837204, 0.0708109879044, -0.943330490529, 0.183006232527, -0.267623071665
0.454484195676, -0.685979358345, -0.0119068308881, 0.0912610719557, -0.946260193543, 0.165242592939, -0.262598454566
0.457501817394, -0.683677447405, -0.016153278441, 0.110908952245, -0.948511346551, 0.146084362925, -0.2582339805
0.4603464569, -0.681221604341, -0.0202225836812, 0.129784380889, -0.950031181894, 0.125625183551, -0.254588061709
0.463017081636, -0.678620955827, -0.0241114515886, 0.147912433886, -0.950767054537, 0.103957872458, -0.251707530007
0.465512472328, -0.675884426885, -0.0278162105868, 0.16531383414, -0.950666830775, 0.0811740390471, -0.24962910185
0.467831327118, -0.673020859209, -0.0313328084144, 0.182005343508, -0.949679121072, 0.0573639915768, -0.248380744835
0.469972372951, -0.670039119141, -0.0346568272939, 0.198000173689, -0.947753415006, 0.032616907308, -0.24798292869
0.471934481708, -0.666948194624, -0.0377835176201, 0.213308377786, -0.944840177335, 0.00702123053479, -0.248449748603
0.473716788597, -0.663757280398, -0.0407078493702, 0.227937196044, -0.94089096188, -0.0193347417242, -0.249789912274
0.475318810315, -0.660475850631, -0.0434245803704, 0.241891340173, -0.935858594932, -0.0463621304304, -0.252007584613
0.476740560568, -0.657113717976, -0.0459283404331, 0.255173210799, -0.929697472975, -0.0739706484902, -0.255103085824
0.477982660569, -0.653681077762, -0.0482137301902, 0.267783051619, -0.922364011174, -0.102067726815, -0.259073439974
0.479046442134, -0.650188535704, -0.050275433178, 0.279719052043, -0.913817269722, -0.130557642672, -0.263912772373
0.47993404091, -0.646647117215, -0.0521083393538, 0.290977417201, -0.904019774959, -0.159340701432, -0.2696125554
0.480648477078, -0.643068256077, -0.0537076777151, 0.301552430396, -0.892938541188, -0.188312523409, -0.276161704281
0.481193720595, -0.639463760197, -0.0550691550373, 0.311436538146, -0.880546287257, -0.217363487694, -0.283546526912
0.481574737695, -0.635845752242, -0.0561890969526, 0.320620491607, -0.866822829053, -0.246378384507, -0.291750535632
0.481797515052, -0.632226583532, -0.0570645866853, 0.32909358007, -0.851756614939, -0.275236326218, -0.300754134128
0.481869057892, -0.628618720528, -0.0576935958397, 0.336843991553, -0.835346355939, -0.303810964107, -0.310534199504
0.481797358502, -0.625034604812, -0.058075100831, 0.343859331605, -0.817602686463, -0.331971052277, -0.321063588103
0.481591332281, -0.621486489455, -0.0582091780518, 0.350127323353, -0.798549775368, -0.359581390931, -0.332310603199
0.481260719799, -0.617986257133, -0.058097070898, 0.355636699048, -0.778226792666, -0.386504167478, -0.344238472558
0.480815955287, -0.614545227823, -0.057741222529, 0.360378275759, -0.756689126108, -0.412600695046, -0.356804892397
0.480268004568, -0.611173966218, -0.0571452698492, 0.364346186247, -0.734009236595, -0.437733523889, -0.369961699672
0.479628178285, -0.60788210056, -0.0563139966515, 0.367539212281, -0.710277044463, -0.461768872845, -0.383654734906
0.478907929114, -0.604678164978, -0.0552532469845, 0.369962144573, -0.685599752108, -0.484579297394, -0.397823951051
0.478118643847, -0.60156947647, -0.0539698032201, 0.371627074876, -0.660101033263, -0.506046481165, -0.412403809397
0.477271442489, -0.598562055131, -0.0524712365046, 0.372554515225, -0.633919555011, -0.526064012936, -0.427323981604
0.476376996299, -0.595660592513, -0.05076573975, 0.372774239968, -0.607206842833, -0.54453999543, -0.442510349496
0.475445375138, -0.592868468517, -0.0488619546084, 0.372325759385, -0.5801245476, -0.561399329105, -0.457886264754
0.474485931582, -0.590187812647, -0.0467688037619, 0.371258358821, -0.552841220811, -0.576585525908, -0.473374003184
0.473507225588, -0.587619601644, -0.0444953383724, 0.369630671287, -0.525528744784, -0.590061934503, -0.488896327149
0.472516989536, -0.585163782809, -0.0420506079957, 0.367509790093, -0.498358592722, -0.60181229764, -0.504378058262
0.471522129925, -0.582819411328, -0.0394435571414, 0.364969965751, -0.471498105993, -0.611840609721, -0.519747562228
0.470528759296, -0.580584790294, -0.0366829494964, 0.362090963377, -0.445106971442, -0.620170292587, -0.534938058477
0.469542250356, -0.578457603939, -0.0337773181078, 0.358956179263, -0.419334061126, -0.626842754342, -0.549888686806
0.468567303876, -0.57643503707, -0.0307349378444, 0.355650626392, -0.394314763905, -0.631915434423, -0.564545288397
0.467608022527, -0.574513876584, -0.0275638153643, 0.352258898464, -0.370168897364, -0.635459464655, -0.57886088541
0.466667984129, -0.572690593635, -0.0242716915493, 0.348863212004, -0.346999244699, -0.637557089058, -0.592795868475
0.46575030951, -0.570961407186, -0.0208660517643, 0.345541609115, -0.324890719226, -0.638298985098, -0.606317922013
0.464857721922, -0.569322331267, -0.017354140117, 0.342366382406, -0.303910122822, -0.637781617677, -0.619401731994
0.463992596601, -0.567769209111, -0.0137429749004, 0.339402761446, -0.284106436298, -0.636104737503, -0.632028528868
0.463157000347, -0.566297737574, -0.0100393634073, 0.336707879229, -0.265511560594, -0.633369110693, -0.644185520542
0.462352721924, -0.564903485098, -0.00624991516847, 0.334330019166, -0.248141417563, -0.62967453985, -0.655865267444
0.461581294677, -0.563581905924, -0.00238105332099, 0.332308128965, -0.231997316988, -0.625118210994, -0.667065045268
0.460844012948, -0.562328352696, 0.00156097575679, 0.330671577703, -0.217067500762, -0.619793377666, -0.677786232387
0.460141943972, -0.561138088877, 0.00557009418544, 0.329440126167, -0.203328784066, -0.613788374406, -0.688033749379
0.459475936711, -0.560006301887, 0.00964038527839, 0.328624077615, -0.190748225023, -0.60718593726, -0.697815568654
0.458846628904, -0.558928117322, 0.0137660868168, 0.328224575759, -0.179284767295, -0.600062798913, -0.707142303532
0.458254453335, -0.557898614341, 0.0179415846424, 0.328234018315, -0.168890813008, -0.592489520134, -0.716026878709
0.457699644049, -0.556912842027, 0.0221614064385, 0.328636557128, -0.15951369545, -0.584530516749, -0.72448427814
0.457182243052, -0.555965836439, 0.0264202156939, 0.329408659258, -0.151097031572, -0.576244241742, -0.732531361864
0.456702107815, -0.555052638039, 0.0307128059486, 0.33051970688, -0.143581943186, -0.567683484355, -0.74018674032
0.456258919781, -0.554168309174, 0.0350340954885, 0.331932617288, -0.136908142745, -0.558895751821, -0.747470692821
0.455852193944, -0.55330795136, 0.0393791226937, 0.333604467402, -0.131014884964, -0.54992370379, -0.754405116139
0.455481289529, -0.552466722178, 0.0437430422514, 0.335487109867, -0.125841789257, -0.540805614339, -0.761013489164
0.455145421697, -0.551639851664, 0.0481211224269, 0.337527770178, -0.121329540516, -0.531575841234, -0.76732084031
0.454843674225, -0.550822658115, 0.0525087435497, 0.339669616141, -0.11742047716, -0.522265286654, -0.773353705474
0.454575013011, -0.550010563324, 0.056901397827, 0.341852292623, -0.114059076084, -0.512901837723, -0.779140065747
0.45433830031, -0.549199107247, 0.061294690544, 0.344012415846, -0.111192344198, -0.503510778837, -0.784709255668
0.454132309512, -0.548383962167, 0.0656843426581, 0.346084022699, -0.108770125955, -0.494115170902, -0.79009183442
0.453955740308, -0.547560946408, 0.0700661947437, 0.347998971585, -0.106745335716, -0.484736195193, -0.795319413914
0.453807234055, -0.546726037668, 0.0744362122, 0.349687292404, -0.105074123127, -0.475393461656, -0.800424439154
0.453685389115, -0.545875386023, 0.0787904915911, 0.351077484313, -0.10371597895, -0.466105283117, -0.805439917542
0.453588775961, -0.545005326666, 0.0831252679585, 0.352096761103, -0.10263378807, -0.456888918098, -0.810399094821
0.453515951799, -0.544112392407, 0.0874369229159, 0.352671245221, -0.10179383572, -0.447760785835, -0.815335076194
0.45346547446, -0.543193325962, 0.0917219933141, 0.352726112911, -0.10116577231, -0.43873665762, -0.820280391723
0.453435915302, -0.542245092053, 0.0959771802525, 0.352185694409, -0.100722541688, -0.429831828929, -0.825266505494
0.453425870862, -0.54126488931, 0.100199358196, 0.350973534866, -0.100440277099, -0.421061276859, -0.830323268186
0.453433973005, -0.540250161967, 0.104385583956, 0.349012423488, -0.100298168621, -0.412439807264, -0.835478312709
0.453458897309, -0.539198611327, 0.108533105283, 0.346224400455, -0.100278305399, -0.403982195735, -0.840756392497
0.453499369465, -0.538108206967, 0.112639368828, 0.342530753392, -0.10036549551, -0.395703326142, -0.846178661969
0.453554169476, -0.536977197614, 0.116702027228, 0.337852017605, -0.100547065888, -0.387618329925, -0.851761898683
0.453622133479, -0.535804121647, 0.120718945079, 0.332107996957, -0.10081264425, -0.379742728681, -0.85751766695
0.453702153042, -0.53458781712, 0.124688203574, 0.325217825073, -0.101153924565, -0.372092581818, -0.863451423275
0.453793171847, -0.533327431206, 0.128608103618, 0.317100089603, -0.101564417143, -0.364684640188, -0.869561565132
0.453894179734, -0.532022428933, 0.132477167224, 0.307673045385, -0.102039184025, -0.357536505563, -0.875838426456
0.454004204111, -0.530672601043, 0.136294137095, 0.296854945499, -0.102574559975, -0.350666794676, -0.882263226079
0.454122298846, -0.529278070816, 0.140057974297, 0.284564522159, -0.103167859057, -0.34409530519, -0.888806979345
0.454247530821, -0.527839299685, 0.143767854046, 0.270721651963, -0.10381706654, -0.337843179432, -0.895429388598
0.454378964358, -0.52635709145, 0.147423159737, 0.2552482417, -0.104520515763, -0.331933060011, -0.902077735323
0.454515643844, -0.524832594985, 0.151023475464, 0.23806937135, -0.105276549644, -0.326389229534, -0.908685805636
