1.22703873821, 6.15181100598, 19.651635385, -26.273822091, -0.369363147182, -4.61799165107
-147.990166306, -180.659639284, 482.348694114, -410.750575823, -3.40074044127, -155.860998265
52.974317881, -135.599085977, 431.197420596, -406.413171014, 1.5058464579, 57.8200057232
53.0249763832, -135.387367989, 430.866775399, -406.552668114, 1.26536919451, 57.7499121333
-148.25661539, -180.098368138, 481.892732324, -412.985382405, -3.01848417534, -157.014263708
53.0727768463, -134.593494161, 429.195987356, -405.65392347, 1.56275778003, 57.8726970691
53.25961439, -134.010079879, 428.026458234, -405.052668368, 1.26112873952, 57.6767437679
53.5090013677, -133.298917289, 426.618898968, -404.338338173, 1.02883827217, 57.3063411537
-148.994987144, -177.845546341, 476.722354909, -409.994622403, -2.79004199513, -157.621444371
53.7072944364, -131.57344578, 423.058034244, -402.455693842, 1.52125161661, 57.4639240341
54.1105319905, -130.503131521, 420.967191333, -401.406122855, 0.995794802718, 58.1970694932
54.5858326557, -129.309973669, 418.658630855, -400.258178376, 0.715216870134, 59.2196408113
-149.150535128, -174.571225912, 381.494293183, -106.478366581, -2.30264762897, -156.93690336
56.0132266266, -127.729541757, 327.344527436, -99.0155184451, 1.28363770837, 66.5319506683
56.5655573029, -126.695753196, 324.935835567, -97.6060989449, 0.624596215336, 67.7645641806
57.1829581018, -125.602371456, 322.396816159, -96.1246477363, 0.425830304273, 69.3792499551
-151.225223354, -171.316637207, 371.714377279, -99.8140727689, -1.72682404067, -164.549943847
57.5610420443, -123.455811389, 316.928937477, -92.7271565338, 0.94681271525, 72.8464869255
58.3065926608, -122.223614332, 314.048273466, -91.0397057424, 0.458107672867, 74.7569715988
58.6254591456, -121.051104855, 311.183022341, -89.3572982362, 0.315275511773, 39.680147651
-153.943071013, -167.644725027, 360.179521943, -91.7945858004, -1.34267531599, -173.393930646
111.747929218, 32.5162811933, -288.205877139, 367.912173289, 1.07088905151, 133.718356795
112.243714263, 30.8636775447, -286.331648085, 367.616910836, 0.633882688756, 91.0449647278
-104.142797567, -19.4778706517, -232.477571511, 364.030111129, -0.987537278454, -124.797727483
113.683916585, 27.9110821995, -283.371474045, 367.645370134, 0.804006998777, 138.112069822
-105.995948631, -23.0837399867, -229.435542597, 364.576159357, -0.919312464911, -126.697872061
-107.530854962, -24.9263207058, -228.056905325, 365.036463955, -0.722250822136, -125.224646749
114.264951578, 23.6804630925, -279.47727464, 367.948483927, 1.07748230428, 138.353120711
-109.335190596, -28.0966315844, -225.57627991, 365.713074573, -0.856302332152, -127.25377361
115.097763983, 21.3212850647, -277.340703558, 368.152345943, 1.11293115076, 137.68874603
-111.073591869, -30.9626520181, -223.447635266, 366.443334936, -1.05235306633, -127.592405133
115.94163108, 19.2584860476, -275.551853591, 368.412148203, 1.25047828627, 137.119048212
-112.764767458, -33.5281628434, -221.642526132, 367.20049265, -1.29394811193, -127.962405071
116.628629532, 22.7375249088, -191.458954669, 69.4041141786, 1.49964680504, 132.405973716
-114.511176292, -30.2651134318, -137.684985102, 68.5540973711, -1.56421114467, -132.527320399
170.501008493, 188.073944673, -328.623265381, 39.6538107928, 2.49981533046, 184.974755888
-62.4571756713, 134.858985162, -273.237900571, 37.4073514725, -1.29502960839, -79.3450283309
-116.13678079, -32.1490643378, -134.70877322, 67.5061803398, -1.94000232944, -102.735667142
172.864415117, 187.620881573, -324.170717648, 35.634955233, 3.1665003703, 185.29960387
-117.21403, -2.14817751481, 295.413401854, -405.379720843, -2.33161523908, -134.07996153
174.576794804, 181.640432504, -403.953024619, 332.825117026, 3.04605603683, 191.088487866
-63.9281656327, 133.227560199, -266.524352204, 32.3107195476, -1.78961490953, -80.5724389141
-64.4719419442, 132.852504343, -265.096884762, 31.2560719225, -1.31459969985, -80.2028016293
67.8178456596, -113.684855222, 376.799038932, -373.570237146, 1.42913990994, 79.8119950187
-65.2197687114, 125.799911822, -345.521332601, 330.166142886, -1.33621189192, -75.8095354139
178.090605912, 187.70908795, -316.67258697, 28.0192791467, 3.38465410992, 189.137004783
-65.1520823594, 132.011895708, -261.30353817, 28.2951981802, -1.78678651905, -78.79538547
-175.749501704, -168.556186871, 430.035543752, -371.974657708, -3.38355681479, -188.332969963
179.151085784, 180.659182751, -396.111815914, 325.932375755, 3.80629016715, 192.523490469
-66.4046371523, 124.223523827, -340.60284239, 326.815384598, -1.46947263804, -73.0226445491
-120.825538124, -0.15163071206, 298.009052151, -409.976007759, -2.09873116019, -130.323194387
180.514416637, 180.45653452, -393.649483545, 323.661024688, 3.67912514467, 191.080986267
-121.129090096, 0.254064753223, 298.276583761, -410.646565229, -2.38481259808, -128.4113969
-67.343720239, 123.44655504, -337.833298265, 324.840789936, -1.05487038041, -57.3095461503
181.737730067, 180.49521873, -389.293399261, 313.361390908, 3.70559085587, 192.10660382
-179.14070907, -168.219852134, 428.701804759, -370.951877438, -3.56270798324, -188.669370604
182.470709777, 180.963461524, -383.00601909, 291.989226939, 3.76540466933, 193.894821958
-179.853275974, -168.623203273, 422.963767529, -351.461906053, -3.71196861217, -190.503125943
183.208347891, 181.411376359, -377.097957917, 272.014246329, 3.86528175176, 195.58651867
-67.9736721937, 129.044909938, -263.998593188, 61.0998363444, -1.69037174553, -79.473704879
-180.996460745, -169.398117485, 414.087496692, -320.075747768, -3.55940484605, -192.861728845
184.081784744, 181.734599379, -371.218076132, 253.712259932, 4.17305622645, 198.932589523
-68.9367186132, 123.716166832, -312.933803517, 246.260912311, -1.53587745051, -80.2232079845
72.0318384294, -111.478287602, 354.10500115, -306.077484023, 1.59682020599, 86.1704315344
-69.1735397404, 123.911032493, -308.244924468, 230.486105574, -1.5844646994, -82.4245203712
185.67337867, 185.738353439, -328.666400908, 99.9655894037, 3.87730677937, 201.708149707
-182.522841346, -170.433723449, 402.191202303, -278.168774555, -4.26090670013, -199.106571369
-69.014455757, 124.135504952, -303.226442507, 214.182770521, -1.10768890598, -49.9809781909
42.181087325, -118.91094488, 350.625406861, -271.128241124, 1.47980913413, 59.2954656867
140.062914327, 172.363603249, -345.437015713, 201.792340965, 3.03532904455, 157.345417024
-128.350701967, -43.611737762, -152.874686671, 174.595858349, -3.25904278913, -145.901622371
62.2567574062, 41.7785788854, 227.644011989, -300.522376881, 1.52629874004, 77.1095349951
-69.9261056943, 124.112129508, -297.047620862, 195.108311989, -1.60199322773, -85.3220631364
-9.88514996541, -124.009270167, 322.118382369, -222.767711407, 0.094231686298, 3.88769082105
89.9425279241, 160.973792818, -329.653326603, 187.150332099, 2.1101009011, 103.043311543
-117.067371393, -10.9111000272, -193.409110361, 221.413444542, -2.75274200525, -130.425984783
32.3924078055, 53.3136589383, 143.346546573, -216.057886893, 1.11696305308, 42.6506443529
36.3685242747, 55.9201119481, -247.368791783, 203.801669409, 0.877211581889, 37.5569867466
-142.672423954, -58.4682239375, 206.386613827, -161.40809563, -3.07391181683, -153.194682669
68.1815871699, 156.644862461, -315.954659686, 155.960952999, 2.0462246018, 75.3014104729
3.96268050542, 2.02713417885, 133.855509247, -144.937588784, 0.236012886271, 9.54368612467
6.67097915275, 15.7217584676, 105.158093194, -127.96942376, 0.21854809418, 11.1837656944
45.0868771525, 110.509270935, -284.03258929, 177.592406318, 0.959570713252, 51.1697505605
7.9613687816, 32.5309542943, 70.3144896516, -108.162619697, -0.00680162111211, -3.44247543374
8.27088104154, 38.8664336024, 47.8157717862, -88.2083075265, 0.0123631183574, -3.93299211534
8.27368915447, 43.5023433796, 25.2745653607, -68.6774102861, 0.0193488679167, -4.27294818876
7.95956047819, 46.2771806838, 2.65589161007, -47.1116646546, 0.00119094948167, -4.43571536652
-112.203880171, 19.6129236813, 6.36802621518, -22.3167326079, -2.52441233294, -123.929987495
40.5851588751, 103.692023217, -281.384654551, 188.222369012, 1.16685719408, 52.6937379116
17.1683449791, 42.1770537437, -41.4943897827, 6.75100454309, 0.459180538671, 28.712411509
18.250989826, 36.9530751394, -50.0478206295, 22.7255686702, 0.389066897449, 29.7757222902
18.6060832128, 30.4580441117, -56.6014143961, 38.2413306955, 0.307759188448, 30.5504683944
17.8002972557, 22.9433990787, -60.9744784522, 52.8858144949, 0.211969618686, 2.92757541854
16.7604336498, 14.9256162795, -63.3472440341, 66.4663499209, 0.129976894086, 1.91053465638
-125.958614609, -25.8658408641, -33.488020288, 81.0750848517, -2.95989583221, -140.138968295
25.0273099009, 3.48997889585, -42.0830087596, 5.22544578889, 1.06825481597, 38.9168967253
26.8127331914, -3.17634382311, -37.3211044162, 5.14737974658, 0.851961234614, 40.2017231993
27.6177781349, -9.40875614933, -31.3448412032, 4.84933479803, 0.627445912541, 41.0878426976
27.3594618978, -15.0179916123, -24.4351659655, 4.38413440135, 0.422219160466, 41.4728993491
25.5149477588, -19.9502942471, -16.7697705168, 3.73703033861, 0.23252990129, 5.25513656726
-138.623955816, -61.0689826988, 25.8619492552, 5.52397758186, -3.40158978914, -158.911766422
33.9581253119, -23.4326980737, -3.95190754811, 2.0344597445, 1.50221710527, 52.1320205856
35.2868502446, -23.9562335934, 2.53730078353, 1.13834818731, 1.00895775596, 53.7897084647
35.3512082036, -23.5061381054, 8.64003559157, 0.214863353427, 0.640261736881, 54.9035232065
33.3164793708, -22.3557154989, 14.3179373069, -0.727362859186, 0.340058798193, 6.53009035492
-127.408301026, -56.6448861914, 53.0858851108, 0.828305830637, -3.17995481578, -154.298643263
40.7755757279, -14.3305740834, 19.9679842875, -2.41980293367, 1.62932604685, 66.144997961
41.2360370961, -9.61665583794, 24.1916513469, -12.3750227992, 0.963116141295, 66.9682955623
39.2730092424, -4.72228110507, 29.4391823169, -28.7201584023, 0.517497271351, 7.23545381346
36.7799641861, 0.358307937173, 33.2641925619, -43.6236891481, 0.235947278096, 4.86501056474
-129.959260383, -32.2445223961, 71.0240452039, -54.8659159668, -3.24545806789, -160.493920114
41.9472803385, 10.7348248806, 12.704403188, 11.3761048069, 1.63432350751, 72.9767630626
41.2057875775, 15.4907487676, 8.24759584731, 14.9949112148, 0.888236299833, 71.0635306542
38.0296449775, 19.2541643635, 3.85985321014, 17.8210126413, 0.444047007959, 7.63798034787
-122.910067416, -13.8568650308, 33.2096717773, 22.2174906114, -2.92397237665, -151.74472095
43.5029753997, 29.7257316418, 13.0848091191, -57.1343509721, 1.62354717809, 73.0830867219
42.5210671131, 29.5993736993, -14.6382544974, 27.6279085481, 0.90172684169, 71.8961716575
39.2644299151, 30.3128893206, -19.4246690501, 29.5315978179, 0.444662154124, 9.69068050678
-119.541883368, -5.61565021105, 9.95877794388, 32.5423904532, -2.88408829043, -147.614565637
44.2740794005, 34.5709529101, -1.62271371017, -73.2152260792, 1.61283042526, 72.5775403697
42.9393605654, 30.1812043967, -34.4310559046, 36.3975485353, 0.893357720963, 71.3075333916
39.4296667321, 27.4738419835, -36.6649373321, 36.9800104302, 0.423814143011, 10.6671679377
-120.945292499, -9.84593446542, 16.8289262618, -38.3899336209, -2.97493754876, -149.273256989
43.7592360954, 22.7664696256, -41.6122648597, 40.0735795968, 1.64099669761, 72.2476998638
42.5877003576, 20.5984514271, -25.8852699447, -18.5639255368, 0.913312946017, 68.8734513422
38.8184254034, 14.4040982159, -40.6944480449, 41.2553991722, 0.418759395843, 11.0379160012
-125.790692716, -26.1188575672, 7.43153140802, 1.64079814474, -3.12273209837, -152.627561391
43.291968182, 8.77935375149, -29.0789904037, 6.80599286282, 1.7222894715, 69.9418829989
42.0210297872, 4.77209767239, -27.7039840794, 12.2170965363, 0.942446556221, 67.3982023039
38.4986861756, 0.62737076421, -24.8278118814, 15.6208503992, 0.43899629898, 11.624427751
-130.556297615, -41.0726526805, 14.6382879937, 19.5968263948, -3.24421155708, -155.866406289
43.3947388146, -3.40207686611, -19.4074839913, 17.3904524405, 1.79983988686, 68.8966651056
42.375296097, -5.31533188213, -15.270761279, 16.2014801826, 0.980269410978, 66.5942634742
39.1286027177, -7.07755898268, -10.4185847963, 13.8207124038, 0.463497076805, 13.803488826
-132.560721052, -46.86547981, 30.9135944881, 12.845248334, -3.30270748635, -156.385269088
44.5450188496, -5.89150936912, -3.38993026739, 6.62670495427, 1.86493165682, 68.6983503371
43.7374130262, -5.17950517253, 0.459206403059, 2.30874289788, 1.00797895028, 66.6265849366
40.6781216489, -4.4292223949, 4.35390313465, -2.27449027263, 0.473848897413, 16.9026027852
-131.057338853, -41.943609879, 44.2333531733, -4.60940818552, -3.31036745719, -153.393260174
46.1259469027, 1.03858271287, 7.86679989925, -11.2245964085, 1.90716340837, 68.8139265782
45.2896700442, 3.40933822992, 9.3508240106, -15.2140712304, 1.00579202065, 66.7490284418
42.1738833619, 5.42842276158, 10.6159131714, -18.7586951673, 0.457213346227, 19.9642438343
-127.306251326, -30.6935590005, 47.2569280366, -19.5399123909, -3.278329879, -148.140132261
47.0099259861, 12.0568399241, 8.67110046403, -23.9815601221, 1.9085316311, 68.162649083
45.8783312868, 14.3692455141, 7.51351905382, -25.5429204487, 0.973033686522, 65.8472871719
42.4914167593, 15.9251334198, 6.33637694434, -26.4642616439, 0.423808596758, 21.8568914155
-123.580823942, -20.184273268, 40.0679981414, -24.6665753492, -3.21777833074, -142.910105051
46.3549580143, 20.4450174802, 0.596162028061, -26.4715047513, 1.86092312447, 65.9249153352
44.8327565992, 21.2908120519, -1.84048784219, -25.7211134151, 0.92793949164, 63.2667636003
41.1116119662, 20.5746639497, -10.1126867341, -1.3521315228, 0.393265740774, 22.3492010162
-121.827131674, -16.5978961796, 21.9333453359, 4.38778229764, -3.1431175586, -139.331016068
44.1773290966, 21.2725720795, -17.1406989637, 5.85255103479, 1.77390973022, 62.4995043314
42.4188170319, 20.2313915495, -19.4017570297, 8.9797570803, 0.895816211778, 59.678732009
-96.4831798652, -12.6473028386, 8.6599350785, 13.2122641276, -2.3802491647, -113.582472188
45.5548411841, 19.0200985933, -19.5651267762, -2.00630082789, 1.65777864183, 62.4845812138
44.0550649067, 16.6526707124, -24.7735574006, 16.2486664588, 0.84929356357, 60.8117102448
40.5254317184, 14.6333744523, -18.5985763587, -4.40731619859, 0.370646458344, 21.5734268797
-124.14440215, -25.1031667146, 16.5253925184, 1.0568523469, -3.19549927756, -142.407031113
43.9464851683, 11.4550592209, -20.1467160307, 1.93997215649, 1.77356549077, 61.7668236319
42.3529047471, 9.1346609729, -19.4130911199, 4.12489463014, 0.912722920443, 59.679647113
38.7343458816, 6.51213555038, -17.2728268659, 3.8662220828, 0.407039264897, 19.193122023
-126.580562552, -33.0286065777, 20.3421194414, 5.44623315272, -3.17885299761, -145.34873592
42.3880460108, 4.32597135141, -14.3914371246, 2.234368206, 1.7572753689, 60.8034277983
40.9793769852, 2.89596491194, -11.7187056287, 0.0461974801495, 0.925276706786, 58.7710324479
37.5814858655, 1.33186857925, -8.31712527922, -3.11489538392, 0.431263432246, 17.6732243194
-127.906541776, -37.05490014, 30.6228577001, -5.29833972383, -3.1403134205, -146.986583468
41.7610172341, 0.67440432309, -14.5689300794, 29.3648855166, 1.72500964809, 60.9351697366
40.7438062439, 1.73753496674, -0.105741066761, -17.8525336821, 0.934632102926, 58.6253941256
37.652604829, 1.55006813021, 3.21264010724, -22.9642000018, 0.454587247673, 17.5439315622
-127.589149064, -37.2517767552, 23.3953180091, 41.310054932, -3.08505099973, -145.903080186
42.4575751078, 4.5470734436, 7.41554460944, -35.9147424544, 1.70935692527, 60.9244142224
41.4676021716, 3.42559848512, -13.025556976, 42.0093752026, 0.925918498024, 60.2770407785
38.7123812541, 6.31391001178, 11.9074899405, -47.5379441472, 0.466842357359, 18.5642549403
-125.846324276, -32.4112037149, 22.7041452036, 46.5542063023, -3.02605379942, -143.766188056
43.6893590622, 10.3952483656, 12.8567268331, -57.3487277777, 1.69315669092, 61.791198965
42.6877483607, 8.82574200402, -16.2454443825, 48.4271754393, 0.914738352535, 61.4509253896
39.9535568151, 12.3554674083, 14.114622135, -64.9893613937, 0.459690947851, 19.9900085344
-123.812982047, -26.9843798858, 16.8842731152, 54.8275664318, -2.98511329013, -141.19490858
44.4617743605, 12.6072965847, -20.810979676, 52.0695774736, 1.66243254178, 63.7053418733
43.6612696186, 16.3609086128, 11.4326951797, -71.1569368414, 0.91667367503, 60.4166151255
40.3622120607, 13.0673761909, -23.004983461, 53.989954482, 0.426111997994, 22.5118768271
-122.324979298, -20.6901322297, 44.6925246039, -67.5986431673, -2.95407235257, -140.86667103
44.5468713623, 14.5173878675, -27.1295282228, 56.9065377078, 1.64538847319, 63.2812968434
43.497641558, 17.3154698729, 5.38919041936, -66.3285261417, 0.898271838672, 59.7152734966
39.9959998325, 13.0564986223, -29.0502628844, 60.3788707652, 0.40811987897, 22.8218427803
-122.269858518, -21.471329705, 39.1508851894, -61.334525956, -2.95267213906, -140.139529185
43.7408692363, 12.7230528207, -32.0214735063, 63.8081848644, 1.62836023991, 61.8270733548
42.52541244, 14.7604258299, 1.34820448597, -59.6336388872, 0.886877753185, 58.0884375531
38.9405431262, 9.90024893658, -32.1774614616, 66.7431211919, 0.403252658299, 22.5629943697
-123.168055078, -25.0610407304, 36.9581403992, -55.3310654551, -2.94844162111, -140.245003178
42.5584704408, 8.76915009075, -33.0479695317, 68.71159475, 1.60696209384, 59.879616999
41.3483985321, 10.6209854813, 1.21454936512, -55.0545847185, 0.88572546684, 56.1596874533
37.8574400782, 5.80924232595, -31.1233801928, 69.5365319762, 0.411828866053, 22.3727668612
-124.267390579, -29.0418716583, 38.75487903, -52.7764329688, -2.94192633296, -140.456394523
41.6898789543, 5.14866406975, -30.214121674, 69.0790274343, 1.59203074518, 58.1520979287
40.634967581, 7.38571672628, 4.40105046801, -54.5893529521, 0.893420818936, 54.6187702494
37.3652800241, 3.18153145853, -26.9172625082, 67.0091716448, 0.427726409862, 22.8346129841
-124.827651251, -31.1703185782, 42.8605413516, -54.2910251886, -2.93566213039, -140.062475889
41.7470866578, 6.80862094822, 7.03996042784, -55.4758379215, 1.60541948838, 55.6491125005
40.5464540744, 3.48169754985, -25.8694309036, 69.67634916, 0.881899202637, 55.3734379048
38.1505104406, 6.37514523772, 10.9661296674, -61.9579522327, 0.462056186196, 42.0719934193
-124.723497344, -33.819835757, 11.3157445777, 72.1906804338, -2.93697984153, -138.735358644
42.3748340164, 8.27061923674, 12.6024672274, -68.1567426263, 1.60940336714, 55.9443210442
41.2976901541, 5.13523550055, -24.8263389634, 71.5780487173, 0.88453174075, 56.6893481217
38.6564401722, 8.71866099071, 15.1615006922, -73.6006572368, 0.459311819413, 20.7101815932
-123.786782025, -31.3423200036, 11.2266852866, 73.8704625241, -2.91465057955, -139.333410306
43.3074212528, 11.2441128351, 15.0608893588, -78.0971035091, 1.61201273685, 58.5499254679
42.2014328235, 7.95274332957, -26.2233085843, 73.7575913444, 0.881101456558, 59.2431395713
39.469853587, 11.7681119194, 15.9958606932, -81.4559629077, 0.452289947168, 20.0965618535
-122.695883011, -28.5479707044, 8.6120811577, 76.8614777362, -2.90239282497, -139.376141189
43.940604405, 13.9432266878, 14.4867335384, -83.6754843997, 1.61072455514, 60.4309885261
42.6898769673, 10.1430193082, -29.6751056979, 77.807147824, 0.869673203076, 60.9511366469
39.7790871694, 13.750068194, 14.4203272403, -84.8366934398, 0.439412714175, 19.3902186684
-121.974395535, -27.0347105742, 4.61355685544, 81.7764303202, -2.89274179177, -139.4398715
43.9202792711, 14.9902876582, 12.3897630471, -85.1522068328, 1.6003685173, 61.2857544861
42.4967120914, 10.5516692651, -33.5541657197, 83.3769558093, 0.856054911845, 61.6001920006
39.4122073218, 13.7872046389, 12.3069792801, -84.8846219025, 0.428764865203, 18.3680922331
-121.857473731, -27.4356273241, 1.11361866838, 87.4585563817, -2.88088442575, -139.801032496
43.2817257432, 14.1011583864, 10.7001486387, -84.333242481, 1.581063961, 61.1932568263
41.7544157798, 9.1858670535, -36.0971341859, 88.764332138, 0.846070472187, 61.3673340376
38.5884320055, 12.1813928637, 11.363534994, -83.7743502159, 0.425499796417, 17.210261923
-122.210478751, -29.2294137117, -0.428499487843, 91.9777395252, -2.8658157223, -140.35579679
42.39290572, 12.0751218941, 10.6705469334, -83.4311558359, 1.5586327314, 60.5579913792
40.8821604938, 7.03033880476, -36.4123034853, 92.1344820814, 0.842833675729, 60.7093710571
37.7582696111, 10.0706020062, 12.2478998883, -83.4493517402, 0.430016336926, 16.3369650499
-122.662080347, -31.2082387479, 0.276547785227, 93.877228346, -2.8499388392, -140.756915386
41.720369356, 10.1957139038, 12.3184071951, -83.8741357531, 1.54124871524, 59.8787556004
40.328190956, 5.35954221167, -34.8487366527, 92.6076320514, 0.846083069007, 60.1082541732
37.3341773853, 8.68310689867, 14.3928580145, -84.6731256172, 0.438924047144, 16.1338602354
-122.844728319, -32.2444989835, 2.35917061522, 92.9535233988, -2.83715847395, -140.659720646
41.5665639476, 9.46001946993, 14.6282360712, -85.7198974035, 1.53471846993, 59.4893227526
40.3244519414, 4.99852908183, -32.6263388169, 90.6435093842, 0.852833846969, 59.828869459
37.471524439, 8.6572876936, 16.5250103345, -86.8623812164, 0.447126136202, 16.7269843461
-122.593938242, -31.8922453595, 4.43275014219, 90.2212531745, -2.83085428398, -139.926939656
41.9246771813, 10.0821301544, 16.2839699931, -87.8981440661, 1.53930402308, 59.4158790721
40.7850832878, 5.9421450539, -31.0458886554, 87.6281873239, 0.858740049644, 59.819781029
38.0125065931, 9.78649115838, 17.4857469103, -88.6700716493, 0.450235886755, 17.9222072926
-122.005107998, -30.5229976221, 5.41682620639, 87.2143847035, -2.83205312529, -138.68896088
42.5156586843, 11.4981050291, 16.4487543343, -89.0200177837, 1.55003464882, 59.4149918323
41.3866369258, 7.48389233361, -30.7770303345, 85.0173012935, 0.860334597565, 59.7940552453
38.6040459847, 11.2618968921, 16.8593234922, -88.8846942133, 0.446902644813, 19.3220749294
-121.340431472, -28.9959136471, 5.0648927471, 85.1114639905, -2.83842166951, -137.250566156
42.9663311995, 12.7925762796, 15.1597064327, -88.2273380446, 1.55988817317, 59.1507265781
41.765772318, 8.70599391257, -31.6013142738, 83.5738521918, 0.857079170564, 59.4257629111
38.9060861004, 12.2050064871, 15.0960852368, -87.1096294208, 0.439574107244, 20.5372210291
-120.860273464, -28.1147891882, 3.95608282239, 84.1902122223, -2.8452844993, -135.918157171
43.0168871695, 13.2506816112, 13.1828813012, -85.6160020284, 1.56347973833, 58.3995556247
41.7150590175, 9.00904869025, -32.6800269451, 83.1016350309, 0.851366569006, 58.5432050552
38.7684828081, 12.1561562285, 13.1427294645, -83.8896049533, 0.43267866849, 21.3697852111
-120.682280802, -28.2005703231, 3.03943607699, 83.857364185, -2.84842474276, -134.851922596
42.6439335338, 12.7163140367, 11.4919387683, -82.0714920913, 1.55937255968, 57.1700752004
41.2731354595, 8.38746791166, -33.1191481967, 82.7418958853, 0.846538630898, 57.2159608506
38.286516763, 11.2604506247, 11.8582339501, -80.3029995123, 0.429707455983, 21.8766900511
-120.740472448, -28.9938864579, 3.04912618212, 83.1470006226, -2.84643402829, -134.01757253
42.0444496573, 11.5918690163, 10.7136066471, -78.6984457558, 1.55035088629, 55.6839968714
40.6748131271, 7.34025141422, -32.4766493696, 81.5824669471, 0.844877825019, 55.7023801206
37.7211047764, 10.0967757338, 11.5674754134, -77.3254134843, 0.431523745482, 22.2959830856
-120.850826529, -29.8887558835, 4.12951067099, 81.3410236061, -2.84100697952, -133.246940233
41.5068393962, 10.5349628518, 10.8476333221, -76.2178007428, 1.54164691344, 54.2456216882
40.2053881893, 6.52196510931, -30.9436038718, 79.1967137143, 0.846806696111, 54.3027049906
37.3559041318, 9.3008172149, 11.9716857909, -75.3447135757, 0.436750377865, 23.7394462196
-120.831584704, -30.31821433, 5.84163310705, 78.3524565116, -2.83572007099, -132.424493136
41.2517344605, 10.0636761263, 11.3710611829, -74.6633847211, 1.5379286952, 53.1147762462
40.0487606063, 6.36375584462, -29.1504261374, 75.8278040947, 0.851058803172, 53.268768724
37.5260916234, 9.2531402518, 12.374715041, -74.0530804978, 0.446218978879, 39.3190736459
-120.576185267, -28.6427529148, 24.3668188972, 12.6827700029, -2.82994102282, -133.48607914
41.3371294122, 10.299496566, 11.6081179531, -73.4930215863, 1.53894797091, 52.9926866834
40.2182723204, 6.71079189851, -29.7565137424, 79.4910199736, 0.846952813568, 53.828649207
37.4824428036, 9.80385509561, 13.6247046067, -77.5368727964, 0.439683037326, 21.7087399936
-120.263151182, -29.567270677, 5.39270004311, 82.6821589076, -2.81392459893, -133.476538653
41.6582342252, 11.1719411532, 13.5900400723, -81.039731647, 1.53647807016, 54.5703820182
40.556071291, 7.35633836976, -31.3157300118, 84.3658139348, 0.845240140645, 55.441705244
37.7950045671, 10.6870349847, 15.0381111444, -83.9911254616, 0.439265069155, 20.933002228
-119.862870369, -28.9053127708, 3.68870680237, 87.2067824619, -2.79861333172, -133.879602346
41.967770132, 11.9639293845, 14.4909303257, -86.3795654442, 1.52991808109, 55.7715319174
40.8332000643, 7.87690983229, -33.1270929816, 88.6928453506, 0.840721143602, 56.6160768293
38.0088117956, 11.2829203858, 15.5505718921, -88.2700851026, 0.435625024483, 20.4610440411
-119.54914983, -28.5439203063, 1.89575284821, 91.2467168776, -2.78845857735, -134.029375206
42.089199303, 12.3098747267, 14.740575347, -89.6949265081, 1.52299707015, 56.4601494558
40.8968303454, 7.95789175523, -34.7880744182, 92.4773010825, 0.835172698761, 57.2433931364
37.998850906, 11.3529394223, 15.6809327448, -90.7716714205, 0.431575602974, 20.1126004886
-119.380629094, -28.6459037282, 0.464124632434, 94.5969956566, -2.779606311, -134.037220481
41.9627905272, 12.1243942279, 14.8698042001, -91.5483574785, 1.5138238087, 56.6225347938
40.7212902482, 7.5852206908, -35.8636163135, 95.3749316177, 0.830100894675, 57.3468310718
37.7717980659, 10.9649758595, 15.9003583411, -92.1513083923, 0.429157503772, 19.8265755006
-119.324845988, -29.0815282901, -0.260244021981, 96.8572987804, -2.76991588024, -133.93420288
41.6581576398, 11.6077401186, 15.2303846236, -92.6062178879, 1.50277000488, 56.3775898918
40.4017421221, 7.0043689899, -36.1497521502, 97.0148069629, 0.826704484648, 57.0724630222
37.4421580291, 10.4111384277, 16.4063982161, -93.0100478169, 0.429161011841, 19.645477745
-119.290803139, -29.546557685, -0.228877212167, 97.759524221, -2.75932109736, -133.694315346
41.3199266225, 11.0954497405, 15.8531471138, -93.3417476713, 1.49197977506, 55.9181114529
40.088083133, 6.54565626542, -35.7703998328, 97.2834801415, 0.825396744356, 56.6188269934
37.1579512275, 10.0171099046, 17.0788927751, -93.655052425, 0.431039182265, 19.6526933106
-119.188203119, -29.7568485505, 0.308904036283, 97.3701724345, -2.74934151631, -133.282223833
41.0843496404, 10.8582727805, 16.5007731782, -93.8837816051, 1.48396214302, 55.4221097226
39.9019414195, 6.43113715236, -35.0805410992, 96.4225609786, 0.82575777359, 56.1489565557
37.0215938038, 9.96301088379, 17.6136603516, -94.0513651884, 0.433433297132, 19.904292184
-118.976857194, -29.6017511646, 0.968392929049, 96.0763663822, -2.74197720845, -132.693014178
41.0135469755, 10.9681238078, 16.8564244443, -94.0699842319, 1.48019232916, 54.9826545662
39.8812991761, 6.67018602449, -34.457715264, 94.913995084, 0.82684069672, 55.7311563054
37.0466272759, 10.2106015323, 17.7336528665, -93.9601940988, 0.434950020503, 20.3920237256
-118.680977428, -29.1793303443, 1.44146673523, 94.3941395128, -2.73855507256, -131.96226865
41.077510372, 11.2919414938, 16.7245030125, -93.6423431778, 1.48046106774, 54.588072639
39.9759787607, 7.08620016049, -34.1112767242, 93.2451061327, 0.827674002443, 55.3332919968
37.1660692677, 10.5593254263, 17.3506438798, -93.1579831644, 0.434849643178, 21.0506447053
-118.366186797, -28.712583758, 1.63612778892, 92.7271220145, -2.73902105958, -131.1462434
41.1848834342, 11.596616439, 16.1323985655, -92.4551670538, 1.48317770037, 54.1544288197
40.0876741137, 7.43946298976, -34.0091181626, 91.6960982063, 0.827742190034, 54.8649940294
37.307833698, 10.7871415782, 16.5906931691, -91.6010662968, 0.433897245272, 23.7229988984
-118.099911139, -28.4110495704, 1.68056702817, 91.2110042607, -2.74226088053, -130.444112207
41.2398614095, 11.6912034097, 15.2929416441, -90.5800023005, 1.48618626929, 53.6594906523
40.1289037711, 7.56534668681, -33.9432759766, 90.2597628492, 0.827141448966, 54.3801932765
37.3025267004, 10.74498797, 15.7324186748, -89.4716871755, 0.431237087342, 22.1991200133
-117.910987634, -28.3594254992, 1.8093214016, 89.714424035, -2.74553623648, -129.82147691
41.1905162565, 11.5236377301, 14.469930751, -88.2673544121, 1.48825842046, 53.1795670539
40.0608131759, 7.4493892941, -33.6758425915, 88.7159826972, 0.826669765875, 53.8163696442
37.2681266583, 10.4900383004, 14.9771198325, -87.048941621, 0.430760182208, 25.9787656279
-117.784699615, -28.4925609302, 2.21452244732, 87.9720085129, -2.74838094402, -129.368392594
41.0428141967, 11.1864658431, 13.8358560837, -85.8105899831, 1.48830424135, 52.607852876
39.9066831851, 7.21158101016, -33.0773716595, 86.8007723238, 0.826553690449, 53.288304105
37.0573646154, 10.1227080303, 14.4586467032, -84.6072230131, 0.429379546559, 22.7362380326
-117.673818832, -28.6532466432, 2.94378843005, 85.7625745229, -2.74882650442, -128.986646799
40.8540566894, 10.8464858451, 13.3973363824, -83.4025367538, 1.4875899727, 52.2368736665
39.7262876844, 7.01983347635, -32.1826493089, 84.3677256853, 0.827530914686, 52.8338000363
36.8885137677, 9.84229543628, 14.0718019443, -82.2437749633, 0.430231122293, 23.0373725012
-117.528586894, -28.6912268787, 3.89349618692, 83.0340930142, -2.74852731236, -128.42470417
40.6835313277, 10.6416353446, 13.0257247627, -81.0693991484, 1.48658212941, 51.750754192
39.5779191603, 6.99198049254, -31.1497967348, 81.4622396295, 0.828990979351, 52.2883660829
36.8483139711, 9.7517966921, 13.6455914853, -79.9049560179, 0.433135727729, 29.0386280441
-117.334548598, -28.5455115243, 4.88673720898, 79.9205951983, -2.74918881341, -128.173553724
40.5772555762, 10.6159455057, 12.5502810937, -78.7036867106, 1.48629123788, 51.4474023499
39.501406584, 7.38122972482, -27.025556604, 66.8198449717, 0.831494231943, 51.9780344658
36.6993633087, 9.78055214017, 13.0905201891, -77.4778106739, 0.431207999796, 22.9826867986
-117.10131813, -28.2883023171, 5.40071486278, 78.0188895316, -2.74809949826, -128.155871723
40.5448333152, 10.7293854815, 12.1024169241, -77.0387254611, 1.48736380281, 51.7283354143
39.4888805844, 7.34749663341, -29.9214882567, 77.2323491171, 0.830464306344, 52.3480417392
36.6907881936, 9.92870366198, 12.755590246, -76.4999756533, 0.43158134667, 22.8649412931
-116.855542568, -28.0046146149, 5.70904110433, 76.3560761615, -2.74628441856, -128.028991779
40.5477910542, 10.8622618924, 11.6405592575, -75.806370229, 1.4873247389, 51.8874430137
39.5016371728, 7.54515310874, -29.6307306497, 75.5911521494, 0.830742329871, 52.4406895958
36.6998476496, 10.0232286269, 12.1986402404, -75.0386764875, 0.430768798004, 22.8460961833
-116.63031082, -27.7945818951, 5.96423879809, 74.6778664827, -2.74689680583, -127.855521731
40.5462645856, 10.8992760889, 11.0257765076, -74.1495713012, 1.48818128843, 51.9218209856
39.5003733881, 7.63888422658, -29.3540194293, 73.9680746792, 0.83058430395, 52.4009646807
36.6896801022, 9.99756249287, 11.5636523033, -73.2334904826, 0.429391781701, 22.888064581
-116.442313906, -27.5890761442, 7.85735537818, 67.1807404877, -2.74817945764, -127.721809817
40.5103942077, 10.8095038627, 10.4058818315, -72.2429344329, 1.48921035964, 51.8088560404
39.4604849785, 7.59919800587, -29.1842890115, 73.0366109407, 0.829583271895, 52.2197020246
36.6417161288, 9.86719354989, 11.1040371314, -71.7174096368, 0.427782930515, 22.9939083169
-116.283093477, -27.7403858603, 6.36575841284, 72.4212163701, -2.74810894419, -127.33353703
40.4322637, 10.649469579, 10.1144630198, -71.1200449627, 1.4888210949, 51.5245148066
39.3800352556, 7.48919120488, -28.8985558196, 72.1048073163, 0.828932383576, 51.8824064126
36.6198842079, 9.70678427688, 10.8352432432, -70.5332827183, 0.428251554497, 27.308218596
-116.145284084, -26.8639943998, 19.3946232459, 25.0675398428, -2.74427323204, -127.852467136
40.3270980316, 10.4749705158, 9.89248395503, -69.9029732509, 1.48680926157, 51.2433914354
39.2816223542, 7.28276606637, -29.9534904372, 76.3585863576, 0.822970245755, 51.7724093439
36.4542920038, 9.61092472554, 11.6051972929, -72.8032968436, 0.424403975547, 22.7565835798
-115.979143589, -27.9627450892, 4.82281150174, 78.5369712354, -2.72845855469, -127.025233363
40.2201751284, 10.488690201, 11.5286391489, -75.3558012586, 1.47674504905, 51.1674681483
39.1858796917, 7.13475332988, -31.0786485384, 80.9073236334, 0.819282543902, 51.7872214839
36.3603157913, 9.65197563899, 13.0616349853, -77.6497642946, 0.425273355869, 22.736360475
-115.794105797, -27.9873835307, 3.82302764467, 82.4003408682, -2.71066007022, -126.591939434
40.1254393057, 10.5535025368, 12.7953902062, -79.6044984341, 1.46425627069, 50.9137818626
39.1059197652, 7.08811043722, -31.9153551385, 84.2056654336, 0.816214889941, 51.6114639579
36.366425951, 9.75818440761, 14.1100464663, -81.3023966219, 0.427616983538, 28.2317332586
-115.59168813, -27.9238924837, 3.07102815926, 85.0942567196, -2.69685987519, -126.365144584
40.0547026806, 10.6508646174, 13.6638122521, -82.6851262886, 1.4538746776, 50.7288466513
39.05264649, 7.11059113355, -32.5350189174, 86.4154809405, 0.813790789655, 51.6760101426
36.2313108241, 9.8384710457, 14.804394456, -83.8298131977, 0.426439541869, 22.4225843006
-115.384954191, -27.8214329238, 2.5247378502, 86.7769625222, -2.68510065625, -126.314065251
40.0096332018, 10.737311907, 14.16128277, -84.6662219312, 1.44649921991, 51.008367662
39.0188356921, 7.15053838175, -32.9581680521, 87.6890376748, 0.812402724556, 51.9502391994
36.191568636, 9.90302197606, 15.1465897145, -85.3106085098, 0.426585105485, 22.2980066492
-115.183911634, -27.7285844929, 2.18261970118, 87.5946433451, -2.67709091041, -126.133609472
39.9698756552, 10.7724000426, 14.3721234419, -85.6873596852, 1.44082480926, 51.1235502765
38.9868929606, 7.1675229767, -33.1733219069, 88.1665505166, 0.811076795493, 52.0542684665
36.1543916878, 9.90776308105, 15.252998728, -85.9251263611, 0.426168217196, 22.2699182832
-114.997013007, -27.6697386732, 2.05692822127, 87.6859383701, -2.67191916433, -125.91831454
39.9244769506, 10.7460702299, 14.3996952411, -85.9471504658, 1.43683021878, 51.1178183349
38.9466806786, 7.15227699544, -33.17332979, 87.9885959433, 0.809876596213, 52.0300700616
36.1093288178, 9.85832982245, 15.222773395, -85.8866814427, 0.425324932078, 22.2626752171
-114.822231355, -27.6368978451, 2.13986460128, 87.1960336116, -2.66878013463, -125.713073688
39.8669412478, 10.6780676985, 14.3294705003, -85.6596869482, 1.43417802633, 51.018486853
38.8932780339, 7.12257578118, -32.9807424245, 87.3065387666, 0.808814279039, 51.9038692617
36.0525963427, 9.78403003611, 15.1217259719, -85.396708099, 0.42425069852, 22.2578080472
-114.650438374, -27.6023943782, 2.38833337879, 86.2812773052, -2.66683711314, -125.50553559
39.7965340507, 10.602023452, 14.204155648, -85.0016101181, 1.43250663561, 50.833549545
38.8273268148, 7.10564061426, -32.6517431618, 86.2777277179, 0.807949784899, 51.6833521046
35.9865653157, 9.71732537143, 14.9693140936, -84.598144905, 0.423208257499, 22.2929549294
-114.472064064, -27.5405143534, 2.7340683714, 85.0936706017, -2.66540309199, -125.238261351
39.7166730844, 10.5439926746, 14.0231041412, -84.0772963311, 1.43149003508, 50.5535029751
38.7529131502, 7.11847886589, -32.2563038404, 85.0401207423, 0.807372041981, 51.3600327025
35.9707210564, 9.6868953063, 14.7369857652, -83.5506052754, 0.42350001463, 26.2059853359
-114.287092043, -27.4450213811, 3.11276873416, 83.747862989, -2.66460738499, -125.136927908
39.6343809899, 10.5092011671, 13.7610733776, -82.91565396, 1.4306957567, 50.3026076327
38.6789122167, 7.15894946709, -31.8485522387, 83.6774274349, 0.807110397314, 51.192474719
35.8395630039, 9.6477807703, 14.4369051571, -82.2707132212, 0.421887916986, 22.0564119198
-114.096717934, -27.3294698941, 3.49062945811, 82.2893889331, -2.66297241301, -125.048725915
39.5578146319, 10.482858582, 13.393553948, -81.4955599755, 1.43063568668, 50.3157673306
38.6087396572, 7.20814418733, -31.4419379725, 82.1937985736, 0.807672108284, 51.1140904192
35.7729183008, 9.61833488149, 14.0128021178, -80.7096251388, 0.422081837964, 22.1619774106
-113.903648968, -27.2168736865, 3.87748073846, 80.6829870692, -2.6619440307, -124.658231445
39.4836406855, 10.4404614474, 12.9169812305, -79.7854096209, 1.43047549003, 50.1128972267
38.5411695343, 7.24459307904, -31.0074825594, 80.5188610131, 0.808478554746, 50.8287857059
35.8074267605, 9.58577210088, 13.4628978141, -78.8391745695, 0.424490937728, 28.9395088245
-113.739494172, -26.6360552204, 11.6824596363, 52.1020493494, -2.66094960901, -124.899104884
39.4177190711, 10.3681793701, 12.3467662501, -77.7740347842, 1.43002450904, 49.9704627998
38.4871845684, 7.2036804763, -31.3658831046, 81.7027210167, 0.806382251588, 50.884088423
35.6529962836, 9.51583121465, 13.4378048209, -78.7271633058, 0.421740479027, 21.9577895829
-113.548679698, -27.1505721461, 3.49559857916, 81.6179592234, -2.65270999148, -124.498759067
39.3644161341, 10.3427653065, 12.7845232503, -79.3886546622, 1.42571401958, 50.3133852886
38.4438017648, 7.14507458576, -31.6996612229, 82.8500361609, 0.805625518901, 51.2035322734
35.6021119781, 9.47690181453, 13.7689653456, -79.9137139952, 0.422389644669, 21.8544505694
-113.378501359, -27.1464846152, 3.28984122425, 82.239327496, -2.64527612739, -124.315180011
39.3146715094, 10.2965955253, 13.0189423959, -80.1833346772, 1.42021927821, 50.4601326208
38.4025090012, 7.10451683176, -31.7518792498, 83.0560843409, 0.804806766281, 51.3296934941
35.5575783657, 9.43166873274, 13.9169352709, -80.3592818946, 0.422493307066, 21.8639599845
-113.204929187, -27.113803286, 3.34184123276, 81.9955040463, -2.64039183663, -124.079716479
39.265887889, 10.2557791794, 13.0890135723, -80.3177331515, 1.41620620002, 50.4863319061
38.3603045027, 7.09993119411, -31.5787380563, 82.4969545112, 0.803957761428, 51.3343266817
35.5133245087, 9.40212982309, 13.9155081819, -80.2237815831, 0.421979548211, 21.8654095027
-113.023609597, -27.0383378494, 3.57618865317, 81.1076221834, -2.63744967162, -123.880839198
39.2134771878, 10.2365246623, 13.0232797963, -79.9473457175, 1.41353097853, 50.4433415776
38.3124530605, 7.1357008826, -31.2655876939, 81.4285771648, 0.802979293453, 51.2636501372
35.4630933488, 9.3958544277, 13.7902340669, -79.654557427, 0.420867183182, 21.8025603495
-112.834008594, -26.9234840744, 3.90111493035, 79.8510694112, -2.6357753746, -123.7423583
39.1523760045, 10.2374759653, 12.8453391979, -79.2075741959, 1.4119115397, 50.3475627691
38.2543437055, 7.19841239839, -30.9005687175, 80.1274417236, 0.801906237754, 51.1300580878
35.4028178199, 9.40287047005, 13.5642277756, -78.7722138972, 0.419415508721, 21.6991349489
-112.639817319, -26.789934238, 4.23797638348, 78.4838472597, -2.63469306637, -123.618388051
39.0795056424, 10.2415919927, 12.578715032, -78.202011032, 1.41101252609, 50.1814498201
38.1839257475, 7.26266787932, -30.5466329523, 78.8139262348, 0.800920628714, 50.9150219714
35.3328155395, 9.40207513801, 13.2609938533, -77.6614254885, 0.418064720181, 21.6477977045
-112.484201849, -25.9558401269, 15.7850824456, 36.4691570326, -2.63176165467, -124.001188786
38.9957111708, 10.2256369689, 12.2469207805, -76.9952636768, 1.41043004157, 49.9060429086
38.1081899801, 7.2200369407, -31.5506225057, 82.392185097, 0.795769029397, 50.6526951589
35.3395792077, 9.44569013999, 13.736352788, -79.4503338478, 0.416816506563, 27.7005602106
-112.260959971, -26.7071354401, 2.73630422224, 83.5247954788, -2.61876519353, -123.378346213
38.903924082, 10.2779685332, 13.50807396, -81.5503695549, 1.40190726432, 49.6225260453
38.0350068243, 7.1334825013, -32.7059430306, 86.5337964441, 0.791834641279, 50.6820440027
35.1642532949, 9.44987304781, 14.8663324224, -83.4453390234, 0.414671611843, 20.9162757089
-112.089577402, -26.7395316702, 1.69296535498, 87.1523377685, -2.60340965753, -123.44035359
38.8244752935, 10.2765136825, 14.4719677673, -84.9874430248, 1.39265235147, 49.8076981295
37.9708480882, 7.03345095277, -33.58047396, 89.702432246, 0.789726963024, 50.8832297389
35.0927102516, 9.4273795254, 15.6924361416, -86.3565998543, 0.415278051938, 20.8522052777
-111.921218282, -26.7804720699, 0.948301952123, 89.7591229357, -2.59112812586, -123.087477652
38.7543861834, 10.23655261, 15.1645168205, -87.3881309932, 1.38473452459, 49.7108701251
37.9159034683, 6.93828018045, -34.1457319734, 91.7981970807, 0.788459963152, 50.7989832326
35.0422156904, 9.38071257484, 16.2519055079, -88.2649994901, 0.416439466945, 21.2099088028
-111.750735719, -26.8060160449, 0.523550218439, 91.2507888593, -2.581575724, -122.403907839
38.6973980148, 10.1833677566, 15.5977923823, -88.8220044515, 1.37837508431, 49.3953729263
37.8722444156, 6.87276834779, -34.3912362938, 92.7538585065, 0.787849030491, 50.4970585736
35.1201048075, 9.35921884479, 16.5303006479, -89.2332103568, 0.419832021928, 29.6991755253
-111.582252139, -26.7942253101, 0.415087139963, 91.6050389569, -2.57586365827, -122.174643475
38.6552060514, 10.1407308334, 15.7829480184, -89.3728951564, 1.37318754874, 49.2485937223
37.8437883641, 6.85648572373, -34.3404624031, 92.609893176, 0.787357099375, 50.6396224727
34.9668783567, 9.3014320234, 16.6270943412, -89.3981822517, 0.417882947776, 21.0153976914
-111.411051777, -26.7316880174, 0.580579233696, 90.9309247201, -2.57104443415, -122.394076974
38.627234885, 10.1223905761, 15.7419367156, -89.1583570503, 1.37043076194, 49.8855784751
37.8203112763, 6.89182940609, -34.0500756061, 91.5467702793, 0.787534537313, 51.1991517542
34.9272638963, 9.29226140551, 16.4917552753, -88.8610163366, 0.417528738653, 20.6030279977
-111.23030406, -26.6202657716, 0.944051194097, 89.4763479507, -2.56918858729, -122.602675947
38.5896881377, 10.123556033, 15.519344378, -88.3372440143, 1.36843514562, 50.3722984344
37.7837580054, 6.96361981561, -33.6014636901, 89.865684809, 0.787028406919, 51.6100507636
34.8750540758, 9.2976215409, 16.201109003, -87.806734358, 0.416113980337, 20.1159501343
-111.044674247, -26.4786688957, 1.41459486719, 87.5809203422, -2.56902335091, -122.895651722
38.5353439773, 10.1317098658, 15.1707343279, -87.0915324425, 1.36745153685, 50.7581027729
37.7285137756, 7.04817394055, -33.0861194255, 87.9225165003, 0.7861243831, 51.9149436186
34.8048155359, 9.30164351741, 15.8140472522, -86.418787962, 0.414032900006, 19.53324968
-110.859516131, -26.3331250863, 1.90561079629, 85.5925992693, -2.56962762528, -123.25804
38.4625424017, 10.1297789911, 14.7543021992, -85.5968528181, 1.3672925192, 51.0434649615
37.6550299942, 7.12025016512, -32.5813966918, 86.0329194051, 0.78512844008, 52.110398939
34.7196621532, 9.28798823545, 15.3839600984, -84.8553283002, 0.411868418893, 18.9545374009
-110.6788003, -26.2079758913, 2.35630314054, 83.7722545873, -2.57021495564, -123.572274304
38.3761048536, 10.1030945335, 14.3155291367, -83.9852491482, 1.36769091096, 51.1872525593
37.5698965245, 7.16169149916, -32.1310429641, 84.3838401455, 0.784435476042, 52.1557919918
34.6300947994, 9.24589574103, 14.9442590112, -83.2143495725, 0.410294452232, 18.5611937261
-110.514683996, -25.9849554895, 5.04762328123, 73.9217176984, -2.57002583783, -123.786538824
38.285507005, 10.0442383263, 13.8749783212, -82.316238012, 1.36840271676, 51.1282709579
37.484683304, 7.15116084895, -32.0059893753, 83.9608857511, 0.783532923544, 52.0097213731
34.5490443312, 9.18339862206, 14.6750806425, -82.1448192689, 0.409422574151, 18.5363510909
-110.331531565, -26.0884657219, 2.67397633847, 82.3951865032, -2.56685641913, -123.343314789
38.1996253817, 9.97456422418, 13.760414259, -81.7802048601, 1.36750452682, 50.7970044508
37.4080063874, 7.10997762411, -31.9207206369, 83.7210201141, 0.783542834979, 51.6157521764
34.4880252632, 9.10437989729, 14.5149623804, -81.4437445365, 0.410226104258, 19.0063345075
-110.161183646, -26.0744180392, 2.7792950866, 81.9660127343, -2.56342875816, -122.560438249
38.1278792102, 9.88111496613, 13.55436376, -80.8963172718, 1.36623580302, 50.2006374975
37.3454876212, 7.06024436169, -31.7276642164, 83.1032602876, 0.784428867521, 50.9649190296
34.5561871982, 9.03458259586, 14.2215363483, -80.3440268015, 0.414134339816, 27.4978561441
-110.131366973, -24.5722059263, 29.5263256758, -14.4331406415, -2.55887660407, -123.383077165
38.3087913936, 7.21500031776, -32.4388965517, 84.9165399864, 1.35976805418, 52.1321236203
37.0726461425, 9.5645707531, 13.9195408762, -81.2713863284, 0.786396538441, 48.2061007361
34.6540256317, 6.37104383074, -31.6290585279, 84.9791889349, 0.405801059426, 22.318310264
-110.067831272, -23.5168245137, 48.539757954, -82.9320278154, -2.54061582637, -123.9442545
38.2824743489, 7.17376640615, -32.4192494352, 84.8684343574, 1.35187372547, 52.2282932989
37.0427360178, 9.50746207148, 13.9279917613, -81.2287557339, 0.787581069555, 48.2422839352
34.6391371789, 6.35483463828, -31.46095188, 84.3678127222, 0.408248826079, 22.7736670353
-109.897671259, -23.5130046441, 48.4214049421, -82.5469570663, -2.53683998385, -123.284106003
38.2540973994, 7.17797301649, -32.1073292389, 83.726109729, 1.3488522548, 52.1145099365
37.0115872481, 9.46910044628, 13.7238479163, -80.4609305862, 0.787705761004, 48.1381853194
34.4638366903, 7.96536465951, -2.26196549189, -20.7650771047, 0.412455252574, 21.6173123282
-109.468396905, -26.0040725027, 2.12780333515, 83.95769766, -2.53836739204, -120.204139332
37.9661744218, 9.7162525433, 13.9076489255, -81.9054757187, 1.35090732445, 49.4594317913
37.2217314823, 6.94918843701, -32.5238551938, 85.9462051482, 0.780128028797, 50.506338809
34.3313235531, 8.92778318493, 14.9518714655, -82.7248244435, 0.413455347794, 20.8316163674
-109.279264763, -25.9104094669, 1.96027777427, 84.3740809753, -2.53345860033, -119.907239243
37.9061744564, 9.76061193913, 14.2767434183, -83.2340269402, 1.34455260307, 49.3171422819
37.1668365456, 6.99915332602, -32.568126654, 86.0409573988, 0.777229140288, 50.4107882382
34.2671354785, 8.97642417479, 15.2229872386, -83.7007630294, 0.411189112442, 20.5979255218
-109.089225798, -25.7856277523, 1.95014532961, 84.2086127485, -2.52883218837, -119.947598813
37.8291142988, 9.8076913382, 14.4711361197, -83.924879962, 1.3400949263, 49.2461017018
37.0938208084, 7.06203803968, -32.5185127729, 85.8107175504, 0.774208277039, 50.3582570335
34.1827897734, 9.01932457008, 15.3593335488, -84.1710136522, 0.408236069666, 20.0930600542
-108.902050659, -25.6586505864, 1.96993972584, 83.9453101326, -2.52527939525, -120.198746747
37.7382467451, 9.84124307136, 14.5630299303, -84.2217970212, 1.33717642734, 49.1924636679
37.0080883779, 7.11086063883, -32.4845793489, 85.6647400492, 0.771532173063, 50.2923649656
34.0881042273, 9.03957535944, 15.4189044583, -84.3344169298, 0.405509804647, 19.5576089258
-108.720456978, -25.5570868726, 1.94030814177, 83.8896990822, -2.52178877204, -120.408481758
37.6412752901, 9.84346536489, 14.5952097498, -84.2698643658, 1.33531863219, 49.0495131028
36.9185753467, 7.12403137785, -32.5140601784, 85.7814803321, 0.769712359188, 50.1110276505
33.9976745158, 9.02236637761, 15.4252931495, -84.275413119, 0.403932809738, 19.3046085573
-108.545557906, -25.4992695491, 1.85353878397, 84.0812970858, -2.51784012016, -120.287292654
37.5479580811, 9.80180520309, 14.5743060583, -84.0931151252, 1.33401202777, 48.6993130546
36.8349529551, 7.0928978359, -32.5794122397, 86.0595285825, 0.769109497544, 49.7076206352
34.0003189975, 8.97791901941, 15.3491427098, -83.9519467557, 0.405542293617, 25.0849912474
-108.38234239, -25.4886225573, 1.77525129644, 84.2888998442, -2.51423799307, -120.054733165
37.4698968414, 9.71558837198, 14.4744196488, -83.6097708769, 1.33260818982, 48.2696092861
36.770012693, 7.02709470631, -32.5910194388, 86.1619307394, 0.769704120334, 49.4164276139
33.8680429613, 8.85914737655, 15.2101103057, -83.2736880936, 0.40563299494, 19.5262625896
-108.22591137, -25.5084362782, 1.81608441468, 84.101406008, -2.50969591064, -119.519454739
37.416977905, 9.59852670804, 14.2517618685, -82.6830683384, 1.33183187951, 48.1198580174
36.6285093973, 7.73319096138, -17.1174937816, 30.6977114421, 0.773189329853, 48.3225384401
34.0055762127, 8.77452951299, 14.8688992177, -82.0570533973, 0.408934917771, 32.3403104366
-108.068368421, -25.6219158902, 0.284257745372, 89.5691283683, -2.50026562688, -119.248838725
37.377423876, 9.53299485008, 15.0315602788, -85.3673451475, 1.32652196104, 48.0225304927
36.7224049004, 6.75150614757, -34.8483179358, 94.358875322, 0.765497238852, 49.6372452623
33.7962302152, 8.73197373232, 16.672555512, -88.2998875852, 0.407394035309, 19.2788572131
-107.912728458, -25.7120299658, -1.13721523718, 94.6264218665, -2.47842055792, -119.365293328
37.3580361589, 9.53354179421, 16.5230919479, -90.641002679, 1.31378478686, 48.9540746603
36.7260624177, 6.65634217278, -35.9423135377, 98.2824191734, 0.764236292763, 50.6067573222
33.7667027476, 8.73920749447, 17.9161616416, -92.6906057296, 0.408804677376, 18.9763315992
-107.745775536, -25.7218039234, -1.9425711811, 97.4221824201, -2.46390650259, -119.354907082
37.3361613139, 9.55687766939, 17.5320710819, -94.2176831886, 1.30273147756, 49.6459966813
36.7187236277, 6.64240597271, -36.4733550504, 100.144613169, 0.762049282559, 51.3373115837
33.7303030863, 8.77781892151, 18.7205757759, -95.5451379462, 0.408196551916, 18.5400550745
-107.567995509, -25.6452620605, -2.26777885819, 98.4308566201, -2.45464465685, -119.583611601
37.3016062059, 9.61514324061, 18.1528219934, -96.4406945934, 1.29433634608, 50.2790509091
36.691791752, 6.70225176011, -36.610182791, 100.553206701, 0.759098719107, 51.9957236733
33.6721016956, 8.84896585105, 19.1938870313, -97.2434921502, 0.405530614068, 17.6938997092
-107.382998585, -25.5006736765, -2.30780598147, 98.3588989199, -2.44921995484, -120.240552192
37.2465168465, 9.70056089097, 18.5000587904, -97.708869757, 1.28853705851, 50.9448217223
36.6403549675, 6.80619878677, -36.5597453236, 100.269113698, 0.755549367908, 52.6587754039
33.5857735464, 8.93506727203, 19.4532175219, -98.1841633685, 0.401294437312, 16.4140450997
-107.196653354, -25.3270926196, -2.26733077897, 97.9689309704, -2.44591356689, -121.270038933
37.1685048224, 9.78767958991, 18.6864462455, -98.3987340229, 1.28495636976, 51.620113775
36.5655458831, 6.91051040394, -36.5111994428, 100.00102735, 0.751952860323, 53.2938435291
33.4763475467, 9.00583024781, 19.5994777053, -98.7001757601, 0.396635524312, 14.9419972748
-107.015183145, -25.1724713095, -2.30242540532, 97.8625197416, -2.44300668535, -122.385212346
37.0722466793, 9.84261182323, 18.7968700842, -98.781914209, 1.28299431947, 52.1799550765
36.4750532911, 6.97181488206, -36.580368601, 100.195837511, 0.749090555221, 53.7765131166
33.3592603851, 9.02963485591, 19.6937798445, -98.985584707, 0.393002409487, 13.7043090463
-106.84291504, -25.0772911451, -2.47369474836, 98.2975495139, -2.4392891601, -123.165169612
36.9687443876, 9.83613433786, 18.8686335205, -98.9674849725, 1.28192685567, 52.4475075685
36.3813292895, 6.96266466331, -36.7748287828, 100.90104613, 0.747674895347, 53.941687188
33.2556240725, 8.98618451209, 19.7444493715, -99.0601027181, 0.391629244566, 13.1602613804
-106.680577633, -25.0596608654, -2.72871572928, 99.1096990051, -2.43443243445, -123.20738961
36.8721836731, 9.7558287539, 18.8855713147, -98.8924341466, 1.28108199678, 52.2657228353
36.297828793, 6.88235466514, -36.9938370431, 101.75533985, 0.748069601462, 53.6523589141
33.184987181, 8.87562227814, 19.7105796533, -98.788153534, 0.393085580596, 13.6264560996
-106.524872531, -25.1076238545, -2.92242135964, 99.7753357177, -2.42904662856, -122.285048651
36.7952392552, 9.61258402413, 18.7897292715, -98.3681407298, 1.28003801907, 51.5665794046
36.2344237871, 6.75859727634, -37.0658952978, 102.121518524, 0.75013019303, 52.8626437211
33.1579508439, 8.72046120642, 19.522545147, -97.9505389134, 0.397039989213, 15.1396176876
-106.369562692, -25.1819979994, -2.87114519606, 99.6048994803, -2.42441182233, -120.452907151
36.7443941461, 9.43872718404, 18.5081078442, -97.1713528097, 1.27874296336, 50.4127560478
36.1936127052, 6.63887044693, -36.8135020208, 101.325588694, 0.753206789524, 51.6519424406
33.3701846558, 8.60367047501, 19.0658323419, -96.3243063877, 0.406085517408, 32.3647079064
-106.2237089, -25.2328713403, -2.4198851287, 98.0059220611, -2.42381650386, -119.255813073
36.7245928104, 9.27972301797, 17.9843883983, -95.1503106388, 1.27687874203, 49.5628550625
36.1835174329, 6.5772763782, -36.1276283787, 98.9263066587, 0.756096125159, 51.3067532969
33.1697456305, 8.42534960665, 18.4616201031, -93.9062593637, 0.405863149134, 17.0217655445
-106.35695445, -23.5844461687, 34.5994905321, -34.2340797585, -2.42292934123, -120.910191854
37.1568558077, 6.75132825404, -36.8169415168, 100.601602045, 1.27790203258, 53.3188417185
35.7743529679, 8.98872084064, 18.0660354053, -94.6034696282, 0.752529081914, 48.876695635
33.5978635189, 5.96596775542, -35.9811977961, 100.494098911, 0.403948869166, 20.2465770244
-106.327555645, -22.7413162179, 52.340171302, -97.6540688318, -2.40651276829, -121.682483387
37.1571124672, 6.79853075296, -36.7038741429, 100.117988317, 1.2667495349, 53.8914034044
35.7630490238, 9.03838542489, 18.3414650146, -95.6091871598, 0.750935630885, 49.43770105
33.5757730085, 6.06097128446, -35.6652859106, 99.2613334617, 0.403078533514, 19.7758000419
-106.147093253, -22.6081782276, 52.4460696088, -98.1857327851, -2.40392981375, -122.10248608
37.1275527329, 6.93478828664, -36.2603516797, 98.3986960605, 1.26184918464, 54.554115177
35.7240686832, 9.14314456978, 18.3539022897, -95.7226014692, 0.747265036891, 50.1349485327
33.5078807948, 6.22001966552, -35.1585668836, 97.3192395855, 0.398959974969, 18.4551797752
-105.959404163, -22.4256059728, 52.3558054444, -98.0794312119, -2.40456402086, -123.27129539
37.0622676258, 7.1104633454, -35.7723806453, 96.5054391671, 1.25938473246, 55.3744577302
35.6501480871, 9.26861851695, 18.2539193327, -95.4393973477, 0.742530431407, 50.9657656406
33.395582402, 6.38537760695, -34.738002554, 95.7001317991, 0.393097536369, 16.482162543
-105.776152443, -22.2392298338, 52.2125728674, -97.7901996745, -2.40573528669, -124.940069343
36.9653697971, 7.2623973705, -35.4840716339, 95.3578042259, 1.25890440877, 56.2466766166
35.545177495, 9.3660237737, 18.1627514579, -95.1432023659, 0.737921119269, 51.7749516462
33.2572505224, 6.49638894626, -34.5972291755, 95.1353496353, 0.387533042075, 14.4068489651
-105.606458021, -22.1029228546, 52.113564785, -97.6022589049, -2.40520411336, -126.55771132
36.8508770669, 7.33396168535, -35.5176924035, 95.4330860036, 1.25952442585, 56.9322923136
35.4239032249, 9.38936092547, 18.1378252023, -95.0006841768, 0.734735276884, 52.3123433646
33.1228594478, 6.51037783056, -34.7810657623, 95.8070584269, 0.384321468862, 12.9479748475
-105.453661324, -22.0594338112, 52.0822085089, -97.5527130165, -2.40183301113, -127.459648792
36.7387226072, 7.29534779177, -35.8302215457, 96.5959879454, 1.26021227626, 57.150165976
35.3076544438, 9.31287193383, 18.1571391136, -94.9214813458, 0.733945345727, 52.3282269177
33.0239703949, 6.418741529, -35.1670703558, 97.2734570162, 0.384812641937, 12.7342888591
-105.313909955, -22.1235834495, 52.0635037715, -97.4335587743, -2.39593759039, -127.111621237
36.6482430683, 7.15582493142, -36.224703216, 98.131077211, 1.26012885121, 56.6879921472
35.2172975693, 9.14247701091, 18.1299014371, -94.6032381656, 0.73585159431, 51.6752438894
32.9823229922, 6.25209938091, -35.5046919687, 98.608746884, 0.38917281009, 14.0585272412
-105.177222228, -22.2742904605, 51.946225405, -96.8781606548, -2.38910959382, -125.325061698
36.5913089798, 6.96296691817, -36.4168605579, 98.98305323, 1.25894347342, 55.4967999894
35.1657416173, 8.91659655029, 17.9318844795, -93.6528944145, 0.739940491938, 50.3805990843
33.0770209453, 6.08876630121, -35.5211363107, 98.7344629224, 0.397726828853, 22.5350486538
-105.036934786, -22.4603400379, 51.6077502664, -95.5090419374, -2.38432988348, -122.828282856
36.5704704223, 6.78878882086, -36.1382749281, 98.1357370847, 1.25670515759, 53.9535426584
35.1582112501, 8.69648120506, 17.4534839441, -91.7463976508, 0.744856699522, 49.0834336902
32.5865969195, 8.05339998442, 17.4003788384, -89.3917857805, 0.402904322183, 16.0076833421
-104.395536898, -24.8225935945, -4.02613682233, 102.490358377, -2.37469593428, -117.005515059
36.1037197955, 8.84478044259, 18.1568221551, -94.9113090127, 1.25278077085, 49.7207151543
35.6742218466, 6.31731265435, -39.0813007677, 109.420961585, 0.741721457589, 51.2382103303
32.765350876, 8.12323854395, 20.3056249894, -99.7838606022, 0.404928063398, 29.1076776984
-104.210518086, -24.9051407137, -6.1199414579, 109.866809956, -2.34797972327, -115.355053772
36.0970755397, 8.90953278486, 20.6606626059, -103.781638391, 1.23060243308, 48.9239583315
35.7131376991, 6.28010853655, -40.6386102387, 114.881149806, 0.736309727982, 51.1956706004
32.6165837595, 8.20259335471, 22.4426011037, -107.295868635, 0.401265996135, 17.7149736278
-104.020073834, -24.817821086, -7.24476631166, 113.661474347, -2.32901005425, -115.405944485
36.0876437326, 9.06744852212, 22.4136999342, -110.086466396, 1.21469957284, 49.7192270322
35.7242099803, 6.39539927869, -41.4136318801, 117.455833045, 0.730176860129, 52.191986168
32.5634735861, 8.39503009841, 23.9163507607, -112.62347938, 0.395900168229, 16.3241975996
-103.81939012, -24.5919740041, -7.81545603668, 115.359511855, -2.31848350104, -116.709527119
36.0363453064, 9.29476478534, 23.6569729751, -114.636021751, 1.20295189148, 50.8847571145
35.6832562058, 6.60200013983, -41.8479126876, 118.769704117, 0.722153548525, 53.4869446812
32.4427582792, 8.62797333121, 25.0080614989, -116.606685691, 0.386588636337, 13.6480588569
-103.618867216, -24.3053718479, -8.27853326081, 116.61194878, -2.31206014757, -119.138233913
35.9353002806, 9.53509458239, 24.6293462903, -118.216502106, 1.19521892242, 52.344852162
35.5920007071, 6.81084251185, -42.3582017591, 120.373126064, 0.713831438482, 54.9839672917
32.2639462596, 8.83499589875, 25.9327085656, -119.945695354, 0.376062223624, 10.2362369185
-103.429525836, -24.0566200701, -8.98225349981, 118.747019788, -2.30577984096, -122.033542232
35.7935783858, 9.71407642958, 25.5117869606, -121.399618501, 1.19054776838, 53.7917848734
35.46752895, 6.93101762592, -43.2054173966, 123.262087706, 0.707088226385, 56.376101692
32.061106961, 8.94643364002, 26.8188859898, -123.044206412, 0.367623577496, 7.07482139712
-103.259100596, -23.9322311513, -10.0659890473, 122.346726113, -2.29690392529, -124.415430275
35.6355339268, 9.76643125037, 26.37997757, -124.401662161, 1.18759269828, 54.7934958203
35.3378310846, 6.90172305687, -44.4098029064, 127.551285891, 0.70352498036, 57.2566816373
31.8823470993, 8.91587315187, 27.6767137113, -125.917834576, 0.36403955196, 5.24895528085
-103.10898117, -23.9751612075, -11.4136291877, 127.049265175, -2.28479558734, -125.323605481
35.4934396532, 9.66189599975, 27.1884275747, -127.050272219, 1.18499943076, 54.9537203122
35.2329358559, 6.71599325115, -45.7436002418, 132.430035113, 0.703888786099, 57.2735232693
31.7733344234, 8.74017933275, 28.4035172739, -128.226428718, 0.366612170189, 5.54377967419
-102.973252596, -24.1665684494, -12.6929675031, 131.667754884, -2.27096463938, -124.178219366
35.3965498645, 9.42023202257, 27.7949169672, -128.880424558, 1.1818990125, 54.0709796217
35.1744568729, 6.42676903857, -46.8102091378, 136.4406632, 0.707822651099, 56.2745850938
31.7602972658, 8.46504478159, 28.8287720189, -129.42945617, 0.374750016949, 8.12249915271
-102.840376171, -24.4285747042, -13.4739377273, 134.608851518, -2.2583435275, -121.031633885
35.360256053, 9.10886518289, 28.0201009512, -129.336292548, 1.17821376372, 52.2390380318
35.1672450395, 6.1316820265, -47.1884831554, 138.005860985, 0.713938179376, 54.391968777
32.1248742132, 8.23651561135, 28.7154334673, -128.982705335, 0.391310846938, 34.6377599896
-102.720073879, -24.6537266541, -13.3841378436, 134.462400732, -2.25269804133, -118.390446061
35.3902021765, 8.82510666775, 27.7211812668, -128.014203372, 1.1737690591, 50.6928499394
35.217253942, 5.94515968013, -46.6008715482, 136.038309612, 0.719870790796, 53.6512533198
31.9167952539, 7.94400070733, 28.1983286145, -126.761722135, 0.394868813789, 12.9340646376
-102.594755452, -24.7319083272, -12.2712887502, 130.575422279, -2.25002721182, -116.918679183
35.4795112078, 8.66378165936, 26.8591255354, -124.865720248, 1.17267012094, 51.488860066
35.2894738004, 5.94884793272, -45.0268991948, 130.409523919, 0.725891710055, 54.2861591565
32.0110348111, 7.86513232474, 27.088685116, -122.824660865, 0.400144049444, 14.0715468088
-102.438865267, -24.5936072158, -10.2838591892, 123.387083919, -2.2569914659, -116.164196699
35.5531099942, 8.67017179501, 25.5471004198, -120.291635224, 1.17220875322, 52.366232546
35.3247565628, 6.16096362141, -42.7437485493, 122.111843597, 0.727131525145, 55.051320427
32.0473852166, 7.954399869, 25.6352412777, -117.81267334, 0.398176412447, 13.6111136729
-102.258470719, -24.2454204082, -7.84363705267, 114.389101982, -2.27118417551, -117.108925872
35.5734139186, 8.83893328518, 24.0111610643, -115.058528189, 1.17399259554, 53.7609335926
35.0737755729, 7.26020879984, -18.629050036, 36.4777419784, 0.722207996544, 55.0625425309
31.9838125345, 8.17134195848, 24.1068790382, -112.604648362, 0.386438832454, 11.0083602497
-102.041403879, -23.8534128425, -8.08585323093, 114.740819405, -2.27659152201, -119.86411787
35.4994694068, 9.15859060225, 24.1807411398, -115.904076218, 1.17416994909, 55.6651699609
35.2321754197, 6.81928649018, -42.2225717189, 119.602805624, 0.707155170275, 58.3793457832
31.7803828239, 8.53422653643, 25.9396731672, -119.25842595, 0.370086566389, 6.44600179888
-101.828822304, -23.4744317734, -9.27932248353, 118.449339026, -2.26633137121, -123.971349773
35.3363963318, 9.50487627338, 25.9255349302, -122.244853081, 1.16380732155, 57.8070695696
35.0943896755, 7.06887182306, -43.6058923525, 124.260067207, 0.695124802691, 60.5762312263
31.5083411003, 8.80320087473, 27.6847238572, -125.462191177, 0.355320316468, 1.33585415211
-101.639792295, -23.2212625286, -11.0179914168, 124.208270896, -2.25375161968, -128.191464862
35.1285943013, 9.70799949372, 27.656690662, -128.36603622, 1.15685627704, 59.7042834614
34.9286004874, 7.13531159938, -45.5971415747, 131.243131175, 0.686727172898, 62.4044552522
31.2331465937, 8.89048775253, 29.4422621653, -131.527070907, 0.345776440206, -2.68173763587
-101.480073246, -23.1923268099, -13.3295901177, 132.210097547, -2.23608262493, -130.980873627
34.921398326, 9.69524512308, 29.3897362088, -134.285525273, 1.1514290435, 60.6911521976
34.7810194132, 6.96670313568, -48.0417632296, 140.024733706, 0.683821137494, 63.2506885412
31.0294880936, 8.75883525912, 31.1311542516, -137.180772291, 0.344613111884, -4.09911608855
-101.345715044, -23.4073924004, -15.8672511275, 141.251991626, -2.21417353366, -131.088030703
34.7635631887, 9.45875119232, 30.9687064807, -139.482418564, 1.14580865715, 60.2723195979
34.6917279199, 6.59590370496, -50.4497535274, 148.825961193, 0.686617365532, 62.6912591183
30.9548162243, 8.44076408618, 32.5276593767, -141.706108727, 0.352418998288, -2.11487329115
-101.228035057, -23.7840943958, -17.6489811607, 147.805441618, -2.19164427569, -128.066328149
34.6899731121, 9.06441618759, 32.1315621261, -143.123252323, 1.13933523413, 58.3311119859
34.6682994095, 6.1679301369, -51.075648605, 151.383331396, 0.693534279623, 60.613622632
31.0266502779, 8.03423833098, 33.3849192132, -144.342249304, 0.366900554417, 3.00078876322
-101.11340571, -24.1705462628, -17.6857025064, 148.251514677, -2.17224067914, -122.496887192
34.7065147375, 8.63957967483, 32.7576030869, -144.909028716, 1.13212989929, 55.2086879598
34.7203239215, 5.78263578282, -51.1250038966, 151.828575114, 0.701217445559, 57.5132603638
31.712520369, 7.79246081261, 33.6521660542, -145.395296342, 0.392297260563, 49.563087194
-101.002228089, -24.4754045837, -17.7187081931, 148.606662327, -2.1618490376, -118.909763302
34.8041493173, 8.33931261181, 33.0053311423, -145.533867671, 1.12229611009, 53.1352806052
34.8570787072, 5.57068976661, -51.1897180363, 152.113833766, 0.705702268437, 57.0744401676
31.3333440635, 7.49034452525, 33.8694625492, -145.659930165, 0.392154293062, 8.88382365832
-100.871325718, -24.5603962122, -17.7485183397, 148.726909984, -2.15168777357, -118.295436595
34.9651779554, 8.2829477412, 32.9409277457, -145.328499721, 1.11568514148, 55.653374063
35.0167583193, 5.62365738694, -51.250972727, 152.125333111, 0.708952238753, 59.5628662205
31.435047557, 7.55857477562, 33.6644030884, -145.04439207, 0.393667520385, 8.25978860321
-100.688640738, -24.3460386509, -17.6099226289, 147.937451034, -2.15367877148, -119.345236345
35.0686132527, 8.48743555113, 32.5589807178, -144.221756069, 1.10826975389, 58.4750207666
35.0889261844, 5.97680061682, -50.0486044139, 147.479279353, 0.70458534698, 62.378768459
31.4163126949, 7.85841655325, 33.12127856, -143.394476724, 0.38385587779, 4.84813130756
-100.495683912, -23.8146266059, -15.5030541435, 139.940230748, -2.16611978756, -123.243245658
35.0715020501, 8.889992411, 31.8708213359, -142.169757644, 1.1044082036, 62.0676208059
34.3298340214, 6.37254171237, -47.8252524367, 139.664401422, 0.681637705253, 9.37900905178
31.297597374, 8.30040818209, 32.4380840196, -141.329392199, 0.37071032802, 2.97319621509
-100.217215811, -23.1473153772, -13.8201147286, 133.247122314, -2.17744162669, -123.399448603
34.9045779319, 9.34696656887, 31.2769477026, -140.404141728, 1.10536621752, 62.1844602279
34.8123914106, 7.06195469416, -46.7234162474, 134.855917604, 0.681365946074, 63.9932819853
31.0801775083, 8.72768940912, 32.0221808413, -140.129239738, 0.347890816851, 2.44698141419
-99.9458628287, -22.5659717232, -13.2750245806, 130.61982632, -2.19079277035, -123.962856887
34.5993560171, 9.69050739032, 31.1088550176, -139.943341051, 1.10729602444, 59.0102030284
