124.143861864, 8735.94794925, -16176.7099923, 7443.14822147, 2.57897855663, 124.140002212
-50.2064765669, -3023.45607431, 5568.44562239, -2545.95659064, -1.0438233152, -50.2025403934
-21.4593691855, -1233.44580131, 2356.71946487, -1123.68811496, -0.446915524968, -21.4565119436
-8.32514464182, -429.440182672, 918.932801169, -489.654743212, -0.174213349156, -8.32294302359
-2.37763052669, -67.8299743257, 273.359948085, -205.577977734, -0.0507302866174, -2.37591347849
0.304488455351, 94.8969739327, -16.9008470043, -77.9927816014, 0.0049553223725, 0.305778095062
1.51154667312, 168.139177117, -147.497528559, -20.6152788381, 0.0300153061358, 1.51241831293
2.05402660741, 201.104259562, -206.285620631, 5.2180271862, 0.041276859078, 2.05447274572
2.29743831247, 215.937665848, -232.765542828, 16.8691472631, 0.0463286382948, 2.29744893811
2.40633726691, 222.608098877, -244.70684652, 22.1420984933, 0.0485871491041, 2.40590658401
2.45475068255, 225.60340972, -250.105298528, 24.5462223175, 0.0495894043509, 2.45388030067
2.47596904428, 226.944096757, -252.559160625, 25.6599226856, 0.050026670103, 2.47466940543
2.48496094674, 227.539837652, -253.687807441, 26.1931831725, 0.0502098280218, 2.4832518606
2.4884563265, 227.800195045, -254.220044201, 26.4653730169, 0.0502787289021, 2.48636699466
2.48948088751, 227.909566133, -254.483874869, 26.6201529295, 0.0502963136031, 2.48704953495
2.48939492481, 227.950971849, -254.626919752, 26.7221428117, 0.0502909566123, 2.48666818113
2.48880998925, 227.961790334, -254.715615446, 26.800405961, 0.0502754846937, 2.48584202791
2.4880010114, 227.958849862, -254.779860692, 26.8680100797, 0.0502557274743, 2.48485248067
2.48709158225, 227.949726457, -254.833109757, 26.9308267455, 0.0502343759019, 2.48382838734
2.48613725669, 227.937830456, -254.881415738, 26.9914899419, 0.0502126949787, 2.4828291753
2.48516300312, 227.924696647, -254.92750065, 27.0511769294, 0.050191298653, 2.48188218478
2.48418003899, 227.911015378, -254.972587284, 27.1104095554, 0.0501705099893, 2.48099944459
2.48319340239, 227.897096807, -255.017223689, 27.1694148585, 0.050150503557, 2.48018516942
2.48220535499, 227.883079937, -255.061654308, 27.2282874801, 0.0501313766211, 2.47943915513
2.4812169119, 227.869026747, -255.10598705, 27.2870628715, 0.0501131827085, 2.4787583441
2.48022852953, 227.854964584, -255.150268548, 27.3457504491, 0.050095943975, 2.47813755351
2.47924041561, 227.840905263, -255.194518059, 27.4043485806, 0.0500796543294, 2.47756990083
2.47825266708, 227.82685368, -255.238742778, 27.4628515627, 0.0500642872046, 2.47704706504
2.47726533448, 227.812811703, -255.282944768, 27.5212528351, 0.0500497877341, 2.47655950201
2.47627844793, 227.798779926, -255.327124097, 27.5795465348, 0.0500360855552, 2.4760966889
2.47529203066, 227.784758472, -255.371280294, 27.6377283116, 0.0500230875621, 2.47564732897
2.47430610383, 227.770747361, -255.415413016, 27.6957957432, 0.0500106854295, 2.47519961731
2.47332068889, 227.756746672, -255.459522351, 27.7537485448, 0.049998757031, 2.47474148937
2.47233580937, 227.742756622, -255.50360897, 27.811588693, 0.0499871603406, 2.47426088391
2.47135148889, 227.7287776, -255.54767418, 27.8693204539, 0.0499757515012, 2.47374603489
2.47036775288, 227.71481017, -255.591719925, 27.9269502915, 0.0499643735842, 2.47318571513
2.46938462616, 227.70085508, -255.635748796, 27.9844868816, 0.0499528719881, 2.47256952336
2.46840213443, 227.686913239, -255.679763955, 28.0419408429, 0.0499410871618, 2.47188811844
2.46742030262, 227.672985712, -255.723769108, 28.0993246188, 0.0499288639767, 2.47113345523
2.46643915451, 227.659073695, -255.767768414, 28.1566521932, 0.0499160547594, 2.47029899425
2.46545871105, 227.645178489, -255.811766415, 28.2139388346, 0.0499025266429, 2.46937988483
2.46447899287, 227.631301477, -255.855767932, 28.2712007475, 0.0498881522094, 2.46837308255
2.46350001577, 227.617444091, -255.899777968, 28.3284547576, 0.0498728290557, 2.46727748111
2.46252179406, 227.603607787, -255.943801597, 28.3857179237, 0.0498564676659, 2.4660939571
2.46154433738, 227.589794002, -255.987843851, 28.4430071597, 0.0498390050802, 2.46482539906
2.46056765162, 227.576004132, -256.031909611, 28.500338876, 0.0498204011238, 2.46347668152
2.45959173866, 227.562239493, -256.076003489, 28.5577285676, 0.0498006411459, 2.46205458819
2.45861659692, 227.548501295, -256.12012972, 28.6151904674, 0.049779730717, 2.46056769266
2.45764221854, 227.534790606, -256.164292066, 28.6727372037, 0.0497577141067, 2.45902622632
2.45666859372, 227.521108331, -256.208493709, 28.7303794652, 0.049734647715, 2.45744183936
2.45569570738, 227.507455188, -256.252737186, 28.7881257463, 0.0497106204058, 2.45582740903
2.45472354025, 227.493831683, -256.297024304, 28.8459821034, 0.0496857454617, 2.45419674669
2.45375207036, 227.480238102, -256.341356091, 28.90395196, 0.0496601551617, 2.45256431591
2.45278127255, 227.466674492, -256.385732761, 28.9620359928, 0.049633999205, 2.45094490245
2.45181111868, 227.453140664, -256.430153688, 29.0202320612, 0.0496074472585, 2.4493533278
2.45084157897, 227.439636185, -256.474617412, 29.0785352049, 0.0495806788071, 2.44780407651
2.44987262205, 227.426160388, -256.51912164, 29.1369376705, 0.0495538819614, 2.44631097429
2.44890421559, 227.412712377, -256.563663297, 29.1954290696, 0.0495272527556, 2.44488688133
2.44793632901, 227.399291052, -256.60823858, 29.2539965527, 0.0495009762464, 2.44354334638
2.44696892962, 227.385895117, -256.652843012, 29.3126250186, 0.0494752504711, 2.44229038363
2.44600198784, 227.37252312, -256.697471554, 29.3712974622, 0.0494502533209, 2.44113614802
2.44503547618, 227.359173467, -256.742118684, 29.4299952666, 0.0494261525975, 2.44008675196
2.44406936985, 227.345844468, -256.786778534, 29.4886986338, 0.0494030978597, 2.43914609229
2.44310364659, 227.332534367, -256.831444999, 29.547386991, 0.0493812229584, 2.43831569988
2.44213828913, 227.319241378, -256.876111872, 29.6060394087, 0.0493606328534, 2.43759466892
2.44117328387, 227.305963733, -256.920772998, 29.6646351363, 0.0493414084237, 2.43697962835
2.44020862244, 227.292699713, -256.96542239, 29.7231539934, 0.0493236001958, 2.43646476965
2.43924430091, 227.279447692, -257.010054386, 29.7815768953, 0.0493072303673, 2.43604192971
2.43828032123, 227.266206178, -257.054663779, 29.8398862833, 0.0492922854004, 2.4357007314
2.4373166898, 227.252973842, -257.09924593, 29.8980665195, 0.0492787248936, 2.43542876315
2.43635341859, 227.239749557, -257.143796902, 29.9561043281, 0.0492664723994, 2.43521182234
2.43539052455, 227.226532427, -257.18831356, 30.013989125, 0.0492554228564, 2.43503421823
2.43442803013, 227.213321808, -257.232793644, 30.0717132749, 0.0492454358747, 2.43487905263
2.43346595975, 227.200117329, -257.277235853, 30.1292723758, 0.0492363600543, 2.43472863947
2.43250434455, 227.186918911, -257.321639886, 30.1866653807, 0.049228000682, 2.43456481075
2.4315432165, 227.173726765, -257.366006474, 30.2438947134, 0.049220159956, 2.43436939262
2.43058261152, 227.160541401, -257.410337371, 30.3009662482, 0.0492126146628, 2.43412455087
2.42962256587, 227.147363616, -257.454635357, 30.3578892991, 0.0492051383723, 2.43381324995
2.42866311875, 227.134194489, -257.498904174, 30.4146764247, 0.0491974879037, 2.43341959991
2.42770430721, 227.121035356, -257.543148479, 30.471343251, 0.0491894312171, 2.43292928718
2.42674616822, 227.107887786, -257.587373742, 30.527908142, 0.0491807386575, 2.43232990441
2.42578873771, 227.094753555, -257.631586154, 30.5843918802, 0.0491711846726, 2.43161125123
2.4248320488, 227.081634604, -257.675792492, 30.6408172255, 0.0491605625501, 2.43076563359
2.42387613089, 227.068533001, -257.719999981, 30.6972084274, 0.0491486874461, 2.42978807773
2.42292100967, 227.0554509, -257.764216144, 30.7535907522, 0.0491353964254, 2.42867648486
2.42196670619, 227.042390487, -257.808448634, 30.8099898918, 0.0491205570248, 2.42743175198
2.42101323586, 227.029353941, -257.85270507, 30.8664314185, 0.0491040689843, 2.42605779849
2.42006060811, 227.016343375, -257.896992858, 30.9229401976, 0.0490858714017, 2.42456154643
2.41910882723, 227.003360794, -257.941319028, 30.979539818, 0.0490659330957, 2.42295280662
2.41815789057, 226.990408046, -257.985690065, 31.0362520392, 0.0490442663072, 2.4212441342
2.41720778886, 226.977486776, -258.030111751, 31.093096259, 0.0490209240579, 2.41945059329
2.416258507, 226.964598387, -258.074589027, 31.1500890378, 0.0489959955886, 2.41758946118
2.41531002342, 226.951744003, -258.119125862, 31.207243674, 0.0489696094359, 2.41567988831
2.41436231126, 226.938924434, -258.16372514, 31.2645698221, 0.0489419281969, 2.41374250775
2.41341533813, 226.926140161, -258.208388581, 31.322073216, 0.0489131479486, 2.41179899178
2.41246906664, 226.913391308, -258.25311668, 31.3797554785, 0.0488834948054, 2.40987159426
2.41152345661, 226.900677643, -258.297908667, 31.4376139808, 0.0488532147699, 2.40798264603
2.41057846306, 226.887998564, -258.3427625, 31.4956418206, 0.0488225826423, 2.40615408363
2.40963404147, 226.875353118, -258.387674894, 31.5538279097, 0.0487918700904, 2.40440689112
2.4086901433, 226.862740005, -258.432641359, 31.6121571331, 0.0487613743251, 2.40276069443
2.40774672118, 226.850157608, -258.477656288, 31.6706106034, 0.0487313852308, 2.40123321363
2.40680373003, 226.837604016, -258.52271305, 31.7291660109, 0.0487021799632, 2.399839857
2.40586112376, 226.82507707, -258.567804134, 31.7877980837, 0.0486740401242, 2.39859334962
2.40491886235, 226.812574399, -258.612921288, 31.8464790656, 0.048647213363, 2.39750335841
2.40397690768, 226.800093471, -258.658055697, 31.9051793069, 0.0486219321964, 2.39657624238
2.40303522742, 226.787631651, -258.703198169, 31.9638679015, 0.0485983949717, 2.39581481796
2.40209379486, 226.775186253, -258.748339334, 32.0225133408, 0.0485767672147, 2.39521826254
2.4011525901, 226.762754602, -258.793469853, 32.0810842321, 0.0485571701823, 2.39478201894
2.40021159941, 226.750334093, -258.838580628, 32.1395499893, 0.0485396873582, 2.39449786203
2.39927081689, 226.737922255, -258.883663013, 32.1978815439, 0.0485243547218, 2.39435398383
2.39833024467, 226.725516802, -258.928709018, 32.2560520377, 0.0485111579224, 2.39433521162
2.39738989206, 226.713115695, -258.973711498, 32.3140374479, 0.0485000387588, 2.39442326389
2.39644977639, 226.70071719, -259.018664337, 32.3718172137, 0.0484908878447, 2.39459711689
2.39550992222, 226.688319881, -259.063562603, 32.4293747469, 0.0484835531375, 2.39483341068
2.39457036202, 226.675922742, -259.108402681, 32.4866978847, 0.048477831082, 2.39510693066
2.39363113302, 226.663525156, -259.153182388, 32.5437792677, 0.0484734896976, 2.39539115065
2.39269228013, 226.651126935, -259.197901039, 32.6006165715, 0.0484702489103, 2.39565878033
2.39175385096, 226.638728337, -259.242559506, 32.6572126948, 0.0484678117454, 2.39588240554
2.39081589878, 226.626330065, -259.287160218, 32.7135757613, 0.0484658455126, 2.39603504799
2.38987847818, 226.613933261, -259.331707142, 32.7697190577, 0.0484640093155, 2.39609083134
2.3889416461, 226.601539489, -259.37620573, 32.8256608507, 0.0484619472843, 2.39602554269
2.38800545918, 226.589150712, -259.420662813, 32.8814240364, 0.048459305057, 2.3958172456
2.38706997335, 226.576769246, -259.46508649, 32.9370357598, 0.0484557319785, 2.39544679335
2.38613524125, 226.564397727, -259.509485957, 32.9925268489, 0.0484508981037, 2.39489833842
2.38520131319, 226.552039049, -259.553871335, 33.047931227, 0.0484444866754, 2.3941597204
2.3842682338, 226.539696306, -259.598253452, 33.1032851906, 0.0484362166906, 2.39322283896
2.38333604213, 226.52737273, -259.642643615, 33.1586266388, 0.0484258419531, 2.39208391422
2.38240476995, 226.515071617, -259.687053371, 33.2139942708, 0.0484131600139, 2.39074364225
2.38147444192, 226.502796255, -259.731494244, 33.2694267074, 0.0483980132996, 2.3892072794
2.38054507318, 226.49054985, -259.775977482, 33.3249616407, 0.0483803030655, 2.38748460451
2.37961667032, 226.478335453, -259.820513796, 33.3806349551, 0.0483599830857, 2.38558980423
2.37868923141, 226.46615589, -259.86511311, 33.436479886, 0.0483370618596, 2.38354121208
2.3777627437, 226.454013688, -259.909784319, 33.492526232, 0.0483116135754, 2.38136100828
2.37683718557, 226.441911018, -259.954535076, 33.5487996071, 0.0482837669633, 2.37907477607
2.37591252673, 226.429849637, -259.999371586, 33.6053207759, 0.0482537076229, 2.37671099626
2.37498872733, 226.417830842, -260.044298448, 33.6621051118, 0.0482216779252, 2.37430047829
2.37406574065, 226.405855429, -260.089318512, 33.7191621188, 0.0481879652472, 2.37187568401
2.37314351232, 226.393923665, -260.134432785, 33.7764951308, 0.0481529031841, 2.36947005538
2.37222198242, 226.382035277, -260.179640369, 33.8341010859, 0.0481168614868, 2.36711726964
2.37130108619, 226.37018944, -260.224938449, 33.8919704951, 0.0480802411812, 2.36485049135
2.37038075561, 226.35838479, -260.270322315, 33.9500875211, 0.0480434619392, 2.36270161115
2.36946092036, 226.346619445, -260.315785432, 34.0084302057, 0.0480069591086, 2.360700511
2.36854151117, 226.334891029, -260.361319549, 34.0669708453, 0.0479711624831, 2.35887432646
2.36762245839, 226.323196727, -260.406914853, 34.1256765039, 0.047936504238, 2.35724683372
2.36670369608, 226.311533329, -260.45256016, 34.1845096504, 0.0479033934163, 2.35583779463
2.36578516235, 226.299897305, -260.49824314, 34.2434289132, 0.0478722143587, 2.35466246093
2.36486680145, 226.288284869, -260.543950571, 34.3023899414, 0.0478433137717, 2.35373113746
2.36394856461, 226.276692063, -260.58966862, 34.3613463342, 0.0478169961949, 2.35304886245
2.36303041105, 226.265114842, -260.635383136, 34.4202506404, 0.0477935142968, 2.35261517312
2.36211231006, 226.253549169, -260.681079978, 34.4790554375, 0.0477730599362, 2.35242401383
2.36119424118, 226.241991093, -260.726745319, 34.5377143628, 0.0477557609101, 2.35246377203
2.36027619447, 226.230436853, -260.772365968, 34.5961831859, 0.0477416782112, 2.35271742259
2.35935817208, 226.218882958, -260.817929685, 34.6544208718, 0.0477307988034, 2.35316280037
2.3584401872, 226.207326276, -260.863425466, 34.7123905278, 0.0477230401171, 2.35377300656
2.35752226484, 226.195764106, -260.908843825, 34.7700603523, 0.0477182466445, 2.35451691868
2.35660444054, 226.184194254, -260.954177033, 34.827404431, 0.047716195144, 2.35535980922
2.35568676131, 226.172615086, -260.999419327, 34.8844034331, 0.0477165914376, 2.35626404459
2.3547692827, 226.161025579, -261.044567078, 34.9410451865, 0.0477190877927, 2.35718990159
2.35385206966, 226.149425358, -261.089618922, 34.9973250996, 0.0477232763332, 2.35809637652
2.35293519418, 226.137814711, -261.134575821, 35.0532463721, 0.047728706989, 2.35894213032
2.35201873423, 226.126194603, -261.179441109, 35.1088201495, 0.0477348893627, 2.35968637766
2.35110277161, 226.114566662, -261.224220446, 35.1640653617, 0.0477413110184, 2.36028983591
2.35018739026, 226.102933158, -261.268921743, 35.2190084767, 0.0477474434131, 2.36071563519
2.34927267496, 226.091296965, -261.313555034, 35.2736830697, 0.047752753207, 2.36093017436
2.34835870909, 226.079661506, -261.358132285, 35.3281291771, 0.0477567148726, 2.36090397281
2.34744557294, 226.068030688, -261.402667169, 35.3823925455, 0.0477588229544, 2.36061238519
2.34653334025, 226.056408826, -261.447174788, 35.4365237083, 0.0477586107768, 2.36003628761
2.34562207969, 226.04480055, -261.491671361, 35.4905769287, 0.0477556443867, 2.3591625701
2.34471185028, 226.033210708, -261.536173891, 35.544609084, 0.0477495494452, 2.3579845871
2.34380270029, 226.021644262, -261.580699785, 35.5986784024, 0.0477400180661, 2.35650241518
2.34289466714, 226.010106184, -261.625266484, 35.6528432255, 0.0477268101361, 2.35472299939
2.34198777594, 225.99860133, -261.669891057, 35.7071606297, 0.0477097634268, 2.35266010169
2.34108203848, 225.987134343, -261.714589821, 35.7616851846, 0.0476887978483, 2.3503341548
2.34017745188, 225.975709541, -261.759377961, 35.8164676511, 0.0476639264119, 2.34777192855
2.33927399981, 225.964330805, -261.804269154, 35.8715537479, 0.0476352456389, 2.34500604012
2.33837165209, 225.953001494, -261.849275239, 35.9269830391, 0.0476029383824, 2.34207433687
2.33747036364, 225.941724353, -261.894405919, 35.982787934, 0.0475672831175, 2.33901916518
2.336570078, 225.93050144, -261.939668495, 36.0389927983, 0.0475286282279, 2.33588648224
2.3356707266, 225.919334068, -261.985067653, 36.0956132541, 0.0474874000126, 2.33272490976
2.33477223007, 225.908222759, -262.030605313, 36.1526556647, 0.0474440917941, 2.32958467468
2.33387449961, 225.897167218, -262.076280527, 36.2101167969, 0.0473992570685, 2.32651654078
2.33297744003, 225.886166321, -262.122089444, 36.2679837123, 0.0473534887252, 2.32357064107
2.33208095106, 225.87521813, -262.168025346, 36.3262338749, 0.0473074145429, 2.32079536046
2.33118492911, 225.86431991, -262.21407873, 36.3848354447, 0.0472616823324, 2.31823620898
2.33028926968, 225.853468188, -262.260237481, 36.4437478474, 0.0472169464598, 2.31593473632
2.32939387008, 225.842658806, -262.306487087, 36.5029224936, 0.0471738498775, 2.31392753293
2.3284986324, 225.831887005, -262.352810911, 36.5623036963, 0.0471330080579, 2.31224527444
2.3276034637, 225.821147523, -262.399190541, 36.6218298343, 0.0470950037947, 2.31091196271
2.32670827973, 225.810434697, -262.445606156, 36.6814345856, 0.047060366087, 2.30994422352
2.3258130076, 225.799742588, -262.492036944, 36.7410483247, 0.0470295544001, 2.30935079382
2.32491758568, 225.789065108, -262.53846156, 36.8005996437, 0.0470029573561, 2.30913217156
2.324021967, 225.778396153, -262.584858594, 36.8600169322, 0.0469808698409, 2.30928044526
2.3231261198, 225.767729741, -262.631207045, 36.919229947, 0.046963493619, 2.3097793017
2.32223002795, 225.757060146, -262.677486805, 36.9781714426, 0.046950932201, 2.31060424069
2.32133369305, 225.746382039, -262.723679136, 37.0367787676, 0.046943174514, 2.31172294107
2.32043713315, 225.735690608, -262.76976711, 37.0949953152, 0.0469401105341, 2.31309585815
2.31954038406, 225.724981678, -262.815736033, 37.1527719539, 0.0469415147375, 2.31467695846
2.31864349754, 225.714251824, -262.861573815, 37.2100682659, 0.0469470619618, 2.31641464131
2.31774654138, 225.703498454, -262.907271297, 37.266853632, 0.0469563252785, 2.31825277182
2.31684959851, 225.69271989, -262.952822517, 37.3231081145, 0.0469687838893, 2.32013186102
2.31595276364, 225.68191542, -262.998224901, 37.3788231032, 0.0469838395122, 2.32199035269
2.31505614346, 225.671085335, -263.0434794, 37.434001767, 0.04700082064, 2.32376595372
2.31415985275, 225.660230943, -263.088590523, 37.4886591619, 0.0470190005866, 2.32539701914
2.31326401316, 225.649354557, -263.133566323, 37.5428221841, 0.0470376109038, 2.32682396021
2.31236874984, 225.638459465, -263.178418274, 37.5965291523, 0.0470558607218, 2.32799062635
2.31147418933, 225.627549875, -263.223161085, 37.6498291874, 0.0470729491588, 2.32884562343
2.31058045578, 225.616630836, -263.267812434, 37.7027813321, 0.0470880879529, 2.32934358148
2.30968766905, 225.605708145, -263.312392632, 37.7554534011, 0.0471005172974, 2.32944627885
2.3087959414, 225.594788229, -263.356924209, 37.8079206274, 0.0471095240661, 2.32912364533
2.3079053745, 225.583878013, -263.401431464, 37.860264138, 0.0471144609348, 2.32835461447
2.30701605825, 225.572984773, -263.445939943, 37.9125692149, 0.0471147536089, 2.32712774298
2.306128067, 225.562115983, -263.490475896, 37.9649234799, 0.0471099276822, 2.32544169303
2.30524145818, 225.551279145, -263.535065696, 38.0174149594, 0.0470996127287, 2.32330543209
2.30435627077, 225.540481626, -263.57973525, 38.0701301088, 0.0470835557478, 2.32073825611
2.30347252473, 225.529730488, -263.62450941, 38.123151856, 0.0470616244047, 2.31776952526
2.30259021751, 225.51903232, -263.669411388, 38.1765576424, 0.0470338263139, 2.31443825121
2.30170932756, 225.508393086, -263.714462206, 38.2304175886, 0.0470002913294, 2.31079236062
2.30082981193, 225.497817975, -263.759680179, 38.2847927645, 0.0469612848073, 2.30688781827
2.29995160688, 225.487311269, -263.805080444, 38.3397336377, 0.0469172019476, 2.30278751072
2.29907462958, 225.476876227, -263.850674567, 38.3952787335, 0.0468685612812, 2.29855999448
2.29819877979, 225.466515, -263.896470209, 38.4514535498, 0.0468159908055, 2.29427802632
2.29732394113, 225.456228549, -263.942470865, 38.5082696754, 0.0467602212539, 2.29001703917
2.29644998333, 225.446016608, -263.988675725, 38.5657243304, 0.0467020724208, 2.28585348236
2.2955767662, 225.435877664, -264.035079586, 38.6238000673, 0.0466424271831, 2.28186313013
2.29470414014, 225.425808965, -264.081672899, 38.6824649483, 0.046582229597, 2.27811935395
2.29383195265, 225.415806558, -264.128441886, 38.7416729192, 0.046522442931, 2.27469142905
2.29296004828, 225.405865357, -264.175368776, 38.8013646121, 0.0464640491428, 2.27164290188
2.29208827422, 225.395979229, -264.222432119, 38.8614683958, 0.0464080155203, 2.26903004202
2.29121648339, 225.386141118, -264.269607202, 38.9219017492, 0.04635527323, 2.26690042103
2.29034453776, 225.376343184, -264.316866536, 38.9825729108, 0.0463066975261, 2.26529169617
2.28947231115, 225.366576959, -264.364180425, 39.0433827658, 0.0462630895724, 2.26423054507
2.28859969263, 225.356833533, -264.411517587, 39.1042269136, 0.0462251542502, 2.26373187762
2.28772658974, 225.347103737, -264.458845825, 39.164997924, 0.0461934789744, 2.26379822869
2.28685292981, 225.337378353, -264.506132745, 39.2255877134, 0.0461685278047, 2.26441950437
2.28597866393, 225.327648315, -264.553346465, 39.2858899244, 0.0461506133891, 2.2655729152
2.2851037665, 225.317904915, -264.600456354, 39.345802385, 0.0461399024245, 2.26722327458
2.28422823633, 225.308140015, -264.64743375, 39.4052294973, 0.0461364046513, 2.26932354829
2.28335209885, 225.298346226, -264.694252625, 39.4640844614, 0.0461399613786, 2.27181563633
2.28247540465, 225.288517103, -264.740890249, 39.5222914869, 0.0461502550438, 2.27463152296
2.28159822909, 225.278647304, -264.787327747, 39.5797876406, 0.0461668105639, 2.27769456212
2.28072067054, 225.268732729, -264.833550613, 39.6365245639, 0.0461890045405, 2.28092107045
2.27984285037, 225.25877064, -264.879549115, 39.6924698196, 0.0462160680164, 2.28422203354
2.2789649086, 225.248759749, -264.925318608, 39.747607937, 0.0462471128578, 2.28750503672
2.27808700176, 225.238700275, -264.970859753, 39.8019411326, 0.0462811445516, 2.29067627384
2.27720930029, 225.228593969, -265.01617859, 39.855489548, 0.0463170794059, 2.29364260899
2.27633198456, 225.218444104, -265.061286521, 39.9082911974, 0.0463537699717, 2.29631370447
2.27545524049, 225.208255436, -265.106200156, 39.9604014455, 0.0463900322031, 2.29860410652
2.27457925592, 225.198034117, -265.15094104, 40.0118921027, 0.0464246676795, 2.30043525132
2.27370421697, 225.187787595, -265.195535271, 40.062850134, 0.0464564898251, 2.30173738313
2.27283030293, 225.177524464, -265.240013002, 40.1133760092, 0.0464843522038, 2.30245128374
2.27195768185, 225.167254297, -265.28440784, 40.163581703, 0.0465071803353, 2.30252983243
2.27108650727, 225.156987448, -265.328756163, 40.2135883904, 0.0465239902936, 2.30193927544
2.27021691509, 225.146734836, -265.373096351, 40.263523921, 0.0465339096603, 2.30066026465
2.26934901803, 225.136507711, -265.41746797, 40.3135200679, 0.0465362129236, 2.29868857679
2.26848290499, 225.126317405, -265.461910897, 40.3637096282, 0.046530325659, 2.29603550521
2.26761863668, 225.116175081, -265.506464435, 40.4142234678, 0.0465158520697, 2.29272789752
2.26675624515, 225.106091476, -265.551166419, 40.4651875422, 0.0464925795581, 2.28880787305
2.26589573161, 225.096076656, -265.596052328, 40.5167199566, 0.0464604904951, 2.28433216855
2.26503706602, 225.086139768, -265.641154449, 40.5689281559, 0.0464197664242, 2.27937114876
2.26418018768, 225.076288826, -265.686501081, 40.6219063022, 0.0463707864595, 2.27400748588
2.26332500545, 225.0665305, -265.732115824, 40.6757328909, 0.0463141224887, 2.2683345506
2.26247139914, 225.056869944, -265.778016955, 40.7304686772, 0.0462505329904, 2.26245452054
2.26161922148, 225.04731065, -265.824216907, 40.7861549674, 0.0461809490687, 2.25647623932
2.26076830206, 225.037854333, -265.870721882, 40.8428122909, 0.046106450864, 2.25051292355
2.25991844975, 225.028500863, -265.917531581, 40.900439553, 0.0460282515876, 2.24467967486
2.25906945684, 225.019248226, -265.964639082, 40.9590136022, 0.0459476725731, 2.23909094464
2.25822110283, 225.010092537, -266.01203088, 41.0184893679, 0.0458661164799, 2.23385794684
2.25737316037, 225.001028086, -266.059687036, 41.0788003757, 0.0457850319157, 2.2290860786
2.25652539941, 224.992047436, -266.107581519, 41.139859886, 0.0457058858397, 2.22487244438
2.25567759224, 224.983141547, -266.155682663, 41.2015624072, 0.0456301325386, 2.22130350459
2.25482951891, 224.974299961, -266.203953771, 41.2637857203, 0.0455591766012, 2.21845292916
2.2539809726, 224.965510997, -266.252353839, 41.3263932889, 0.0454943413409, 2.21637967942
2.25313176353, 224.956761998, -266.300838395, 41.3892370557, 0.045436842281, 2.21512639236
2.25228172539, 224.948039591, -266.349360437, 41.4521605555, 0.0453877445722, 2.21471811175
2.25143071737, 224.939329978, -266.397871428, 41.515002247, 0.0453479543815, 2.21516135947
2.25057862939, 224.930619234, -266.44632237, 41.5775990723, 0.0453181791887, 2.21644365078
2.24972538378, 224.921893623, -266.494664897, 41.6397900914, 0.0452989215207, 2.21853338264
2.24887093981, 224.913139907, -266.542852369, 41.7014201342, 0.0452904482139, 2.2213801698
2.24801529245, 224.904345652, -266.590840957, 41.7623434058, 0.0452927962938, 2.22491562574
2.24715847628, 224.895499532, -266.638590699, 41.8224269799, 0.0453057521534, 2.22905452622
2.24630056205, 224.886591592, -266.686066454, 41.8815539955, 0.0453288672719, 2.23369641925
2.24544165884, 224.877613516, -266.733238809, 41.9396266582, 0.0453614491551, 2.23872755924
2.24458191089, 224.86855883, -266.780084842, 41.9965687657, 0.0454025791992, 2.24402322356
2.24372149407, 224.859423098, -266.826588773, 42.0523278816, 0.0454511358082, 2.24945031956
2.24286061521, 224.850204051, -266.872742456, 42.106876965, 0.0455057965895, 2.25487016283
2.24199950519, 224.840901688, -266.918545716, 42.1602154823, 0.0455650851723, 2.26014153915
2.24113841592, 224.831518317, -266.964006517, 42.2123699603, 0.0456273888699, 2.26512381524
2.24027761445, 224.822058552, -267.009140932, 42.2633938836, 0.0456909953819, 2.26968010028
2.23941737719, 224.812529253, -267.053972952, 42.3133670576, 0.0457541315894, 2.27368041602
2.2385579845, 224.802939413, -267.098534103, 42.3623943207, 0.0458149981553, 2.27700475365
2.2376997131, 224.793300003, -267.142862879, 42.4106036595, 0.0458718144144, 2.27954596459
2.23684283117, 224.783623762, -267.187004021, 42.4581438147, 0.0459228565309, 2.28121242926
2.23598759158, 224.773924945, -267.231007632, 42.5051813262, 0.0459664940546, 2.2819304186
2.23513422521, 224.764219033, -267.274928154, 42.5518971268, 0.0460012385323, 2.28164611219
2.23428293626, 224.754522407, -267.318823235, 42.5984827909, 0.0460257689686, 2.28032719791
2.23343389755, 224.744852001, -267.362752491, 42.6451363949, 0.0460389672615, 2.27796400515
2.23258724462, 224.735224926, -267.406776198, 42.6920581898, 0.0460399508434, 2.27457018815
2.23174307222, 224.725658095, -267.450953965, 42.7394461766, 0.0460281003019, 2.27018287105
2.23090143268, 224.716167837, -267.495343365, 42.7874915665, 0.0460030675289, 2.26486227244
2.23006233263, 224.70676951, -267.539998604, 42.8363743641, 0.0459647960178, 2.2586907942
2.22922573229, 224.697477152, -267.58496924, 42.8862591022, 0.0459135300628, 2.25177161853
2.22839154599, 224.688303125, -267.630298972, 42.9372908219, 0.0458498074643, 2.24422678373
2.22755964204, 224.679257808, -267.676024534, 42.989591421, 0.0457744626136, 2.23619482347
2.22672984615, 224.670349329, -267.72217475, 43.0432564921, 0.0456886047071, 2.22782794957
2.2259019442, 224.661583332, -267.768769704, 43.0983525978, 0.0455936006178, 2.21928891197
2.22507568555, 224.652962803, -267.815820139, 43.1549152617, 0.0454910522234, 2.21074754521
2.22425078867, 224.644487949, -267.863327014, 43.2129475111, 0.0453827624868, 2.20237707909
2.22342694635, 224.636156145, -267.911281301, 43.2724192068, 0.0452707013784, 2.19435031368
2.22260383368, 224.627961925, -267.959663974, 43.3332670227, 0.0451569540599, 2.18683571065
2.22178111242, 224.619897061, -268.008446264, 43.3953952753, 0.0450436944625, 2.17999354257
2.22095844026, 224.611950686, -268.057590094, 43.4586774046, 0.0449331235819, 2.17397209703
2.22013547855, 224.604109491, -268.107048757, 43.5229582104, 0.0448274218128, 2.16890411712
2.21931189837, 224.596357973, -268.156767802, 43.5880568052, 0.0447287091401, 2.16490353183
2.21848738987, 224.588678743, -268.206686101, 43.6537701656, 0.0446389835547, 2.16206247302
2.21766166916, 224.581052874, -268.256737089, 43.7198772514, 0.0445600800857, 2.16044881148
2.21683448352, 224.573460309, -268.306850172, 43.7861436684, 0.0444936313402, 2.16010416736
2.21600562063, 224.565880277, -268.35695221, 43.8523266195, 0.0444410139013, 2.16104240305
2.21517491206, 224.558291752, -268.406969133, 43.9181802548, 0.0444033218434, 2.16324882087
2.21434223786, 224.550673923, -268.456827591, 43.9834611319, 0.0443813367038, 2.16667990368
2.21350753102, 224.543006662, -268.506456597, 44.0479337084, 0.0443755020684, 2.17126373968
2.21267078014, 224.535270994, -268.555789197, 44.1113758401, 0.0443858995527, 2.17690106976
2.21183202941, 224.527449544, -268.604764043, 44.173584022, 0.0444122557851, 2.18346700911
2.21099138055, 224.519526963, -268.653326889, 44.2343783432, 0.0444539240436, 2.19081331879
2.21014899005, 224.51149031, -268.701431952, 44.293606987, 0.0445099033792, 2.19877131002
2.2093050668, 224.503329392, -268.749043107, 44.3511502053, 0.0445788550707, 2.20715523371
2.20845986916, 224.495037047, -268.796134899, 44.4069236553, 0.0446591179423, 2.21576611862
2.20761370047, 224.48660937, -268.842693322, 44.4608809868, 0.0447487408385, 2.22439597815
2.20676690119, 224.478045857, -268.888716362, 44.5130156298, 0.044845529377, 2.2328323455
2.20591984352, 224.469349489, -268.934214278, 44.5633617143, 0.0449470828875, 2.24086292906
2.20507292328, 224.460526734, -268.979209625, 44.611994144, 0.0450508452714, 2.24828041311
2.2042265514, 224.451587467, -269.023736974, 44.6590276599, 0.0451541600449, 2.25488721301
2.20338114392, 224.442544819, -269.067842386, 44.7046150889, 0.045254336748, 2.26050013385
2.20253711456, 224.433414944, -269.111582596, 44.7489446228, 0.045348696085, 2.26495473571
2.20169486459, 224.424216714, -269.155023954, 44.7922362994, 0.0454346371517, 2.26810942085
2.20085477185, 224.414971352, -269.198241116, 44.8347376685, 0.0455097070324, 2.26984908651
2.20001718506, 224.405701995, -269.24131553, 44.8767187598, 0.0455716407191, 2.27008820733
2.19918241265, 224.396433219, -269.284333746, 44.918466469, 0.0456184294594, 2.26877333979
2.19835071586, 224.387190507, -269.327385559, 44.9602784116, 0.0456483700482, 2.2658849904
2.1975223023, 224.377999699, -269.370562062, 45.0024564613, 0.0456601029513, 2.26143868177
2.19669732042, 224.368886414, -269.413953614, 45.0453000078, 0.0456526519369, 2.2554853018
2.19587585439, 224.359875473, -269.4576478, 45.0890992104, 0.0456254544522, 2.24811066516
2.19505792023, 224.350990319, -269.501727399, 45.1341282549, 0.0455783898635, 2.23943426261
2.19424346694, 224.34225247, -269.546268434, 45.1806389034, 0.0455117706506, 2.22960721727
2.19343237301, 224.33368099, -269.59133832, 45.2288543536, 0.0454263673987, 2.21880953512
2.19262444974, 224.325292014, -269.636994182, 45.2789636787, 0.0453233849686, 2.20724660446
2.19181944451, 224.31709833, -269.683281362, 45.3311168909, 0.0452044450057, 2.19514505615
2.19101704391, 224.30910902, -269.730232173, 45.3854208105, 0.0450715644051, 2.18274812782
2.19021688033, 224.301329187, -269.777864905, 45.4419357966, 0.0449271129769, 2.17031047182
2.18941853932, 224.293759758, -269.826183145, 45.5006734872, 0.0447737680232, 2.15809267813
2.18862156778, 224.286397383, -269.875175398, 45.5615955726, 0.0446144570085, 2.1463555108
2.18782548367, 224.279234426, -269.924815049, 45.6246136736, 0.0444523007044, 2.13535405095
2.18702978569, 224.272259049, -269.975060669, 45.6895903545, 0.0442905464502, 2.12533185153
2.18623396494, 224.265455399, -270.025856648, 45.7563412444, 0.0441324941632, 2.11651522095
2.18543751701, 224.258803885, -270.077134166, 45.8246382593, 0.043981418243, 2.10910779111
2.18463995019, 224.252281543, -270.128812484, 45.8942138821, 0.0438405134495, 2.10328551451
2.18384080063, 224.245862485, -270.180800522, 45.9647663992, 0.0437127960681, 2.09919212096
2.1830396412, 224.239518431, -270.232998707, 46.0359660221, 0.0436010483927, 2.09693528869
2.1822360921, 224.233219288, -270.285301044, 46.1074617548, 0.0435077463644, 2.0965834907
2.18142982997, 224.226933798, -270.337597375, 46.1788888787, 0.0434350030429, 2.09816370795
2.18062059786, 224.220630216, -270.389775774, 46.2498768664, 0.0433845008024, 2.10165996449
2.17980821023, 224.214277015, -270.441725034, 46.3200576397, 0.043357459303, 2.10701288299
2.17899255973, 224.207843601, -270.493337184, 46.3890738854, 0.0433545933594, 2.11412016768
2.17817362032, 224.201301017, -270.544509981, 46.4565872953, 0.0433760873087, 2.12283803675
2.17735145094, 224.194622631, -270.595149325, 46.5222865675, 0.0434215747262, 2.13298365483
2.17652619374, 224.187784776, -270.645171538, 46.585894931, 0.0434901476655, 2.14433849964
2.17569807355, 224.180767347, -270.694505457, 46.6471770744, 0.0435803584876, 2.1566525398
2.17486739438, 224.17355432, -270.743094284, 46.7059452401, 0.0436902442086, 2.16964928108
2.17403453403, 224.166134193, -270.790897136, 46.7620643647, 0.0438173586321, 2.18303143717
2.17319993736, 224.158500337, -270.837890305, 46.8154562151, 0.0439588184782, 2.19648722273
2.17236410644, 224.150651241, -270.884068107, 46.866102202, 0.0441113632241, 2.20969709438
2.1715275911, 224.142590645, -270.929443383, 46.9140450059, 0.0442714207125, 2.22234076274
2.17069097731, 224.134327561, -270.974047572, 46.9593888197, 0.0444351778313, 2.23410440952
2.16985487541, 224.125876176, -271.017930374, 47.0022982176, 0.0445986599945, 2.24468785327
2.16901990502, 224.117255635, -271.061158993, 47.0429956283, 0.0447578298524, 2.25381159918
2.16818668277, 224.108489703, -271.103816968, 47.0817574715, 0.0449086630048, 2.26122350409
2.16735580765, 224.099606331, -271.146002625, 47.1189090166, 0.0450472475763, 2.26670500502
2.16652784811, 224.090637103, -271.187827151, 47.1548180053, 0.0451698679391, 2.27007668135
2.16570332688, 224.081616598, -271.229412352, 47.1898872263, 0.0452731025138, 2.27120308921
2.16488270934, 224.072581673, -271.270888116, 47.224546134, 0.0453538978552, 2.2699966372
2.16406639328, 224.063570678, -271.312389654, 47.2592417041, 0.0454096423796, 2.26642051376
2.16325469588, 224.054622623, -271.354054571, 47.2944287553, 0.0454382454465, 2.2604905144
2.16244784619, 224.045776315, -271.396019806, 47.3305598349, 0.0454381896728, 2.25227573428
2.16164598039, 224.037069476, -271.438418541, 47.3680749964, 0.0454085626887, 2.24189800336
2.1608491326, 224.028537877, -271.481377129, 47.4073916602, 0.0453491167825, 2.22953026459
2.16005723673, 224.020214492, -271.525012121, 47.4488947826, 0.0452602597087, 2.21539360786
2.15927012234, 224.012128702, -271.569427445, 47.4929275395, 0.0451430785896, 2.19975329426
2.1584875197, 224.004305567, -271.614711819, 47.539782798, 0.0449993113965, 2.18291362531
2.15770906097, 223.996765168, -271.660936456, 47.5896955411, 0.0448313377743, 2.16521187928
2.15693428854, 223.989522063, -271.708153107, 47.6428364027, 0.0446421269478, 2.14701136876
2.15616266341, 223.982584847, -271.75639252, 47.6993066135, 0.0444351818384, 2.12869376265
2.15539357551, 223.975955846, -271.805663331, 47.759134332, 0.0442144742048, 2.11065087252
2.15462635588, 223.969630933, -271.85595143, 47.8222725753, 0.0439843623472, 2.09327603096
2.15386029032, 223.963599501, -271.907219828, 47.8885988033, 0.0437495078305, 2.0769552877
2.15309463561, 223.957844567, -271.959409038, 47.9579161768, 0.0435147626932, 2.06205855548
2.15232863556, 223.952343032, -272.012437966, 48.02995654, 0.0432850704438, 2.0489309691
2.15156153694, 223.947066077, -272.066205314, 48.1043850524, 0.0430653604242, 2.03788466443
2.15079260663, 223.941979705, -272.120591455, 48.1808064014, 0.0428604334751, 2.02919108603
2.1500211491, 223.937045393, -272.175460761, 48.2587724962, 0.0426748494609, 2.02307407497
2.14924652279, 223.932220879, -272.230664346, 48.3377915604, 0.0425128200805, 2.01970390525
2.14846815497, 223.92746103, -272.28604314, 48.417338261, 0.0423781098553, 2.01919240819
2.14768555595, 223.922718812, -272.341431288, 48.4968649578, 0.0422739432651, 2.02158929928
2.14689833263, 223.917946299, -272.396659724, 48.5758135049, 0.0422029148753, 2.02687983493
2.14610619818, 223.913095742, -272.451559937, 48.6536276677, 0.0421669267378, 2.03498389632
2.14530898124, 223.908120644, -272.505967752, 48.7297656305, 0.0421671263241, 2.04575648568
2.14450663074, 223.902976828, -272.559727124, 48.8037124957, 0.0422038726563, 2.05898974431
2.14369922168, 223.897623486, -272.612693814, 48.8749924088, 0.0422766995014, 2.07441635065
2.14288695301, 223.892024151, -272.664738854, 48.9431799953, 0.0423843280719, 2.09171441788
2.14207014819, 223.886147616, -272.715751768, 49.0079109758, 0.0425246626207, 2.1105136257
2.14124924835, 223.879968732, -272.765643413, 49.0688915195, 0.0426948330637, 2.13040262524
2.1404248048, 223.873469098, -272.814348416, 49.1259062702, 0.0428912444059, 2.15093747595
2.1395974706, 223.866637607, -272.86182711, 49.1788247221, 0.0431096311185, 2.17165099718
2.13876798527, 223.859470841, -272.908066945, 49.2276058432, 0.0433451555148, 2.19206283033
2.13793716164, 223.8519733, -272.953083298, 49.2723007393, 0.0435924954441, 2.21168996476
2.13710586699, 223.844157457, -272.996919689, 49.3130533331, 0.0438459656885, 2.23005759665
2.13627500735, 223.836043636, -273.039647353, 49.3500989363, 0.0440996209083, 2.2467099227
2.1354455045, 223.827659712, -273.081364192, 49.3837607744, 0.0443474080567, 2.26122080934
2.13461827834, 223.819040628, -273.122193094, 49.4144444121, 0.0445832805654, 2.27320393944
2.13379422472, 223.810227754, -273.162279674, 49.442630302, 0.0448013421352, 2.28232228887
2.13297419453, 223.801268081, -273.201789434, 49.4688643799, 0.0449959894245, 2.28829669551
2.1321589736, 223.792213275, -273.240904445, 49.4937471305, 0.0451620379536, 2.29091325392
2.13134926538, 223.783118609, -273.279819572, 49.517921105, 0.0452948431589, 2.29002942693
2.13054567192, 223.774041785, -273.31873834, 49.5420573061, 0.0453904199797, 2.28557863159
2.12974867793, 223.765041692, -273.357868541, 49.5668406828, 0.0454455511965, 2.27757325686
2.12895863927, 223.756177097, -273.397417621, 49.5929549314, 0.0454578656945, 2.26610592218
2.12817577104, 223.747505327, -273.437588025, 49.6210671401, 0.045425913476, 2.25134896227
2.12740014172, 223.739080943, -273.478572527, 49.6518124163, 0.0453492087398, 2.23355211753
2.12663166595, 223.730954464, -273.520549716, 49.6857790028, 0.0452282766803, 2.21303845606
2.12587010755, 223.723171147, -273.563679683, 49.7234940841, 0.0450646378163, 2.19019850948
2.12511507766, 223.715769867, -273.608100061, 49.7654107503, 0.0448608151249, 2.16548284807
2.12436604429, 223.708782111, -273.653922478, 49.8118963244, 0.0446202785579, 2.13939308582
2.12362233918, 223.70223113, -273.701229535, 49.8632224273, 0.0443473981079, 2.11247162214
2.12288317117, 223.696131248, -273.750072369, 49.9195569763, 0.0440473564525, 2.08529023012
2.12214764227, 223.690487366, -273.800468884, 49.98095837, 0.0437260447752, 2.05843776337
2.1214147646, 223.685294663, -273.852402681, 50.0473720025, 0.0433899530673, 2.03250725989
2.12068348174, 223.680538513, -273.905822758, 50.1186292949, 0.0430460284577, 2.00808265492
2.11995269072, 223.676194619, -273.960643967, 50.1944492291, 0.0427015301743, 1.98572549141
2.11922126676, 223.672229373, -274.016748254, 50.274442462, 0.0423638693692, 1.96596182052
2.11848808763, 223.668600421, -274.07398667, 50.3581179716, 0.0420404468968, 1.94926968147
2.11775205769, 223.665257448, -274.132182099, 50.4448920656, 0.041738494693, 1.93606741448
2.11701213631, 223.662143151, -274.191132701, 50.5340997425, 0.0414648898051, 1.92670304705
2.1162673588, 223.659194388, -274.25061595, 50.6250080053, 0.0412260142933, 1.92144510374
2.11551686155, 223.656343487, -274.310393244, 50.7168310575, 0.0410275884904, 1.9204750002
2.11475990365, 223.653519676, -274.370214952, 50.8087469313, 0.0408745309595, 1.92388124359
2.113995884, 223.650650616, -274.429825807, 50.8999152575, 0.0407708388416, 1.93165562635
2.11322435937, 223.647663997, -274.488970552, 50.9894958335, 0.0407194738489, 1.943691511
2.11244505686, 223.644489164, -274.547399672, 51.0766675255, 0.0407222742475, 1.9597842759
2.11165788281, 223.641058742, -274.604875129, 51.1606471072, 0.0407798965793, 1.97963403105
2.11086292941, 223.637310215, -274.661175948, 51.2407076503, 0.0408917719094, 2.00285045715
2.11006047515, 223.633187432, -274.716103523, 51.3161959748, 0.0410560991522, 2.02895984517
2.10925098218, 223.628641993, -274.769486537, 51.3865488061, 0.0412698616865, 2.05741409597
2.10843509057, 223.623634496, -274.821185351, 51.4513072109, 0.0415288665969, 2.08760160176
2.10761360584, 223.618135594, -274.871095779, 51.5101289839, 0.0418278202534, 2.11885974663
2.10678748503, 223.612126867, -274.919152135, 51.5627986366, 0.042160424735, 2.15048883429
2.1059578173, 223.60560144, -274.965329469, 51.6092347405, 0.042519502047, 2.18176708963
2.10512580338, 223.598564377, -275.009644948, 51.6494944124, 0.0428971312466, 2.21196645975
2.10429272823, 223.591032796, -275.052158294, 51.6837747427, 0.0432848231174, 2.24036888243
2.10345993485, 223.583035729, -275.092971284, 51.7124110999, 0.0436737004358, 2.2662826517
2.10262879674, 223.5746137, -275.132226304, 51.7358723467, 0.0440546742104, 2.28905845436
2.10180068431, 223.565818044, -275.170103937, 51.7547528772, 0.0444186678894, 2.30810486656
2.10097693636, 223.556709964, -275.206819665, 51.7697617312, 0.0447568039523, 2.32290274935
2.10015882787, 223.547359351, -275.242619708, 51.7817088962, 0.0450606214519, 2.33301839077
2.0993475412, 223.537843382, -275.277776095, 51.7914890651, 0.0453222642953, 2.33811490262
2.09854413686, 223.52824493, -275.312581052, 51.8000631693, 0.0455346753791, 2.3379617298
2.09774952654, 223.51865081, -275.347340829, 51.8084380649, 0.0456917764762, 2.33244191579
2.09696445172, 223.509149902, -275.382369085, 51.8176447892, 0.0457886122288, 2.32155696076
2.09618946163, 223.499831197, -275.417979978, 51.8287158175, 0.0458214964102, 2.30542912594
2.09542489815, 223.490781793, -275.454481105, 51.8426618862, 0.0457881129633, 2.28430104551
2.09467088514, 223.482084896, -275.492166451, 51.8604487981, 0.0456875892016, 2.25853262253
2.09392731941, 223.473817877, -275.531309501, 51.8829748181, 0.0455205564663, 2.22859525341
2.09319387025, 223.466050407, -275.572156687, 51.9110491408, 0.0452891574319, 2.19506340268
2.09246998219, 223.458842745, -275.614921296, 51.9453719141, 0.0449970245328, 2.15860369796
2.09175488345, 223.452244189, -275.659778026, 51.9865163571, 0.0446492304618, 2.11996174028
2.09104759932, 223.446291755, -275.706858284, 52.0349133544, 0.0442521980886, 2.07994688336
2.09034696994, 223.441009097, -275.756246369, 52.0908389574, 0.043813586218, 2.0394152721
2.08965167203, 223.436405713, -275.807976651, 52.1544051518, 0.0433421432591, 1.99925151021
2.08896024813, 223.432476449, -275.862031798, 52.2255540645, 0.0428475185036, 1.96034929338
2.08827113443, 223.429201324, -275.918342149, 52.3040559667, 0.0423400758396, 1.92359150012
2.0875826948, 223.42654569, -275.976786242, 52.3895110397, 0.0418306679958, 1.88983009756
2.08689325687, 223.424460719, -276.037192528, 52.481355045, 0.0413304000931, 1.85986638641
2.08620114752, 223.422884217, -276.099342225, 52.5788687455, 0.040850390966, 1.83443195371
2.08550473214, 223.421741766, -276.162973321, 52.6811910874, 0.0404015145509, 1.81417085792
2.08480245041, 223.42094815, -276.227785603, 52.7873357489, 0.039994162391, 1.79962341653
2.08409285477, 223.420409063, -276.293446663, 52.8962108907, 0.0396379850008, 1.79121200619
2.08337464283, 223.420023045, -276.359598735, 53.0066416264, 0.0393416767043, 1.78922925548
2.08264669167, 223.419683633, -276.425866253, 53.1173948622, 0.0391127464025, 1.79382889091
2.08190808508, 223.419281646, -276.491863935, 53.2272058484, 0.0389573353496, 1.80501957599
2.0811581382, 223.418707594, -276.557205274, 53.334806048, 0.0388800530189, 1.82266185423
2.08039641875, 223.417854137, -276.621511207, 53.4389515981, 0.0388838299613, 1.84646837366
2.07962275983, 223.416618539, -276.684418793, 53.5384517883, 0.0389698365225, 1.87600745905
2.07883727032, 223.414905071, -276.745589701, 53.6321968825, 0.0391374064833, 1.91070998258
2.07804033634, 223.412627308, -276.804718312, 53.7191847079, 0.0393840284628, 1.94987947674
2.0772326193, 223.409710253, -276.861539241, 53.7985452919, 0.0397053558969, 1.99270529565
2.07641504564, 223.406092257, -276.915834113, 53.8695630603, 0.0400952731456, 2.03827862843
2.07558879037, 223.401726666, -276.967437407, 53.9316959742, 0.0405460029993, 2.08561099723
2.07475525778, 223.39658317, -277.016241227, 53.9845911315, 0.0410482345198, 2.13365494475
2.07391605072, 223.390648811, -277.062198876, 54.0280964399, 0.041591324642, 2.18132645112
2.07307294147, 223.383928617, -277.105327118, 54.0622679842, 0.0421634919142, 2.22752859806
2.07222783314, 223.376445845, -277.145707059, 54.0873728553, 0.0427520704184, 2.27117599305
2.07138271997, 223.368241824, -277.183483599, 54.1038873111, 0.0433437771387, 2.31121942205
2.07053964343, 223.359375375, -277.218863438, 54.1124901606, 0.0439249995579, 2.34667016682
2.06970064823, 223.349921844, -277.252111639, 54.1140514656, 0.0444820931235, 2.37662343785
2.06886773472, 223.339971726, -277.283546837, 54.1096167584, 0.04500169588, 2.40028038011
2.06804281383, 223.329628937, -277.313535121, 54.1003869488, 0.045471028853, 2.4169681266
2.06722766162, 223.319008733, -277.342482736, 54.0876943595, 0.0458782015454, 2.4261574167
2.06642387807, 223.308235348, -277.37082774, 54.0729753333, 0.046212489537, 2.42747730067
2.06563284502, 223.297439375, -277.399030778, 54.0577399712, 0.0464646123676, 2.42072663876
2.06485569271, 223.28675495, -277.427565163, 54.0435396073, 0.0466269613925, 2.40588192539
2.06409326925, 223.276316808, -277.456906477, 54.0319327014, 0.0466938050375, 2.38310131937
2.06334611578, 223.26625726, -277.487521909, 54.0244499126, 0.0466614558662, 2.35272464359
2.06261444871, 223.256703168, -277.519859582, 54.0225591245, 0.0465283928646, 2.31526932648
2.06189814883, 223.247772983, -277.55433809, 54.0276311705, 0.0462953356077, 2.27142221503
2.061196757, 223.239573915, -277.591336493, 54.0409071004, 0.045965276538, 2.22202749181
2.06050947962, 223.232199291, -277.631185001, 54.0634676665, 0.0455434453293, 2.16807072403
2.05983519867, 223.225726186, -277.674156579, 54.0962058786, 0.0450372452715, 2.1106595023
2.05917249114, 223.220213368, -277.72045967, 54.1398032216, 0.0444561264021, 2.05100089849
2.05851965605, 223.215699604, -277.770232223, 54.1947101382, 0.0438114049048, 1.99037625655
2.05787474769, 223.212202402, -277.823537193, 54.2611313525, 0.0431160454466, 1.93011383509
2.05723561291, 223.209717188, -277.880359645, 54.3390164518, 0.042384411846, 1.87155982994
2.05659993838, 223.208216976, -277.940605536, 54.4280559726, 0.0416319530099, 1.81604844666
2.05596529731, 223.20765253, -278.004102273, 54.5276832842, 0.0408748917596, 1.76487163598
2.05532920297, 223.207953027, -278.070601033, 54.6370822652, 0.0401298660696, 1.71924920869
2.05468916287, 223.209027232, -278.139780858, 54.7552007718, 0.0394135688596, 1.68029996263
2.05404273586, 223.210765135, -278.211254447, 54.8807696718, 0.0387423648387, 1.64901452408
2.05338758622, 223.213040061, -278.284575548, 55.0123270918, 0.0381319262534, 1.62623055511
2.05272153898, 223.215711191, -278.359247853, 55.148247589, 0.0375968649121, 1.61261088991
2.05204263266, 223.218626445, -278.43473515, 55.2867754482, 0.0371503744197, 1.60862518506
2.051349166, 223.221625681, -278.510472612, 55.42606163, 0.036803917772, 1.61453557672
2.05063974177, 223.224544143, -278.585878943, 55.5642035798, 0.0365669304139, 1.63038668969
2.04991330444, 223.227216073, -278.660369123, 55.6992869446, 0.0364465671014, 1.65600037619
2.04916917097, 223.229478421, -278.733367509, 55.8294284271, 0.0364474912394, 1.69097533258
2.04840705167, 223.231174566, -278.804320968, 55.9528187872, 0.0365717324847, 1.73469175131
2.04762706524, 223.23215797, -278.872711774, 56.0677649795, 0.0368185841211, 1.78632100447
2.04682974541, 223.232295678, -278.93806996, 56.1727305663, 0.0371845551465, 1.84484014192
2.04601603486, 223.231471572, -278.999984846, 56.2663733587, 0.0376634065142, 1.90905111529
2.04518727304, 223.229589324, -279.058115444, 56.3475794219, 0.0382462327018, 1.97760431441
2.04434517457, 223.226574955, -279.112199529, 56.415492663, 0.038921599689, 2.04902590722
2.04349179638, 223.222378946, -279.162061092, 56.4695391447, 0.0396757681202, 2.12174860394
2.04262949754, 223.21697783, -279.207616014, 56.5094455574, 0.0404929538365, 2.19414508757
2.04176089497, 223.210375248, -279.248875776, 56.5352512761, 0.0413556304039, 2.26456341287
2.04088880559, 223.202602399, -279.28594911, 56.5473136563, 0.0422449092158, 2.33136372799
2.04001618951, 223.193717887, -279.319041464, 56.5463062038, 0.043140924409, 2.39295538129
2.03914608381, 223.183806947, -279.348452312, 56.5332096922, 0.0440232725152, 2.44783370008
2.03828153664, 223.172980055, -279.374570265, 56.5092960918, 0.0448714591057, 2.49461552302
2.03742553817, 223.161370941, -279.397866103, 56.4761057114, 0.0456653588161, 2.5320726929
2.03658095207, 223.149134047, -279.418883811, 56.4354178173, 0.0463856803598, 2.55916276281
2.03575044693, 223.136441456, -279.438229783, 56.3892152878, 0.0470144232649, 2.57505607474
2.03493643483, 223.123479374, -279.456560418, 56.3396440129, 0.0475352986868, 2.57915861814
2.03414100969, 223.110444217, -279.474568334, 56.2889678083, 0.0479341404089, 2.57113000229
2.03336589462, 223.097538392, -279.492967511, 56.2395198177, 0.0481992660207, 2.55089612958
2.03261239657, 223.084965868, -279.512477638, 56.1936513667, 0.0483217803748, 2.51865605684
2.03188136801, 223.072927607, -279.533808034, 56.1536794001, 0.0482958392316, 2.47488290182
2.03117317986, 223.061616988, -279.557641481, 56.1218337085, 0.0481188353614, 2.42031857424
2.03048770458, 223.051215305, -279.584618337, 56.1002050175, 0.0477915141532, 2.3559623601
2.02982430809, 223.041887441, -279.615321273, 56.0906952043, 0.0473180321642, 2.28305349084
2.02918185642, 223.033777842, -279.650261031, 56.0949708, 0.0467059166329, 2.20304798449
2.0285587322, 223.027006853, -279.689863498, 56.1144208574, 0.0459659587319, 2.11759011242
2.02795285917, 223.021667537, -279.734458446, 56.1501202481, 0.0451120487272, 2.02847914678
2.0273617444, 223.017823038, -279.784270202, 56.2027992839, 0.0441608989086, 1.9376318782
2.02678252335, 223.015504568, -279.839410509, 56.2728204971, 0.0431317413985, 1.84704182758
2.02621202001, 223.01471007, -279.89987378, 56.3601632494, 0.0420459257041, 1.75873587436
2.02564681046, 223.015403607, -279.965534904, 56.4644166705, 0.0409264915742, 1.67472932017
2.02508329564, 223.0175155, -280.036149691, 56.5847812244, 0.0397976801463, 1.59698032214
2.02451777968, 223.020943223, -280.111358004, 56.7200790444, 0.0386844094758, 1.52734469382
2.02394655029, 223.02555306, -280.190689562, 56.8687729752, 0.037611730787, 1.46753216437
2.02336596198, 223.031182497, -280.273572348, 57.0289941256, 0.036604265535, 1.41906500927
2.02277251822, 223.037643304, -280.359343456, 57.1985773622, 0.0356856560491, 1.38324015985
2.02216295552, 223.044725266, -280.44726222, 57.3751042359, 0.0348779900119, 1.36109554778
2.02153431652, 223.052200465, -280.536525322, 57.5559523668, 0.0342013107368, 1.3533817167
2.02088402744, 223.059828069, -280.626283637, 57.7383504675, 0.0336730890932, 1.36053923672
2.02020995893, 223.067359487, -280.71566044, 57.9194377871, 0.0333078124235, 1.38268275656
2.01951048489, 223.074543809, -280.803770569, 58.0963266692, 0.0331165807635, 1.41959200351
2.01878452821, 223.081133407, -280.889740196, 58.2661670475, 0.0331067956161, 1.47071014103
2.01803159614, 223.08688957, -280.972726703, 58.4262112837, 0.0332819177362, 1.535149719
2.01725180241, 223.091588053, -281.051938271, 58.5738780344, 0.0336413123682, 1.61170612927
2.0164458763, 223.095024409, -281.126652701, 58.7068135746, 0.03418018307, 1.698878501
2.01561515883, 223.097018986, -281.196235048, 58.822949263, 0.0348895953053, 1.79489764597
2.01476158562, 223.097421457, -281.260153644, 58.9205536903, 0.035756584351, 1.8977605686
2.01388765261, 223.096114791, -281.317994105, 58.9982782635, 0.0367643846031, 2.00527099644
2.01299637339, 223.093018545, -281.369470986, 59.0551950948, 0.0378927139423, 2.11508494707
2.01209122008, 223.088091405, -281.414436766, 59.090826165, 0.0391181709417, 2.22476059947
2.0111760535, 223.081332892, -281.452887896, 59.1051629005, 0.040414700809, 2.33181131299
2.01025504514, 223.072784181, -281.484967738, 59.0986756319, 0.0417541242333, 2.43376066928
2.00933258689, 223.062528012, -281.510966256, 59.0723124236, 0.0431067432819, 2.52819843139
2.00841319801, 223.050687646, -281.531316396, 59.0274871461, 0.0444419703984, 2.6128360357
2.00750142342, 223.037424901, -281.54658718, 58.9660568235, 0.0457290179213, 2.68556050331
2.00660173292, 223.022937273, -281.557473597, 58.8902885648, 0.0469375779079, 2.74448539867
2.00571841652, 223.007454205, -281.564783464, 58.8028166268, 0.0480385313026, 2.78799775818
2.00485548639, 222.991232553, -281.569421488, 58.7065903766, 0.0490046175527, 2.81479971902
2.0040165782, 222.974551355, -281.572370822, 58.6048141138, 0.0498111000896, 2.82394392843
2.0032048636, 222.957705985, -281.574672497, 58.5008799791, 0.0504363652244, 2.81486172632
2.00242296811, 222.941001833, -281.577403148, 58.3982953638, 0.0508624825252, 2.78738338803
2.00167290258, 222.924747632, -281.581651486, 58.300606219, 0.0510756713692, 2.74174977969
2.00095600657, 222.909248572, -281.58849404, 58.2113180474, 0.0510666905692, 2.67861498179
2.00027290316, 222.894799362, -281.598970687, 58.1338162313, 0.0508311497158, 2.59903972085
1.99962347578, 222.881677393, -281.614060527, 58.0712874811, 0.0503696735053, 2.50447545026
1.99900685401, 222.870136147, -281.634658648, 58.0266442561, 0.0496879991906, 2.39673938222
1.99842141994, 222.860399019, -281.661554309, 58.0024538015, 0.048796941813, 2.27798080398
1.99786483277, 222.852653697, -281.695411088, 58.0008735986, 0.0477122351304, 2.1506392075
1.9973340657, 222.847047224, -281.73674946, 58.0235947825, 0.0464542811639, 2.01739512892
1.99682546432, 222.843681889, -281.785932239, 58.0717948754, 0.0450477620793, 1.88111453061
1.99633481456, 222.842612035, -281.843153295, 58.1461012091, 0.0435211840468, 1.74478802729
1.99585742926, 222.843841885, -281.908429844, 58.2465659887, 0.0419062917169, 1.61146597153
1.99538824304, 222.847324456, -281.981598552, 58.3726537801, 0.0402374275577, 1.48419104153
1.99492192071, 222.8529616, -282.06231564, 58.5232420117, 0.0385507991626, 1.3659296095
1.99445296982, 222.860605194, -282.15006103, 58.6966346616, 0.0368837150489, 1.25950351084
1.99397586258, 222.870059487, -282.244146574, 58.8905891791, 0.0352737583577, 1.16752370675
1.99348515704, 222.881084553, -282.343728178, 59.1023561093, 0.0337579622328, 1.0923274065
1.99297562269, 222.89340082, -282.447821736, 59.32873109, 0.0323719568409, 1.03592008272
1.9924423602, 222.906694565, -282.555322474, 59.566117903, 0.0311491506208, 0.999923858468
1.9918809175, 222.920624299, -282.665027436, 59.8106017635, 0.0301199425892, 0.985533465478
1.99128739904, 222.934827896, -282.775660591, 60.0580310684, 0.0293109721717, 0.993480975067
1.99065856276, 222.948930328, -282.885900111, 60.3041062116, 0.0287444567987, 1.02401023923
1.98999190649, 222.962551851, -282.9944072, 60.5444733696, 0.028437599115, 1.07686181365
1.98928573711, 222.975316451, -283.099855889, 60.7748214433, 0.0284021094491, 1.15126893432
1.98853922772, 222.986860377, -283.200963127, 60.9909798717, 0.0286438142373, 1.24596475499
1.98775244982, 222.996840571, -283.296518502, 61.1890152465, 0.029162425991, 1.3592011014
1.98692639236, 223.004942798, -283.385412927, 61.3653244989, 0.0299514099357, 1.48877829849
1.9860629567, 223.01088929, -283.466665602, 61.5167224436, 0.0309980100567, 1.63208582348
1.98516493274, 223.014445721, -283.539448638, 61.6405217152, 0.0322834051644, 1.78615296288
1.98423595342, 223.015427344, -283.603108712, 61.734602974, 0.0337830155844, 1.94770860538
1.98328043048, 223.01370414, -283.657185243, 61.7974738184, 0.0354669280276, 2.11324890511
1.98230346887, 223.009204827, -283.701424573, 61.8283146752, 0.0373004780895, 2.27911159122
1.9813107678, 223.001919641, -283.735789787, 61.827010484, 0.039244920784, 2.44155521116
1.98030850095, 222.991901776, -283.760465844, 61.7941671585, 0.0412582385225, 2.59684180448
1.97930318754, 222.979267442, -283.775859813, 61.7311121187, 0.0432960204057, 2.74132103839
1.97830155114, 222.964194507, -283.782596122, 61.6398786321, 0.0453124203804, 2.8715140826
1.97731037066, 222.946919716, -283.781506826, 61.5231739638, 0.0472611733635, 2.98419522572
1.97633632771, 222.92773454, -283.773616983, 61.3843316853, 0.0490966384214, 3.07646946053
1.97538585315, 222.906979697, -283.760125435, 61.2272490363, 0.0507748411089, 3.14584407295
1.97446497662, 222.885038472, -283.742381263, 61.0563102885, 0.0522545086142, 3.19029264889
1.9735791808, 222.862328927, -283.721856415, 60.8762977121, 0.0534980638095, 3.20830982043
1.97273326701, 222.839295188, -283.700115011, 60.6922917649, 0.0544725490259, 3.19895537676
1.97193123525, 222.816397962, -283.678779975, 60.5095626845, 0.0551504484836, 3.16188648305
1.97117617583, 222.794104498, -283.659497679, 60.3334556138, 0.055510435912, 3.09737716045
1.97047018427, 222.7728782, -283.643901359, 60.1692718296, 0.0555379618721, 3.00632423145
1.96981429632, 222.753168118, -283.633574097, 60.0221485721, 0.055225706195, 2.89023933282
1.96920844311, 222.735398559, -283.630012197, 59.8969402364, 0.0545738913773, 2.75122704251
1.96865143548, 222.719959041, -283.634589799, 59.7981035897, 0.0535903976329, 2.59194910595
1.9681409689, 222.707194841, -283.648525535, 59.7295896704, 0.0522907388978, 2.41557553854
1.96767365662, 222.697398343, -283.672852008, 59.6947448948, 0.0506978420805, 2.22572325196
1.96724508543, 222.690801414, -283.708388882, 59.6962239223, 0.0488416757696, 2.02638348384
1.96684989864, 222.687568979, -283.755720207, 59.7359162655, 0.0467586900929, 1.82183930293
1.96648189812, 222.687793992, -283.815176609, 59.8148887395, 0.0444911246262, 1.61657500641
1.96613416726, 222.691493909, -283.886822819, 59.9333452573, 0.0420861740084, 1.41517918193
1.96579921596, 222.698608805, -283.970450958, 60.090605284, 0.0395950002339, 1.22224347006
1.96546913502, 222.709001183, -284.06557979, 60.2851017061, 0.0370716802937, 1.04225935806
1.96513576657, 222.722457531, -284.171460151, 60.5143986816, 0.0345720418164, 0.87951512953
1.96479088235, 222.738691619, -284.287086482, 60.7752293388, 0.0321524463091, 0.73799538926
1.96442636369, 222.757349495, -284.411214383, 61.0635529473, 0.0298685545167, 0.621285464102
1.96403438786, 222.7780161, -284.542383863, 61.3746305812, 0.027774050695, 0.532482859258
1.96360760655, 222.800223396, -284.678947934, 61.7031180336, 0.025919417512, 0.474118002294
1.96313931853, 222.823459837, -284.819105952, 62.043174154, 0.0243507468211, 0.448086171053
1.9626236324, 222.847181017, -284.960941092, 62.3885824988, 0.0231086231307, 0.455592379036
1.96205561399, 222.87082126, -285.102461183, 62.7328838391, 0.0222271039478, 0.497110706183
1.96143141653, 222.893805921, -285.241642023, 63.0695166846, 0.0217328247371, 0.572359259343
1.96074838669, 222.915564135, -285.376472316, 63.3919629589, 0.0216442578674, 0.680291689824
1.96000514907, 222.935541737, -285.504999175, 63.6938955052, 0.0219711290533, 0.819105735799
1.95920166324, 222.953214055, -285.625373219, 63.9693241642, 0.0227140136317, 0.986268899183
1.95833925255, 222.968098312, -285.73589227, 64.2127372786, 0.023864130673, 1.17856111341
1.95742060068, 222.979765309, -285.835042545, 64.419235037, 0.0254033565906, 1.39213368826
1.9564497214, 222.987850164, -285.921536488, 64.5846518263, 0.027304421049, 1.62258355895
1.95543189486, 222.992061796, -285.994346224, 64.705664373, 0.0295313370105, 1.86504147306
1.95437357334, 222.992190952, -286.052731841, 64.7798831056, 0.0320400350437, 2.11427240647
1.9532822622, 222.988116545, -286.096263766, 64.8059242889, 0.0347791756892, 2.36478613781
1.95216636917, 222.979810144, -286.124838589, 64.7834609634, 0.0376911763422, 2.61095581188
1.95103503258, 222.967338454, -286.138687864, 64.7132510693, 0.0407133807104, 2.84714182607
1.94989792977, 222.950863721, -286.138379544, 64.5971417429, 0.0437793751614, 3.06781847399
1.9487650664, 222.930641982, -286.124811887, 64.4380492185, 0.0468204286944, 3.26770052588
1.94764655616, 222.907019173, -286.09919979, 64.2399141996, 0.0497670068986, 3.44186684432
1.9465523914, 222.880425131, -286.06305373, 64.0076333828, 0.0525503456714, 3.58587827845
1.9454922141, 222.851365595, -286.018151644, 63.7469680623, 0.05510402977, 3.69588697984
1.94447508936, 222.820412328, -285.966504217, 63.4644315341, 0.0573655518707, 3.76873460833
1.94350928554, 222.788191559, -285.910314256, 63.1671573242, 0.0592778257295, 3.80203693148
1.94260207455, 222.755370971, -285.85193092, 62.8627508932, 0.0607905721299, 3.79425263676
1.94175954352, 222.722645493, -285.793799764, 62.5591277954, 0.0618616176761, 3.74473462042
1.94098643843, 222.690722195, -285.738409606, 62.2643416766, 0.062457980598, 3.65376204289
1.94028602953, 222.660304613, -285.688237377, 61.9864057753, 0.0625568081089, 3.52255228603
1.93966001173, 222.632076837, -285.645692141, 61.7331118265, 0.0621460712444, 3.35325195706
1.93910843863, 222.606687728, -285.613059538, 61.5118504021, 0.0612250330949, 3.14890685375
1.93862969208, 222.584735614, -285.592447893, 61.3294367064, 0.0598044669718, 2.91341108978
1.93822049053, 222.566753816, -285.585737256, 61.1919459065, 0.0579066153661, 2.65143614846
1.93787593431, 222.553197357, -285.594532572, 61.104561901, 0.055564887981, 2.36834102623
1.93758958795, 222.544431171, -285.6201221, 61.0714431054, 0.0528233061585, 2.07006517579
1.93735359882, 222.540720102, -285.663442144, 61.0956087092, 0.0497356988488, 1.76300626694
1.93715884843, 222.542220965, -285.725049019, 61.1788483647, 0.0463646665584, 1.45388522769
1.93699513538, 222.548976872, -285.805098978, 61.3216576489, 0.0427803337074, 1.1496013988
1.93685138398, 222.560914011, -285.90333678, 61.523201519, 0.0390589154336, 0.857080777606
1.9367158764, 222.577840993, -286.019093268, 61.7813068661, 0.0352811232696, 0.583120711924
1.93657650114, 222.599450821, -286.15129222, 62.0924851032, 0.031530456751, 0.334234451067
1.93642101708, 222.625325508, -286.298466492, 62.4519847686, 0.0278913842247, 0.116498987224
1.93623732131, 222.654943275, -286.458783286, 62.8538735884, 0.0244474967162, -0.0645902149601
1.9360137216, 222.687688226, -286.630078127, 63.2911487127, 0.0212796246141, -0.204254328393
1.93573920389, 222.722862335, -286.809897002, 63.7558732479, 0.018463991239, -0.298552723174
1.93540368827, 222.75969951, -286.995545822, 64.239336423, 0.0160704366074, -0.344488111687
1.93499827315, 222.797381473, -287.184146297, 64.7322344228, 0.0141607279617, -0.340092537018
1.9345154549, 222.835055123, -287.372697027, 65.2248680053, 0.012787032327, -0.284491817954
1.93394932331, 222.871851029, -287.558138611, 65.7073530095, 0.0119905579784, -0.177946739718
1.93329572653, 222.90690266, -287.737421327, 66.1698390962, 0.011800401352, -0.021869451741
1.93255239945, 222.939365938, -287.907573964, 66.6027320952, 0.012232646852, 0.181185685467
1.93171905503, 222.968438662, -288.065772218, 66.9969148669, 0.0132897237042, 0.4275571585
1.93079743121, 222.993379401, -288.209405185, 67.343961902, 0.0149600649058, 0.712536946989
1.92979129638, 223.013525375, -288.336138333, 67.6363424556, 0.0172180542983, 1.03045589853
1.92870640851, 223.028308948, -288.443971537, 67.8676076449, 0.0200242982374, 1.37479242072
1.92755042689, 223.037272297, -288.531290721, 68.0325568037, 0.0233262154452, 1.73830248811
1.92633278121, 223.040079909, -288.596911853, 68.1273790946, 0.027058933115, 2.11316844046
1.92506449521, 223.03652858, -288.640116132, 68.1497665802, 0.0311464903114, 2.49116362235
1.92375797136, 223.026554632, -288.6606754, 68.0989957126, 0.035503320426, 2.86382944818
1.92242673595, 223.010238141, -288.658867029, 67.9759748261, 0.0400359997535, 3.22266118055
1.92108515653, 222.987804004, -288.635477714, 67.7832557616, 0.0446451998352, 3.5592983447
1.91974812899, 222.959619776, -288.591795881, 67.5250088031, 0.0492278458798, 3.86571572275
1.91843074937, 222.926190243, -288.529592662, 67.2069606875, 0.0536793840068, 4.13441042922
1.91714797031, 222.8881488, -288.451091612, 66.8362963749, 0.0578961595136, 4.3585810355
1.91591425673, 222.846245754, -288.35892765, 66.4215260603, 0.0617778060073, 4.53229434403
1.91474324386, 222.801333766, -288.256095929, 65.9723197931, 0.0652296147704, 4.65063591778
1.91364740883, 222.754350686, -288.145891569, 65.4993126976, 0.0681648169342, 4.70984067806
1.91263776328, 222.706300133, -288.03184145, 65.0138846609, 0.0705067255085, 4.70740016338
1.91172357292, 222.658230206, -287.917629446, 64.5279189741, 0.0721906838707, 4.64214365026
1.91091211589, 222.611210761, -287.807016612, 64.0535448251, 0.073165760604, 4.51429077225
1.91020848123, 222.566309757, -287.703758084, 63.6028692366, 0.073396159313, 4.32547386019
1.90961541498, 222.524569168, -287.611518437, 63.1877042312, 0.0728622995345, 4.0787289549
1.90913321704, 222.486981006, -287.533787424, 62.8192952263, 0.0715615534339, 3.77845511588
1.90875969567, 222.454463996, -287.473797966, 62.5080568921, 0.0695085761439, 3.43034215493
1.90849017607, 222.427841439, -287.434448302, 62.2633224252, 0.0667352687313, 3.04126799457
1.90831756416, 222.407820792, -287.418230137, 62.0931123168, 0.0632903490966, 2.61916726442
1.90823246865, 222.394975444, -287.42716449, 62.0039279814, 0.0592385264146, 2.1728735159
1.90822337485, 222.389729163, -287.462746904, 62.0005756467, 0.0546593104574, 1.71193813712
1.90827686742, 222.392343596, -287.525903355, 62.0860247922, 0.0496454776705, 1.24642953529
1.90837789941, 222.402909174, -287.616958136, 62.2613052236, 0.0443012212587, 0.786716778413
1.90851010014, 222.42133969, -287.735614626, 62.5254457025, 0.0387400208226, 0.343242175742
1.908656117, 222.447370739, -287.880949649, 62.8754564135, 0.0330822811578, -0.0737122290432
1.90879798248, 222.480562139, -288.051421833, 63.3063565298, 0.027452785082, -0.454259153329
1.90891750056, 222.520304349, -288.244894029, 63.811247093, 0.0219780138685, -0.789136304659
1.90899664498, 222.56582882, -288.458669588, 64.3814285117, 0.0167833843422, -1.06992704368
1.90901795885, 222.616222119, -288.689541929, 65.0065608379, 0.0119904627221, -1.28926640352
1.90896494944, 222.670443603, -288.933856592, 65.6748642062, 0.00771421997881, -1.44102742557
1.90882247177, 222.727346277, -289.187584558, 66.3733555062, 0.00406035587666, -1.52048336329
1.90857708588, 222.785700481, -289.446405488, 67.0881168847, 0.00112280226003, -1.52444152783
1.90821739137, 222.844219885, -289.70579914, 67.8045904957, -0.00101861404586, -1.45134525344
1.90773431778, 222.901589285, -289.961143113, 68.5078934937, -0.00230021046679, -1.30134104527
1.90712137642, 222.956493599, -290.20781483, 69.1831465382, -0.00267621587888, -1.0763087309
1.90637486139, 223.007647442, -290.441295531, 69.8158086118, -0.00212018982341, -0.779853212887
1.9054939885, 223.05382463, -290.657274042, 70.3920109647, -0.000626010794795, -0.417257186515
1.90448098412, 223.09388693, -290.851747871, 70.8988822992, 0.00179148306372, 0.00460473321771
1.90334109902, 223.126811436, -291.021119439, 71.3248581063, 0.00509637908422, 0.477389464386
1.90208255894, 223.151715879, -291.162285061, 71.6599665372, 0.00923200652287, 0.991444375568
1.90071644991, 223.167881304, -291.272714611, 71.8960841286, 0.0141217162414, 1.5359987071
1.89925652986, 223.174771517, -291.350519857, 72.0271549719, 0.0196701742115, 2.09938403049
1.89771897826, 223.17204882, -291.39450971, 72.04936761, 0.0257650843898, 2.66927912093
1.89612208212, 223.159585596, -291.404230892, 71.9612850072, 0.0322793579254, 3.23297437538
1.89448586297, 223.137471391, -291.37999279, 71.7639235449, 0.0390737015415, 3.77765018773
1.89283165948, 223.106015265, -291.322875665, 71.460778464, 0.0459995126299, 4.2906631661
1.89118166096, 223.065743225, -291.234721648, 71.0577939529, 0.0529021274859, 4.75983412297
1.88955841772, 223.017390732, -291.118108425, 70.5632776014, 0.0596242227261, 5.17373115681
1.88798432484, 222.961890334, -290.97630583, 69.9877599706, 0.0660094223959, 5.52194157331
1.88648110301, 222.900354605, -290.813216008, 69.3438013897, 0.071905915576, 5.79532613824
1.88506928124, 222.834054682, -290.633298138, 68.6457492764, 0.0771700748853, 5.98624972242
1.8837677007, 222.7643948, -290.441479129, 67.9094504801, 0.0816699287193, 6.08878259105
1.88259304507, 222.692883315, -290.243052022, 67.1519242581, 0.085288451501, 6.09886733311
1.88155941799, 222.621100794, -290.043564105, 66.3910023557, 0.0879265297019, 6.01444687299
1.88067797228, 222.550665855, -289.848697119, 65.6449438377, 0.0895055717899, 5.8355500555
1.87995660248, 222.483199453, -289.664142032, 64.9320326221, 0.0899696781918, 5.56433196271
1.8793997135, 222.420288422, -289.495471139, 64.2701666071, 0.089287279943, 5.20506714959
1.87900806043, 222.363449049, -289.348010291, 63.6764473638, 0.0874522849497, 4.76409514592
1.87877867929, 222.314091537, -289.22671414, 63.1667796553, 0.0844845887619, 4.24971833528
1.87870489349, 222.273486141, -289.13604727, 62.7554900376, 0.0804300580998, 3.67205375708
1.87877641604, 222.242731807, -289.07987401, 62.4549734531, 0.0753598415706, 3.04284108456
1.87897952397, 222.222728042, -289.061359563, 62.2753762969, 0.0693691775267, 2.37521039198
1.8792973174, 222.214150729, -289.082884917, 62.2243238671, 0.0625756085179, 1.68341404653
1.87971005157, 222.217432503, -289.145977733, 62.3066991828, 0.0551166814858, 0.982528074924
1.8801955326, 222.232748207, -289.251261036, 62.5244791007, 0.0471471989004, 0.288129130327
1.8807295734, 222.260005878, -289.398421289, 62.8766326719, 0.0388360497006, -0.384046130738
1.88128649391, 222.298843536, -289.586196867, 63.3590851034, 0.0303627192065, -1.01845198513
1.88183966538, 222.348631993, -289.812387654, 63.9647495496, 0.0219134930405, -1.6000872028
1.88236207355, 222.408483718, -290.073885942, 64.6836272817, 0.0136775194451, -2.11484324986
1.88282690505, 222.477267674, -290.366728353, 65.5029753594, 0.00584270794068, -2.54983928574
1.88320813424, 222.553629925, -290.686168049, 66.407539378, -0.00140838468327, -2.89373613415
1.88348110328, 222.636019647, -291.02676598, 67.3798472524, -0.00790262203271, -3.13702166162
1.88362308717, 222.722720071, -291.382499526, 68.4005587483, -0.0134802555726, -3.27226075338
1.88361382406, 222.811883773, -291.746886415, 69.4488638949, -0.0179986575118, -3.29430335771
1.88343600907, 222.901571591, -292.113121438, 70.5029223245, -0.0213357992168, -3.20044527729
1.88307573595, 222.989794379, -292.474223154, 71.5403344513, -0.0233933679733, -2.99053703046
1.8825228767, 223.074556717, -292.823187452, 72.5386344805, -0.0240994525165, -2.66703739713
1.88177138964, 223.153901639, -293.153144702, 73.4757946365, -0.0234107335967, -2.23500928763
1.8808195493, 223.225955395, -293.457516982, 74.3307294276, -0.0213141265835, -1.70205696322
1.8796700861, 223.288971254, -293.730171899, 75.083788672, -0.0178277905054, -1.07820482265
1.87833023696, 223.341371327, -293.96556942, 75.7172278622, -0.0130015186815, -0.37571936088
1.87681168933, 223.38178545, -294.158898316, 76.2156449372, -0.00691637695992, 0.391122848452
1.87513043037, 223.409086188, -294.306198931, 76.5663729516, 0.000316319433895, 1.20631691058
1.87330649068, 223.42241909, -294.404469217, 76.7598188649, 0.00855677647499, 2.05245579786
1.87136358617, 223.421227414, -294.451751356, 76.789739907, 0.0176392010663, 2.91109450805
1.86932866535, 223.405270659, -294.447196584, 76.6534499171, 0.0273749558229, 3.76314468233
1.8672313667, 223.374636358, -294.391106369, 76.3519497589, 0.0375563452842, 4.58929149601
1.86510339686, 223.329744706, -294.284948493, 75.8899773314, 0.0479609647794, 5.3704237415
1.86297784064, 223.271345803, -294.131347229, 75.2759744793, 0.0583565302317, 6.08806785124
1.86088842244, 223.200509395, -293.934047274, 74.5219699304, 0.0685060590187, 6.72481603112
1.85886873061, 223.118607194, -293.697851721, 73.6433791704, 0.0781733175546, 7.26473883925
1.856951429, 223.027288034, -293.42853501, 72.6587242757, 0.0871283620802, 7.69377259647
1.8551674717, 222.928446272, -293.132732232, 71.5892782443, 0.0951530665867, 8.00007241407
1.85354534474, 222.824184003, -292.81780688, 70.4586405048, 0.102046470305, 8.17432225528
1.85211035262, 222.716767841, -292.49169957, 69.2922517104, 0.107629808656, 8.20999414855
1.85088396793, 222.608581105, -292.16276074, 68.1168575482, 0.111751116767, 8.1035498487
1.84988326902, 222.502072431, -291.839570835, 66.9599326705, 0.114289210075, 7.85457908411
1.84912047021, 222.399701879, -291.530751707, 65.8490768382, 0.115157023643, 7.4658702564
1.84860256689, 222.30388572, -291.244773379, 64.8113964159, 0.114304146761, 6.9434104962
1.84833109713, 222.216941117, -290.989760368, 63.8728847569, 0.111718539644, 6.29631382236
1.8483020341, 222.141031968, -290.773301985, 63.0578154696, 0.107427328241, 5.53667747249
1.84850580477, 222.078117121, -290.602270892, 62.3881623823, 0.101496717507, 4.67936835015
1.84892743538, 222.029902223, -290.482654236, 61.8830598887, 0.0940310055037, 3.74174297679
1.84954682536, 221.997796316, -290.419401342, 61.5583164768, 0.0851706968895, 2.74330584852
1.85033913294, 221.982874285, -290.41629179, 61.4259936213, 0.0750898183301, 1.70531284991
1.85127527136, 221.985846089, -290.475827174, 61.4940605743, 0.0639924649854, 0.650327400572
1.85232250019, 222.007033605, -290.599149498, 61.7661345037, 0.0521086585375, -0.398261544789
1.85344509551, 222.046355759, -290.785988553, 62.2413134483, 0.0396896509622, -1.41674947885
1.85460509236, 222.103322414, -291.03464001, 62.9141076147, 0.0270027172449, -2.38164354424
1.85576307655, 222.177037337, -291.341975359, 63.7744726185, 0.0143255818755, -3.27019527724
1.85687901286, 222.266210341, -291.703484065, 64.8079458121, 0.00194059459101, -4.06092709419
1.85791309834, 222.369178499, -292.113347655, 65.9958847549, -0.00987128630217, -4.734140545
1.85882661514, 222.48393615, -292.564544682, 67.3158044333, -0.020836513434, -5.27239449203
1.8595827811, 222.608173163, -293.048984817, 68.7418075583, -0.0306949572254, -5.66094193321
1.86014756769, 222.739320801, -293.557669661, 70.2451001898, -0.0392056943805, -5.88811471588
1.86049048676, 222.874604267, -294.080877121, 71.7945825871, -0.0461525808271, -5.94564664608
1.86058531464, 223.011100935, -294.608365773, 73.3575036918, -0.0513493891153, -5.82892623176
1.86041075273, 223.14580304, -295.129594924, 74.9001655829, -0.0546445057455, -5.53717226733
1.85995100269, 223.275683536, -295.633955805, 76.3886631268, -0.0559250285686, -5.07352661545
1.85919624385, 223.397763714, -296.111008867, 77.7896428078, -0.0551201788988, -4.44506054256
1.85814300005, 223.5091811, -296.550722035, 79.0710641594, -0.0522039372305, -3.66269272778
1.85679438236, 223.607256119, -296.943704502, 80.2029464998, -0.0471968078128, -2.74101913069
1.85516019806, 223.689556017, -297.2814308, 81.1580841376, -0.0401666318494, -1.69805671548
1.85325691211, 223.75395454, -297.556449837, 81.9127130679, -0.0312283702486, -0.554905184828
1.85110746199, 223.798685957, -297.762573979, 82.4471134604, -0.020542840366, 0.66466726702
1.84874091424, 223.822392081, -297.895043436, 82.7461328833, -0.00831433775568, 1.93470638415
1.84619196633, 223.82416109, -297.950661828, 82.7996171046, 0.00521284434991, 3.22761297294
1.84350029924, 223.803557109, -297.92789927, 82.6027368775, 0.0197589476446, 4.51473156131
1.8407097869, 223.760639669, -297.826960002, 82.1562013635, 0.0350143098602, 5.76697444921
1.83786757766, 223.695972412, -297.64981233, 81.4663510694, 0.0506458302269, 6.95546766254
1.83502306626, 223.610620601, -297.40017945, 80.5451259594, 0.0663042172471, 8.05220478538
1.83222677796, 223.506137263, -297.083490597, 79.4099069935, 0.0816318754436, 9.03069409346
1.82952919377, 223.384538035, -296.706792766, 78.0832320308, 0.0962712089922, 9.866584302
1.82697954518, 223.248265048, -296.278624269, 76.592390198, 0.109873157171, 10.5382544031
1.82462461092, 223.100140439, -295.808852178, 74.9689013836, 0.122105723964, 11.0273537081
1.82250754988, 222.94331033, -295.308476603, 73.247890283, 0.132662263596, 11.3192788667
1.82066680351, 222.781180357, -294.789405553, 71.4673670399, 0.141269279911, 11.4035759609
1.8191350971, 222.617344025, -294.264204873, 69.6674288141, 0.147693540553, 11.2742571513
1.81793857046, 222.455505404, -293.745828416, 67.8893987281, 0.151748276182, 10.9300231041
1.8170960648, 222.299397768, -293.247334094, 66.1749202099, 0.153298284181, 10.3743842401
1.81661857989, 222.152699984, -292.78159199, 64.565026393, 0.15226383573, 9.61567627508
1.81650892238, 222.018952476, -292.360990886, 63.0992048385, 0.148623220329, 8.66696742601
1.81676154819, 221.901474675, -291.997149857, 61.8144786852, 0.142413926832, 7.54585740192
1.817362606, 221.803285859, -291.700641482, 60.7445251332, 0.133732399589, 6.27417047946
1.81829017432, 221.727031223, -291.48073314, 59.9188518053, 0.122732413438, 4.8775474776
1.8195146851, 221.674914967, -291.3451526, 59.3620507698, 0.109622131397, 3.38494391908
1.82099952096, 221.648642022, -291.299883625, 59.0931483918, 0.0946599224268, 1.82804367826
1.82270176561, 221.649369916, -291.348996804, 59.1250676584, 0.078149087533, 0.240599755118
1.82457309076, 221.677672019, -291.494520095, 59.4642172275, 0.0604316087604, -1.34228448328
1.82656075686, 221.733513233, -291.736352769, 60.1102189401, 0.0418810854529, -2.88491860085
1.82860870321, 221.816238868, -292.072225547, 61.0557826908, 0.0228950282542, -4.35181658443
1.8306587066, 221.924577232, -292.497708725, 62.2867343871, 0.00388665149443, -5.70849936283
1.83265158427, 222.056656096, -293.006269042, 63.7821993207, -0.0147236570174, -6.92229039721
1.83452842397, 222.210032956, -293.589374984, 65.5149399946, -0.0325170631703, -7.9630863842
1.83623181528, 222.381738636, -294.236649077, 67.451843708, -0.0490850428681, -8.80408524329
1.83770706787, 222.568333555, -294.936064726, 69.5545520743, -0.0640380494551, -9.42245407582
1.83890339474, 222.765975613, -295.674183993, 71.7802208612, -0.0770139449972, -9.79992093222
1.83977504807, 222.970498418, -296.436431836, 74.0823958357, -0.0876861041423, -9.92327565907
1.84028237767, 223.177498324, -297.207401349, 76.4119870487, -0.0957709788279, -9.78476650949
1.84039280942, 223.38242851, -297.971183759, 78.7183216253, -0.101035098917, -9.38238184578
1.8400817102, 223.580698145, -298.71171628, 80.9502528942, -0.103301281493, -8.72000808558
1.83933312905, 223.767774546, -299.413140353, 83.057302, -0.102453956072, -7.80745807869
1.83814038677, 223.939286108, -300.060162436, 84.9908069354, -0.0984434310007, -6.66036662138
1.8365064985, 224.091123731, -300.638409307, 86.7050533272, -0.0912889625341, -5.29995288476
1.83444440517, 224.21953845, -301.134769753, 88.1583610623, -0.081080478661, -3.75265252828
1.83197700066, 224.321233001, -301.53771472, 89.3141015308, -0.06797884467, -2.0496252332
1.82913693115, 224.393445154, -301.837588281, 90.1416211878, -0.0522145050535, -0.226146198407
1.82596616393, 224.434020762, -302.026862297, 90.6170488345, -0.0340844885777, 1.67910682632
1.8225153138, 224.441474657, -302.100348294, 90.7239661047, -0.0139476769577, 3.62485709669
1.81884273102, 224.415037769, -302.055360925, 90.4539234566, 0.00778162642017, 5.56810662096
1.8150133612, 224.354689093, -301.891828385, 89.8067870311, 0.0306417653129, 7.4650698251
1.81109738876, 224.26117146, -301.612346168, 88.7909051519, 0.0541333492959, 9.27214329527
1.80716870003, 224.135990392, -301.222171861, 87.4230873148, 0.0777301663533, 10.9468902951
1.80330318979, 223.981395708, -300.729159877, 85.7283924071, 0.100891230202, 12.4490184605
1.79957696193, 223.800345914, -300.143636374, 83.7397270995, 0.123073594609, 13.7413283235
1.79606447102, 223.596455822, -299.478215997, 81.4972598434, 0.143745606646, 14.7906108552
1.79283665483, 223.373928241, -298.747563414, 79.0476599849, 0.162400234019, 15.5684728854
1.78995911819, 223.137470934, -297.968103876, 76.4431756098, 0.178568050928, 16.0520703254
1.78749042111, 222.892200467, -297.157688362, 73.7405678263, 0.19182949154, 16.2247310014
1.78548052518, 222.643534834, -296.33521992, 70.999922484, 0.201825989353, 16.0764508614
1.78396944807, 222.397077117, -295.520248893, 68.2833637832, 0.208269640165, 15.6042499029
1.7829861627, 222.15849263, -294.732545512, 65.6536966727, 0.210951140149, 14.8123771898
1.78254777829, 221.933382237, -293.991659093, 63.1730072327, 0.20974571236, 13.7123572346
1.78265902422, 221.727154649, -293.316473457, 60.9012516208, 0.204616879517, 12.3228736286
1.78331204128, 221.54490061, -292.724768624, 58.8948652828, 0.195618047822, 10.6694894319
1.78448649114, 221.391271826, -292.232798646, 57.2054237707, 0.182891817825, 8.78420726816
1.78614996312, 221.270367525, -291.854895555, 55.8783866882, 0.166667171846, 6.70487591695
1.78825866562, 221.185631323, -291.603108766, 54.9519544385, 0.147254621584, 4.47445372712
1.79075836975, 221.139760925, -291.486888757, 54.456065677, 0.125039545671, 2.14014259475
1.79358557577, 221.134632936, -291.512823063, 54.4115610235, 0.100473931846, -0.247590586447
1.79666886557, 221.171244733, -291.684431472, 54.8295349058, 0.0740667751229, -2.63608519542
1.79993040169, 221.249675006, -292.00202623, 55.7108939587, 0.0463734154024, -4.9716286371
1.80328753567, 221.369064189, -292.462641634, 57.046135955, 0.0179840811506, -7.20064417171
1.80665449643, 221.527615558, -293.060035953, 58.8153586207, -0.0104881513709, -9.27089919888
1.80994412016, 221.722617346, -293.784767043, 60.98850261, -0.0384197104003, -11.1327069854
1.81306959749, 221.950485758, -294.624341391, 63.5258279272, -0.065189024226, -12.7400948356
1.81594621275, 222.206828292, -295.563434666, 66.378617504, -0.0901889718679, -14.0519115938
1.81849306122, 222.486526354, -296.584180254, 69.4900967391, -0.112839186369, -15.0328485374
1.82063471281, 222.783835674, -297.666520602, 72.7965524744, -0.132598000541, -15.6543487316
1.82230281801, 223.092502657, -298.788614764, 76.2286301587, -0.148973982346, -15.8953823895
1.82343763142, 223.405894368, -299.927294067, 79.7127834979, -0.161536899911, -15.7430680352
1.82398943165, 223.717139592, -301.058556705, 83.1728470679, -0.169927955819, -15.1931224183
1.82391981773, 224.019278025, -302.158090862, 86.5316987315, -0.173869149717, -14.2501257618
1.82320285441, 224.305414487, -303.201815257, 89.7129763408, -0.173171564835, -12.9275927274
1.8218260295, 224.568874847, -304.166425297, 92.6428110839, -0.167742326114, -11.2478435959
1.81979099907, 224.803360224, -305.029932724, 95.2515388389, -0.15759003564, -9.24167481606
1.81711407327, 225.00309602, -305.772186483, 97.4753505097, -0.142828361325, -6.94783223459
1.81382641192, 225.162972334, -306.375362725, 99.2578429996, -0.123677551178, -4.41229512893
1.80997389496, 225.278672471, -306.824412368, 100.551434105, -0.100463608774, -1.68738340917
1.80561663777, 225.346786351, -307.107455193, 101.318606561, -0.073614927004, 1.16929535265
1.80082812971, 225.364905996, -307.21611063, 101.532950199, -0.0436562146087, 4.09603849288
1.79569398686, 225.331700484, -307.145756397, 101.179974497, -0.0111996452875, 7.02835633285
1.79031032575, 225.246968252, -306.895707773, 100.257669001, 0.0230667240869, 9.90036852503
1.7847817739, 225.111665018, -306.469311803, 98.7767938981, 0.0583931536532, 12.6462590429
1.77921915505, 224.927906152, -305.873952574, 96.7608889834, 0.0939847768112, 15.2017581885
1.7737369052, 224.698942848, -305.120965666, 94.2459953026, 0.129020105, 17.5056187833
1.7684502808, 224.429112055, -304.225461809, 91.2800900702, 0.162671050805, 19.5010532958
1.76347244891, 224.12376073, -303.206061926, 87.9222419683, 0.194123818995, 21.1370987776
1.75891154329, 223.789145556, -302.084547724, 84.2415003359, 0.222600074872, 22.3698775072
1.75486778784, 223.432309934, -300.885434039, 80.3155380271, 0.247377645115, 23.1637230128
1.75143078327, 223.060940541, -299.635471001, 76.229073565, 0.267810076364, 23.4921434453
1.74867704755, 222.683206358, -298.363085894, 72.0721038291, 0.283344389701, 23.3385975769
1.74666790262, 222.307583486, -297.097776086, 67.9379831918, 0.293536373881, 22.6970621689
1.74544776672, 221.942669502, -295.869465798, 63.9213893662, 0.298062972345, 21.5723740236
1.74504291415, 221.596991411, -294.707840526, 60.116219425, 0.296731326073, 19.9803344726
1.74546073686, 221.27881148, -293.641673703, 56.6134619526, 0.289484223544, 17.947569365
1.74668951049, 220.995935357, -292.698160647, 53.4990927025, 0.27640192074, 15.5111428658
1.74869867202, 220.755526925, -291.902275009, 50.8520415947, 0.257700284761, 12.7179288684
1.75143956711, 220.5639342, -291.276162608, 48.7422780572, 0.233725558973, 9.62374947006
1.75484663425, 220.426530473, -290.838587103, 47.2290602917, 0.204945970605, 6.29229510159
1.75883895967, 220.347574522, -290.604440983, 46.359390956, 0.171940666474, 2.79384650163
1.76332214588, 220.330093405, -290.584334113, 46.1667181109, 0.135386371306, -0.796176827629
1.76819041758, 220.375790836, -290.784270625, 46.6699155483, 0.0960423225835, -4.39881238393
1.77332890026, 220.48498363, -291.20542309, 47.8725709064, 0.0547339462014, -7.93326158378
1.77861600884, 220.656568106, -291.844010933, 49.7626037432, 0.0123357170645, -11.3186716901
1.78392588697, 220.888017678, -292.691287794, 52.3122286087, -0.0302463704029, -14.4759540793
1.78913086118, 221.175412221, -293.733640268, 55.4782708788, -0.0720924482843, -17.329598713
1.79410386552, 221.513499073, -294.952797883, 59.2028350954, -0.112286241673, -19.8094437703
1.79872082594, 221.895784878, -296.326151831, 63.4143178551, -0.149932257827, -21.8523598576
1.80286298384, 222.314656782, -297.827177365, 68.0287491305, -0.184172561795, -23.4038090761
1.80641915269, 222.761530817, -299.425952453, 72.9514384386, -0.214203086783, -24.4192413629
1.80928790721, 223.227024748, -301.089762948, 78.0788947102, -0.239289476734, -24.8652935293
1.81137969284, 223.701152005, -302.783782411, 83.3009820523, -0.25878237436, -24.7207599865
1.81261884617, 224.173532911, -304.471812882, 88.5032675822, -0.272132085072, -23.977308855
1.81294550747, 224.633618867, -306.117071179, 93.5695121373, -0.278902478334, -22.6399223645
1.81231738238, 225.070924889, -307.683004061, 98.3842506618, -0.278783817655, -20.7270460355
1.8107113206, 225.475265545, -309.134114569, 102.835405955, -0.271604282794, -18.2704377928
1.80812464117, 225.836989175, -310.436781234, 106.816877479, -0.257339680185, -15.3147143545
1.80457614317, 226.147205199, -311.560051669, 110.231046581, -0.236120887292, -11.916599288
1.80010672339, 226.39799933, -312.476392199, 112.99114002, -0.208238476829, -8.14388379893
1.79477952961, 226.582631619, -313.162375793, 115.023395774, -0.174143981441, -4.07411807653
1.78867957414, 226.695712538, -313.599291604, 116.268978657, -0.134447269109, 0.206942607987
1.78191275437, 226.733352607, -313.773660734, 116.685597493, -0.0899096277462, 4.60710683346
1.77460423317, 226.6932816, -313.677644761, 116.248781919, -0.0414322155266, 9.02969535518
1.76689617692, 226.574933865, -313.309335524, 114.952783131, 0.00996014355787, 13.3756284714
1.75894485019, 226.379497028, -312.672917222, 112.811071135, 0.0631398356241, 17.5456081771
1.7509171272, 226.109922066, -311.778694514, 109.856409367, 0.116901574007, 21.4423478265
1.74298649369, 225.770893598, -310.642983213, 106.140496723, 0.169991231682, 24.9728001374
1.73532865471, 225.368760116, -309.287863216, 101.733176641, 0.221137557843, 28.0503333152
1.72811688411, 224.911424821, -307.740796413, 96.7212224244, 0.269085798826, 30.5968054985
1.72151728337, 224.40819867, -306.03411546, 91.2067179868, 0.312632021339, 32.544488782
1.7156841174, 223.869618183, -304.204392366, 85.3050623484, 0.35065691119, 33.8377967558
1.71075541112, 223.307231441, -302.291698734, 79.1426354728, 0.382157733411, 34.4347728097
1.70684897156, 222.73335657, -300.338772245, 72.8541712273, 0.406277245355, 34.3083012093
1.70405899376, 222.160817724, -298.390106351, 66.5798907544, 0.422328418839, 33.4470082173
1.70245337746, 221.60266428, -296.490982325, 60.4624560733, 0.429814044992, 31.8558269435
1.70207184453, 221.071879381, -294.686464375, 54.643808772, 0.428440565851, 29.5562067522
1.70292491576, 220.581084433, -293.020379886, 49.261962624, 0.41812569273, 26.5859553689
1.70499375842, 220.142246276, -291.534307568, 44.4478213912, 0.398999730962, 22.9987101025
1.7082308725, 219.766393851, -290.266596511, 40.3220937951, 0.37140082079, 18.8630427721
1.71256155417, 219.463351029, -289.251438922, 36.9923769126, 0.33586454942, 14.2612110731
1.71788603425, 219.241491995, -288.518018514, 34.5504770799, 0.29310864997, 9.28757762586
1.72408216796, 219.107525101, -288.089755157, 33.0700330551, 0.2440136859, 4.04672552939
1.73100854859, 219.066310553, -287.983664664, 32.6045010168, 0.189600646327, -1.34869318587
1.73850789437, 219.120716554, -288.209850287, 33.1855538829, 0.131006518711, -6.78033313107
1.74641058721, 219.271517693, -288.771139827, 34.8219391142, 0.0694587422186, -12.1267061458
1.75453824603, 219.517338491, -289.662879284, 37.4988298719, 0.00624937603018, -17.2658530545
1.76270724079, 219.854644005, -290.872890589, 41.1776938341, -0.0572903336324, -22.0780788093
1.7707320868, 220.277778408, -292.381597494, 45.7966929609, -0.119814550816, -26.4486907415
1.77842868825, 220.779051407, -294.162319988, 51.2716156811, -0.179986376235, -30.2706783053
1.7856174215, 221.34887136, -296.181733839, 57.4973310675, -0.236500244035, -33.4472728139
1.79212608317, 221.975922906, -298.400488154, 64.3497425971, -0.288103355696, -35.8943271186
1.79779273002, 222.64738602, -300.773970221, 71.6882074047, -0.333616362984, -37.5424580185
1.80246845744, 223.349192408, -303.253203369, 79.3583756923, -0.371953621385, -38.3388984742
1.80602015201, 224.066314412, -305.785860421, 87.195394694, -0.402143279187, -38.2490120831
1.80833323773, 224.78308077, -308.317372391, 95.0274121922, -0.423347349647, -37.2574290515
1.80931442125, 225.483512929, -310.792109543, 102.679306597, -0.434881790341, -35.3687705998
1.80889440361, 226.151675084, -313.154609903, 109.976563979, -0.436236370611, -32.6079374006
1.80703048972, 226.772030632, -315.35082873, 116.749217702, -0.427093815964, -29.0199469037
1.80370900535, 227.329797448, -317.329381424, 122.835763071, -0.407347570677, -24.6693145537
1.7989473852, 227.8112942, -319.042751949, 128.086958407, -0.377117197824, -19.6389837617
1.79279578079, 228.204269907, -320.448438985, 132.369424697, -0.336760300712, -14.0288200787
1.78533802372, 228.49820905, -321.510012798, 135.568958818, -0.286879766995, -7.95369494489
1.77669178072, 228.684604872, -322.198057283, 137.593480207, -0.22832515079, -1.54119425755
1.76700775032, 228.757193945, -322.490973552, 138.375537403, -0.162187074265, 5.07100396517
1.7564677866, 228.712145717, -322.375624085, 137.874309511, -0.0897838167663, 11.7380301278
