-0.111900076922, -7.02190359131, 12.7914376319, -5.77168716947, -0.00232502979011, -0.111894115284
-0.0502064765669, -3.02345607431, 5.56844562239, -2.54595659064, -0.0010438233152, -0.0502025403934
-0.0214593691855, -1.23344580131, 2.35671946487, -1.12368811496, -0.000446915524968, -0.0214565119436
-0.00832514464182, -0.429440182672, 0.918932801169, -0.489654743212, -0.000174213349156, -0.00832294302359
-0.00237763052669, -0.0678299743257, 0.273359948085, -0.205577977734, -5.07302866174e-05, -0.00237591347849
0.000304488455351, 0.0948969739327, -0.0169008470043, -0.0779927816014, 4.9553223725e-06, 0.000305778095062
0.00151154667312, 0.168139177117, -0.147497528559, -0.0206152788381, 3.00153061358e-05, 0.00151241831293
0.00205402660741, 0.201104259562, -0.206285620631, 0.0052180271862, 4.1276859078e-05, 0.00205447274572
0.00229743831247, 0.215937665848, -0.232765542828, 0.0168691472631, 4.63286382948e-05, 0.00229744893811
0.00240633726691, 0.222608098877, -0.24470684652, 0.0221420984933, 4.85871491041e-05, 0.00240590658401
0.00245475068255, 0.22560340972, -0.250105298528, 0.0245462223175, 4.95894043509e-05, 0.00245388030067
0.00247596904428, 0.226944096757, -0.252559160625, 0.0256599226856, 5.0026670103e-05, 0.00247466940543
0.00248496094674, 0.227539837652, -0.253687807441, 0.0261931831725, 5.02098280218e-05, 0.0024832518606
0.0024884563265, 0.227800195045, -0.254220044201, 0.0264653730169, 5.02787289021e-05, 0.00248636699466
0.00248948088751, 0.227909566133, -0.254483874869, 0.0266201529295, 5.02963136031e-05, 0.00248704953495
0.00248939492481, 0.227950971849, -0.254626919752, 0.0267221428117, 5.02909566123e-05, 0.00248666818113
0.00248880998925, 0.227961790334, -0.254715615446, 0.026800405961, 5.02754846937e-05, 0.00248584202791
0.0024880010114, 0.227958849862, -0.254779860692, 0.0268680100797, 5.02557274743e-05, 0.00248485248067
0.00248709158225, 0.227949726457, -0.254833109757, 0.0269308267455, 5.02343759019e-05, 0.00248382838734
0.00248613725669, 0.227937830456, -0.254881415738, 0.0269914899419, 5.02126949787e-05, 0.0024828291753
0.00248516300312, 0.227924696647, -0.25492750065, 0.0270511769294, 5.0191298653e-05, 0.00248188218478
0.00248418003899, 0.227911015378, -0.254972587284, 0.0271104095554, 5.01705099893e-05, 0.00248099944459
0.00248319340239, 0.227897096807, -0.255017223689, 0.0271694148585, 5.0150503557e-05, 0.00248018516942
0.00248220535499, 0.227883079937, -0.255061654308, 0.0272282874801, 5.01313766211e-05, 0.00247943915513
0.0024812169119, 0.227869026747, -0.25510598705, 0.0272870628715, 5.01131827085e-05, 0.0024787583441
0.00248022852953, 0.227854964584, -0.255150268548, 0.0273457504491, 5.0095943975e-05, 0.00247813755351
0.00247924041561, 0.227840905263, -0.255194518059, 0.0274043485806, 5.00796543294e-05, 0.00247756990083
0.00247825266708, 0.22782685368, -0.255238742778, 0.0274628515627, 5.00642872046e-05, 0.00247704706504
0.00247726533448, 0.227812811703, -0.255282944768, 0.0275212528351, 5.00497877341e-05, 0.00247655950201
0.00247627844793, 0.227798779926, -0.255327124097, 0.0275795465348, 5.00360855552e-05, 0.0024760966889
0.00247529203066, 0.227784758472, -0.255371280294, 0.0276377283116, 5.00230875621e-05, 0.00247564732897
0.00247430610383, 0.227770747361, -0.255415413016, 0.0276957957432, 5.00106854295e-05, 0.00247519961731
0.00247332068889, 0.227756746672, -0.255459522351, 0.0277537485448, 4.9998757031e-05, 0.00247474148937
0.00247233580937, 0.227742756622, -0.25550360897, 0.027811588693, 4.99871603406e-05, 0.00247426088391
0.00247135148889, 0.2277287776, -0.25554767418, 0.0278693204539, 4.99757515012e-05, 0.00247374603489
0.00247036775288, 0.22771481017, -0.255591719925, 0.0279269502915, 4.99643735842e-05, 0.00247318571513
0.00246938462616, 0.22770085508, -0.255635748796, 0.0279844868816, 4.99528719881e-05, 0.00247256952336
0.00246840213443, 0.227686913239, -0.255679763955, 0.0280419408429, 4.99410871618e-05, 0.00247188811844
0.00246742030262, 0.227672985712, -0.255723769108, 0.0280993246188, 4.99288639767e-05, 0.00247113345523
0.00246643915451, 0.227659073695, -0.255767768414, 0.0281566521932, 4.99160547594e-05, 0.00247029899425
0.00246545871105, 0.227645178489, -0.255811766415, 0.0282139388346, 4.99025266429e-05, 0.00246937988483
0.00246447899287, 0.227631301477, -0.255855767932, 0.0282712007475, 4.98881522094e-05, 0.00246837308255
0.00246350001577, 0.227617444091, -0.255899777968, 0.0283284547576, 4.98728290557e-05, 0.00246727748111
0.00246252179406, 0.227603607787, -0.255943801597, 0.0283857179237, 4.98564676659e-05, 0.0024660939571
0.00246154433738, 0.227589794002, -0.255987843851, 0.0284430071597, 4.98390050802e-05, 0.00246482539906
0.00246056765162, 0.227576004132, -0.256031909611, 0.028500338876, 4.98204011238e-05, 0.00246347668152
0.00245959173866, 0.227562239493, -0.256076003489, 0.0285577285676, 4.98006411459e-05, 0.00246205458819
0.00245861659692, 0.227548501295, -0.25612012972, 0.0286151904674, 4.9779730717e-05, 0.00246056769266
0.00245764221854, 0.227534790606, -0.256164292066, 0.0286727372037, 4.97577141067e-05, 0.00245902622632
0.00245666859372, 0.227521108331, -0.256208493709, 0.0287303794652, 4.9734647715e-05, 0.00245744183936
0.00245569570738, 0.227507455188, -0.256252737186, 0.0287881257463, 4.97106204058e-05, 0.00245582740903
0.00245472354025, 0.227493831683, -0.256297024304, 0.0288459821034, 4.96857454617e-05, 0.00245419674669
0.00245375207036, 0.227480238102, -0.256341356091, 0.02890395196, 4.96601551617e-05, 0.00245256431591
0.00245278127255, 0.227466674492, -0.256385732761, 0.0289620359928, 4.9633999205e-05, 0.00245094490245
0.00245181111868, 0.227453140664, -0.256430153688, 0.0290202320612, 4.96074472585e-05, 0.0024493533278
0.00245084157897, 0.227439636185, -0.256474617412, 0.0290785352049, 4.95806788071e-05, 0.00244780407651
0.00244987262205, 0.227426160388, -0.25651912164, 0.0291369376705, 4.95538819614e-05, 0.00244631097429
0.00244890421559, 0.227412712377, -0.256563663297, 0.0291954290696, 4.95272527556e-05, 0.00244488688133
0.00244793632901, 0.227399291052, -0.25660823858, 0.0292539965527, 4.95009762464e-05, 0.00244354334638
0.00244696892962, 0.227385895117, -0.256652843012, 0.0293126250186, 4.94752504711e-05, 0.00244229038363
0.00244600198784, 0.22737252312, -0.256697471554, 0.0293712974622, 4.94502533209e-05, 0.00244113614802
0.00244503547618, 0.227359173467, -0.256742118684, 0.0294299952666, 4.94261525975e-05, 0.00244008675196
0.00244406936985, 0.227345844468, -0.256786778534, 0.0294886986338, 4.94030978597e-05, 0.00243914609229
0.00244310364659, 0.227332534367, -0.256831444999, 0.029547386991, 4.93812229584e-05, 0.00243831569988
0.00244213828913, 0.227319241378, -0.256876111872, 0.0296060394087, 4.93606328534e-05, 0.00243759466892
0.00244117328387, 0.227305963733, -0.256920772998, 0.0296646351363, 4.93414084237e-05, 0.00243697962835
0.00244020862244, 0.227292699713, -0.25696542239, 0.0297231539934, 4.93236001958e-05, 0.00243646476965
0.00243924430091, 0.227279447692, -0.257010054386, 0.0297815768953, 4.93072303673e-05, 0.00243604192971
0.00243828032123, 0.227266206178, -0.257054663779, 0.0298398862833, 4.92922854004e-05, 0.0024357007314
0.0024373166898, 0.227252973842, -0.25709924593, 0.0298980665195, 4.92787248936e-05, 0.00243542876315
0.00243635341859, 0.227239749557, -0.257143796902, 0.0299561043281, 4.92664723994e-05, 0.00243521182234
0.00243539052455, 0.227226532427, -0.25718831356, 0.030013989125, 4.92554228564e-05, 0.00243503421823
0.00243442803013, 0.227213321808, -0.257232793644, 0.0300717132749, 4.92454358747e-05, 0.00243487905263
0.00243346595975, 0.227200117329, -0.257277235853, 0.0301292723758, 4.92363600543e-05, 0.00243472863947
0.00243250434455, 0.227186918911, -0.257321639886, 0.0301866653807, 4.9228000682e-05, 0.00243456481075
0.0024315432165, 0.227173726765, -0.257366006474, 0.0302438947134, 4.9220159956e-05, 0.00243436939262
0.00243058261152, 0.227160541401, -0.257410337371, 0.0303009662482, 4.92126146628e-05, 0.00243412455087
0.00242962256587, 0.227147363616, -0.257454635357, 0.0303578892991, 4.92051383723e-05, 0.00243381324995
0.00242866311875, 0.227134194489, -0.257498904174, 0.0304146764247, 4.91974879037e-05, 0.00243341959991
0.00242770430721, 0.227121035356, -0.257543148479, 0.030471343251, 4.91894312171e-05, 0.00243292928718
0.00242674616822, 0.227107887786, -0.257587373742, 0.030527908142, 4.91807386575e-05, 0.00243232990441
0.00242578873771, 0.227094753555, -0.257631586154, 0.0305843918802, 4.91711846726e-05, 0.00243161125123
0.0024248320488, 0.227081634604, -0.257675792492, 0.0306408172255, 4.91605625501e-05, 0.00243076563359
0.00242387613089, 0.227068533001, -0.257719999981, 0.0306972084274, 4.91486874461e-05, 0.00242978807773
0.00242292100967, 0.2270554509, -0.257764216144, 0.0307535907522, 4.91353964254e-05, 0.00242867648486
0.00242196670619, 0.227042390487, -0.257808448634, 0.0308099898918, 4.91205570248e-05, 0.00242743175198
0.00242101323586, 0.227029353941, -0.25785270507, 0.0308664314185, 4.91040689843e-05, 0.00242605779849
0.00242006060811, 0.227016343375, -0.257896992858, 0.0309229401976, 4.90858714017e-05, 0.00242456154643
0.00241910882723, 0.227003360794, -0.257941319028, 0.030979539818, 4.90659330957e-05, 0.00242295280662
0.00241815789057, 0.226990408046, -0.257985690065, 0.0310362520392, 4.90442663072e-05, 0.0024212441342
0.00241720778886, 0.226977486776, -0.258030111751, 0.031093096259, 4.90209240579e-05, 0.00241945059329
0.002416258507, 0.226964598387, -0.258074589027, 0.0311500890378, 4.89959955886e-05, 0.00241758946118
0.00241531002342, 0.226951744003, -0.258119125862, 0.031207243674, 4.89696094359e-05, 0.00241567988831
0.00241436231126, 0.226938924434, -0.25816372514, 0.0312645698221, 4.89419281969e-05, 0.00241374250775
0.00241341533813, 0.226926140161, -0.258208388581, 0.031322073216, 4.89131479486e-05, 0.00241179899178
0.00241246906664, 0.226913391308, -0.25825311668, 0.0313797554785, 4.88834948054e-05, 0.00240987159426
0.00241152345661, 0.226900677643, -0.258297908667, 0.0314376139808, 4.88532147699e-05, 0.00240798264603
0.00241057846306, 0.226887998564, -0.2583427625, 0.0314956418206, 4.88225826423e-05, 0.00240615408363
0.00240963404147, 0.226875353118, -0.258387674894, 0.0315538279097, 4.87918700904e-05, 0.00240440689112
0.0024086901433, 0.226862740005, -0.258432641359, 0.0316121571331, 4.87613743251e-05, 0.00240276069443
0.00240774672118, 0.226850157608, -0.258477656288, 0.0316706106034, 4.87313852308e-05, 0.00240123321363
0.00240680373003, 0.226837604016, -0.25852271305, 0.0317291660109, 4.87021799632e-05, 0.002399839857
0.00240586112376, 0.22682507707, -0.258567804134, 0.0317877980837, 4.86740401242e-05, 0.00239859334962
0.00240491886235, 0.226812574399, -0.258612921288, 0.0318464790656, 4.8647213363e-05, 0.00239750335841
0.00240397690768, 0.226800093471, -0.258658055697, 0.0319051793069, 4.86219321964e-05, 0.00239657624238
0.00240303522742, 0.226787631651, -0.258703198169, 0.0319638679015, 4.85983949717e-05, 0.00239581481796
0.00240209379486, 0.226775186253, -0.258748339334, 0.0320225133408, 4.85767672147e-05, 0.00239521826254
0.0024011525901, 0.226762754602, -0.258793469853, 0.0320810842321, 4.85571701823e-05, 0.00239478201894
0.00240021159941, 0.226750334093, -0.258838580628, 0.0321395499893, 4.85396873582e-05, 0.00239449786203
0.00239927081689, 0.226737922255, -0.258883663013, 0.0321978815439, 4.85243547218e-05, 0.00239435398383
0.00239833024467, 0.226725516802, -0.258928709018, 0.0322560520377, 4.85111579224e-05, 0.00239433521162
0.00239738989206, 0.226713115695, -0.258973711498, 0.0323140374479, 4.85000387588e-05, 0.00239442326389
0.00239644977639, 0.22670071719, -0.259018664337, 0.0323718172137, 4.84908878447e-05, 0.00239459711689
0.00239550992222, 0.226688319881, -0.259063562603, 0.0324293747469, 4.84835531375e-05, 0.00239483341068
0.00239457036202, 0.226675922742, -0.259108402681, 0.0324866978847, 4.8477831082e-05, 0.00239510693066
0.00239363113302, 0.226663525156, -0.259153182388, 0.0325437792677, 4.84734896976e-05, 0.00239539115065
0.00239269228013, 0.226651126935, -0.259197901039, 0.0326006165715, 4.84702489103e-05, 0.00239565878033
0.00239175385096, 0.226638728337, -0.259242559506, 0.0326572126948, 4.84678117454e-05, 0.00239588240554
0.00239081589878, 0.226626330065, -0.259287160218, 0.0327135757613, 4.84658455126e-05, 0.00239603504799
0.00238987847818, 0.226613933261, -0.259331707142, 0.0327697190577, 4.84640093155e-05, 0.00239609083134
0.0023889416461, 0.226601539489, -0.25937620573, 0.0328256608507, 4.84619472843e-05, 0.00239602554269
0.00238800545918, 0.226589150712, -0.259420662813, 0.0328814240364, 4.8459305057e-05, 0.0023958172456
0.00238706997335, 0.226576769246, -0.25946508649, 0.0329370357598, 4.84557319785e-05, 0.00239544679335
0.00238613524125, 0.226564397727, -0.259509485957, 0.0329925268489, 4.84508981037e-05, 0.00239489833842
0.00238520131319, 0.226552039049, -0.259553871335, 0.033047931227, 4.84444866754e-05, 0.0023941597204
0.0023842682338, 0.226539696306, -0.259598253452, 0.0331032851906, 4.84362166906e-05, 0.00239322283896
0.00238333604213, 0.22652737273, -0.259642643615, 0.0331586266388, 4.84258419531e-05, 0.00239208391422
0.00238240476995, 0.226515071617, -0.259687053371, 0.0332139942708, 4.84131600139e-05, 0.00239074364225
0.00238147444192, 0.226502796255, -0.259731494244, 0.0332694267074, 4.83980132996e-05, 0.0023892072794
0.00238054507318, 0.22649054985, -0.259775977482, 0.0333249616407, 4.83803030655e-05, 0.00238748460451
0.00237961667032, 0.226478335453, -0.259820513796, 0.0333806349551, 4.83599830857e-05, 0.00238558980423
0.00237868923141, 0.22646615589, -0.25986511311, 0.033436479886, 4.83370618596e-05, 0.00238354121208
0.0023777627437, 0.226454013688, -0.259909784319, 0.033492526232, 4.83116135754e-05, 0.00238136100828
0.00237683718557, 0.226441911018, -0.259954535076, 0.0335487996071, 4.82837669633e-05, 0.00237907477607
0.00237591252673, 0.226429849637, -0.259999371586, 0.0336053207759, 4.82537076229e-05, 0.00237671099626
0.00237498872733, 0.226417830842, -0.260044298448, 0.0336621051118, 4.82216779252e-05, 0.00237430047829
0.00237406574065, 0.226405855429, -0.260089318512, 0.0337191621188, 4.81879652472e-05, 0.00237187568401
0.00237314351232, 0.226393923665, -0.260134432785, 0.0337764951308, 4.81529031841e-05, 0.00236947005538
0.00237222198242, 0.226382035277, -0.260179640369, 0.0338341010859, 4.81168614868e-05, 0.00236711726964
0.00237130108619, 0.22637018944, -0.260224938449, 0.0338919704951, 4.80802411812e-05, 0.00236485049135
0.00237038075561, 0.22635838479, -0.260270322315, 0.0339500875211, 4.80434619392e-05, 0.00236270161115
0.00236946092036, 0.226346619445, -0.260315785432, 0.0340084302057, 4.80069591086e-05, 0.002360700511
0.00236854151117, 0.226334891029, -0.260361319549, 0.0340669708453, 4.79711624831e-05, 0.00235887432646
0.00236762245839, 0.226323196727, -0.260406914853, 0.0341256765039, 4.7936504238e-05, 0.00235724683372
0.00236670369608, 0.226311533329, -0.26045256016, 0.0341845096504, 4.79033934163e-05, 0.00235583779463
0.00236578516235, 0.226299897305, -0.26049824314, 0.0342434289132, 4.78722143587e-05, 0.00235466246093
0.00236486680145, 0.226288284869, -0.260543950571, 0.0343023899414, 4.78433137717e-05, 0.00235373113746
0.00236394856461, 0.226276692063, -0.26058966862, 0.0343613463342, 4.78169961949e-05, 0.00235304886245
0.00236303041105, 0.226265114842, -0.260635383136, 0.0344202506404, 4.77935142968e-05, 0.00235261517312
0.00236211231006, 0.226253549169, -0.260681079978, 0.0344790554375, 4.77730599362e-05, 0.00235242401383
0.00236119424118, 0.226241991093, -0.260726745319, 0.0345377143628, 4.77557609101e-05, 0.00235246377203
0.00236027619447, 0.226230436853, -0.260772365968, 0.0345961831859, 4.77416782112e-05, 0.00235271742259
0.00235935817208, 0.226218882958, -0.260817929685, 0.0346544208718, 4.77307988034e-05, 0.00235316280037
0.0023584401872, 0.226207326276, -0.260863425466, 0.0347123905278, 4.77230401171e-05, 0.00235377300656
0.00235752226484, 0.226195764106, -0.260908843825, 0.0347700603523, 4.77182466445e-05, 0.00235451691868
0.00235660444054, 0.226184194254, -0.260954177033, 0.034827404431, 4.7716195144e-05, 0.00235535980922
0.00235568676131, 0.226172615086, -0.260999419327, 0.0348844034331, 4.77165914376e-05, 0.00235626404459
0.0023547692827, 0.226161025579, -0.261044567078, 0.0349410451865, 4.77190877927e-05, 0.00235718990159
0.00235385206966, 0.226149425358, -0.261089618922, 0.0349973250996, 4.77232763332e-05, 0.00235809637652
0.00235293519418, 0.226137814711, -0.261134575821, 0.0350532463721, 4.7728706989e-05, 0.00235894213032
0.00235201873423, 0.226126194603, -0.261179441109, 0.0351088201495, 4.77348893627e-05, 0.00235968637766
0.00235110277161, 0.226114566662, -0.261224220446, 0.0351640653617, 4.77413110184e-05, 0.00236028983591
0.00235018739026, 0.226102933158, -0.261268921743, 0.0352190084767, 4.77474434131e-05, 0.00236071563519
0.00234927267496, 0.226091296965, -0.261313555034, 0.0352736830697, 4.7752753207e-05, 0.00236093017436
0.00234835870909, 0.226079661506, -0.261358132285, 0.0353281291771, 4.77567148726e-05, 0.00236090397281
0.00234744557294, 0.226068030688, -0.261402667169, 0.0353823925455, 4.77588229544e-05, 0.00236061238519
0.00234653334025, 0.226056408826, -0.261447174788, 0.0354365237083, 4.77586107768e-05, 0.00236003628761
0.00234562207969, 0.22604480055, -0.261491671361, 0.0354905769287, 4.77556443867e-05, 0.0023591625701
0.00234471185028, 0.226033210708, -0.261536173891, 0.035544609084, 4.77495494452e-05, 0.0023579845871
0.00234380270029, 0.226021644262, -0.261580699785, 0.0355986784024, 4.77400180661e-05, 0.00235650241518
0.00234289466714, 0.226010106184, -0.261625266484, 0.0356528432255, 4.77268101361e-05, 0.00235472299939
0.00234198777594, 0.22599860133, -0.261669891057, 0.0357071606297, 4.77097634268e-05, 0.00235266010169
0.00234108203848, 0.225987134343, -0.261714589821, 0.0357616851846, 4.76887978483e-05, 0.0023503341548
0.00234017745188, 0.225975709541, -0.261759377961, 0.0358164676511, 4.76639264119e-05, 0.00234777192855
0.00233927399981, 0.225964330805, -0.261804269154, 0.0358715537479, 4.76352456389e-05, 0.00234500604012
0.00233837165209, 0.225953001494, -0.261849275239, 0.0359269830391, 4.76029383824e-05, 0.00234207433687
0.00233747036364, 0.225941724353, -0.261894405919, 0.035982787934, 4.75672831175e-05, 0.00233901916518
0.002336570078, 0.22593050144, -0.261939668495, 0.0360389927983, 4.75286282279e-05, 0.00233588648224
0.0023356707266, 0.225919334068, -0.261985067653, 0.0360956132541, 4.74874000126e-05, 0.00233272490976
0.00233477223007, 0.225908222759, -0.262030605313, 0.0361526556647, 4.74440917941e-05, 0.00232958467468
0.00233387449961, 0.225897167218, -0.262076280527, 0.0362101167969, 4.73992570685e-05, 0.00232651654078
0.00233297744003, 0.225886166321, -0.262122089444, 0.0362679837123, 4.73534887252e-05, 0.00232357064107
0.00233208095106, 0.22587521813, -0.262168025346, 0.0363262338749, 4.73074145429e-05, 0.00232079536046
0.00233118492911, 0.22586431991, -0.26221407873, 0.0363848354447, 4.72616823324e-05, 0.00231823620898
0.00233028926968, 0.225853468188, -0.262260237481, 0.0364437478474, 4.72169464598e-05, 0.00231593473632
0.00232939387008, 0.225842658806, -0.262306487087, 0.0365029224936, 4.71738498775e-05, 0.00231392753293
0.0023284986324, 0.225831887005, -0.262352810911, 0.0365623036963, 4.71330080579e-05, 0.00231224527444
0.0023276034637, 0.225821147523, -0.262399190541, 0.0366218298343, 4.70950037947e-05, 0.00231091196271
0.00232670827973, 0.225810434697, -0.262445606156, 0.0366814345856, 4.7060366087e-05, 0.00230994422352
0.0023258130076, 0.225799742588, -0.262492036944, 0.0367410483247, 4.70295544001e-05, 0.00230935079382
0.00232491758568, 0.225789065108, -0.26253846156, 0.0368005996437, 4.70029573561e-05, 0.00230913217156
0.002324021967, 0.225778396153, -0.262584858594, 0.0368600169322, 4.69808698409e-05, 0.00230928044526
0.0023231261198, 0.225767729741, -0.262631207045, 0.036919229947, 4.6963493619e-05, 0.0023097793017
0.00232223002795, 0.225757060146, -0.262677486805, 0.0369781714426, 4.6950932201e-05, 0.00231060424069
0.00232133369305, 0.225746382039, -0.262723679136, 0.0370367787676, 4.6943174514e-05, 0.00231172294107
0.00232043713315, 0.225735690608, -0.26276976711, 0.0370949953152, 4.69401105341e-05, 0.00231309585815
0.00231954038406, 0.225724981678, -0.262815736033, 0.0371527719539, 4.69415147375e-05, 0.00231467695846
0.00231864349754, 0.225714251824, -0.262861573815, 0.0372100682659, 4.69470619618e-05, 0.00231641464131
0.00231774654138, 0.225703498454, -0.262907271297, 0.037266853632, 4.69563252785e-05, 0.00231825277182
0.00231684959851, 0.22569271989, -0.262952822517, 0.0373231081145, 4.69687838893e-05, 0.00232013186102
0.00231595276364, 0.22568191542, -0.262998224901, 0.0373788231032, 4.69838395122e-05, 0.00232199035269
0.00231505614346, 0.225671085335, -0.2630434794, 0.037434001767, 4.700082064e-05, 0.00232376595372
0.00231415985275, 0.225660230943, -0.263088590523, 0.0374886591619, 4.70190005866e-05, 0.00232539701914
0.00231326401316, 0.225649354557, -0.263133566323, 0.0375428221841, 4.70376109038e-05, 0.00232682396021
0.00231236874984, 0.225638459465, -0.263178418274, 0.0375965291523, 4.70558607218e-05, 0.00232799062635
0.00231147418933, 0.225627549875, -0.263223161085, 0.0376498291874, 4.70729491588e-05, 0.00232884562343
0.00231058045578, 0.225616630836, -0.263267812434, 0.0377027813321, 4.70880879529e-05, 0.00232934358148
0.00230968766905, 0.225605708145, -0.263312392632, 0.0377554534011, 4.71005172974e-05, 0.00232944627885
0.0023087959414, 0.225594788229, -0.263356924209, 0.0378079206274, 4.71095240661e-05, 0.00232912364533
0.0023079053745, 0.225583878013, -0.263401431464, 0.037860264138, 4.71144609348e-05, 0.00232835461447
0.00230701605825, 0.225572984773, -0.263445939943, 0.0379125692149, 4.71147536089e-05, 0.00232712774298
0.002306128067, 0.225562115983, -0.263490475896, 0.0379649234799, 4.71099276822e-05, 0.00232544169303
0.00230524145818, 0.225551279145, -0.263535065696, 0.0380174149594, 4.70996127287e-05, 0.00232330543209
0.00230435627077, 0.225540481626, -0.26357973525, 0.0380701301088, 4.70835557478e-05, 0.00232073825611
0.00230347252473, 0.225529730488, -0.26362450941, 0.038123151856, 4.70616244047e-05, 0.00231776952526
0.00230259021751, 0.22551903232, -0.263669411388, 0.0381765576424, 4.70338263139e-05, 0.00231443825121
0.00230170932756, 0.225508393086, -0.263714462206, 0.0382304175886, 4.70002913294e-05, 0.00231079236062
0.00230082981193, 0.225497817975, -0.263759680179, 0.0382847927645, 4.69612848073e-05, 0.00230688781827
0.00229995160688, 0.225487311269, -0.263805080444, 0.0383397336377, 4.69172019476e-05, 0.00230278751072
0.00229907462958, 0.225476876227, -0.263850674567, 0.0383952787335, 4.68685612812e-05, 0.00229855999448
0.00229819877979, 0.225466515, -0.263896470209, 0.0384514535498, 4.68159908055e-05, 0.00229427802632
0.00229732394113, 0.225456228549, -0.263942470865, 0.0385082696754, 4.67602212539e-05, 0.00229001703917
0.00229644998333, 0.225446016608, -0.263988675725, 0.0385657243304, 4.67020724208e-05, 0.00228585348236
0.0022955767662, 0.225435877664, -0.264035079586, 0.0386238000673, 4.66424271831e-05, 0.00228186313013
0.00229470414014, 0.225425808965, -0.264081672899, 0.0386824649483, 4.6582229597e-05, 0.00227811935395
0.00229383195265, 0.225415806558, -0.264128441886, 0.0387416729192, 4.6522442931e-05, 0.00227469142905
0.00229296004828, 0.225405865357, -0.264175368776, 0.0388013646121, 4.64640491428e-05, 0.00227164290188
0.00229208827422, 0.225395979229, -0.264222432119, 0.0388614683958, 4.64080155203e-05, 0.00226903004202
0.00229121648339, 0.225386141118, -0.264269607202, 0.0389219017492, 4.635527323e-05, 0.00226690042103
0.00229034453776, 0.225376343184, -0.264316866536, 0.0389825729108, 4.63066975261e-05, 0.00226529169617
0.00228947231115, 0.225366576959, -0.264364180425, 0.0390433827658, 4.62630895724e-05, 0.00226423054507
0.00228859969263, 0.225356833533, -0.264411517587, 0.0391042269136, 4.62251542502e-05, 0.00226373187762
0.00228772658974, 0.225347103737, -0.264458845825, 0.039164997924, 4.61934789744e-05, 0.00226379822869
0.00228685292981, 0.225337378353, -0.264506132745, 0.0392255877134, 4.61685278047e-05, 0.00226441950437
0.00228597866393, 0.225327648315, -0.264553346465, 0.0392858899244, 4.61506133891e-05, 0.0022655729152
0.0022851037665, 0.225317904915, -0.264600456354, 0.039345802385, 4.61399024245e-05, 0.00226722327458
0.00228422823633, 0.225308140015, -0.26464743375, 0.0394052294973, 4.61364046513e-05, 0.00226932354829
0.00228335209885, 0.225298346226, -0.264694252625, 0.0394640844614, 4.61399613786e-05, 0.00227181563633
0.00228247540465, 0.225288517103, -0.264740890249, 0.0395222914869, 4.61502550438e-05, 0.00227463152296
0.00228159822909, 0.225278647304, -0.264787327747, 0.0395797876406, 4.61668105639e-05, 0.00227769456212
0.00228072067054, 0.225268732729, -0.264833550613, 0.0396365245639, 4.61890045405e-05, 0.00228092107045
0.00227984285037, 0.22525877064, -0.264879549115, 0.0396924698196, 4.62160680164e-05, 0.00228422203354
0.0022789649086, 0.225248759749, -0.264925318608, 0.039747607937, 4.62471128578e-05, 0.00228750503672
0.00227808700176, 0.225238700275, -0.264970859753, 0.0398019411326, 4.62811445516e-05, 0.00229067627384
0.00227720930029, 0.225228593969, -0.26501617859, 0.039855489548, 4.63170794059e-05, 0.00229364260899
0.00227633198456, 0.225218444104, -0.265061286521, 0.0399082911974, 4.63537699717e-05, 0.00229631370447
0.00227545524049, 0.225208255436, -0.265106200156, 0.0399604014455, 4.63900322031e-05, 0.00229860410652
0.00227457925592, 0.225198034117, -0.26515094104, 0.0400118921027, 4.64246676795e-05, 0.00230043525132
0.00227370421697, 0.225187787595, -0.265195535271, 0.040062850134, 4.64564898251e-05, 0.00230173738313
0.00227283030293, 0.225177524464, -0.265240013002, 0.0401133760092, 4.64843522038e-05, 0.00230245128374
0.00227195768185, 0.225167254297, -0.26528440784, 0.040163581703, 4.65071803353e-05, 0.00230252983243
0.00227108650727, 0.225156987448, -0.265328756163, 0.0402135883904, 4.65239902936e-05, 0.00230193927544
0.00227021691509, 0.225146734836, -0.265373096351, 0.040263523921, 4.65339096603e-05, 0.00230066026465
0.00226934901803, 0.225136507711, -0.26541746797, 0.0403135200679, 4.65362129236e-05, 0.00229868857679
0.00226848290499, 0.225126317405, -0.265461910897, 0.0403637096282, 4.6530325659e-05, 0.00229603550521
0.00226761863668, 0.225116175081, -0.265506464435, 0.0404142234678, 4.65158520697e-05, 0.00229272789752
0.00226675624515, 0.225106091476, -0.265551166419, 0.0404651875422, 4.64925795581e-05, 0.00228880787305
0.00226589573161, 0.225096076656, -0.265596052328, 0.0405167199566, 4.64604904951e-05, 0.00228433216855
0.00226503706602, 0.225086139768, -0.265641154449, 0.0405689281559, 4.64197664242e-05, 0.00227937114876
0.00226418018768, 0.225076288826, -0.265686501081, 0.0406219063022, 4.63707864595e-05, 0.00227400748588
0.00226332500545, 0.2250665305, -0.265732115824, 0.0406757328909, 4.63141224887e-05, 0.0022683345506
0.00226247139914, 0.225056869944, -0.265778016955, 0.0407304686772, 4.62505329904e-05, 0.00226245452054
0.00226161922148, 0.22504731065, -0.265824216907, 0.0407861549674, 4.61809490687e-05, 0.00225647623932
0.00226076830206, 0.225037854333, -0.265870721882, 0.0408428122909, 4.6106450864e-05, 0.00225051292355
0.00225991844975, 0.225028500863, -0.265917531581, 0.040900439553, 4.60282515876e-05, 0.00224467967486
0.00225906945684, 0.225019248226, -0.265964639082, 0.0409590136022, 4.59476725731e-05, 0.00223909094464
0.00225822110283, 0.225010092537, -0.26601203088, 0.0410184893679, 4.58661164799e-05, 0.00223385794684
0.00225737316037, 0.225001028086, -0.266059687036, 0.0410788003757, 4.57850319157e-05, 0.0022290860786
0.00225652539941, 0.224992047436, -0.266107581519, 0.041139859886, 4.57058858397e-05, 0.00222487244438
0.00225567759224, 0.224983141547, -0.266155682663, 0.0412015624072, 4.56301325386e-05, 0.00222130350459
0.00225482951891, 0.224974299961, -0.266203953771, 0.0412637857203, 4.55591766012e-05, 0.00221845292916
0.0022539809726, 0.224965510997, -0.266252353839, 0.0413263932889, 4.54943413409e-05, 0.00221637967942
0.00225313176353, 0.224956761998, -0.266300838395, 0.0413892370557, 4.5436842281e-05, 0.00221512639236
0.00225228172539, 0.224948039591, -0.266349360437, 0.0414521605555, 4.53877445722e-05, 0.00221471811175
0.00225143071737, 0.224939329978, -0.266397871428, 0.041515002247, 4.53479543815e-05, 0.00221516135947
0.00225057862939, 0.224930619234, -0.26644632237, 0.0415775990723, 4.53181791887e-05, 0.00221644365078
0.00224972538378, 0.224921893623, -0.266494664897, 0.0416397900914, 4.52989215207e-05, 0.00221853338264
0.00224887093981, 0.224913139907, -0.266542852369, 0.0417014201342, 4.52904482139e-05, 0.0022213801698
0.00224801529245, 0.224904345652, -0.266590840957, 0.0417623434058, 4.52927962938e-05, 0.00222491562574
0.00224715847628, 0.224895499532, -0.266638590699, 0.0418224269799, 4.53057521534e-05, 0.00222905452622
0.00224630056205, 0.224886591592, -0.266686066454, 0.0418815539955, 4.53288672719e-05, 0.00223369641925
0.00224544165884, 0.224877613516, -0.266733238809, 0.0419396266582, 4.53614491551e-05, 0.00223872755924
0.00224458191089, 0.22486855883, -0.266780084842, 0.0419965687657, 4.54025791992e-05, 0.00224402322356
0.00224372149407, 0.224859423098, -0.266826588773, 0.0420523278816, 4.54511358082e-05, 0.00224945031956
0.00224286061521, 0.224850204051, -0.266872742456, 0.042106876965, 4.55057965895e-05, 0.00225487016283
0.00224199950519, 0.224840901688, -0.266918545716, 0.0421602154823, 4.55650851723e-05, 0.00226014153915
0.00224113841592, 0.224831518317, -0.266964006517, 0.0422123699603, 4.56273888699e-05, 0.00226512381524
0.00224027761445, 0.224822058552, -0.267009140932, 0.0422633938836, 4.56909953819e-05, 0.00226968010028
0.00223941737719, 0.224812529253, -0.267053972952, 0.0423133670576, 4.57541315894e-05, 0.00227368041602
0.0022385579845, 0.224802939413, -0.267098534103, 0.0423623943207, 4.58149981553e-05, 0.00227700475365
0.0022376997131, 0.224793300003, -0.267142862879, 0.0424106036595, 4.58718144144e-05, 0.00227954596459
0.00223684283117, 0.224783623762, -0.267187004021, 0.0424581438147, 4.59228565309e-05, 0.00228121242926
0.00223598759158, 0.224773924945, -0.267231007632, 0.0425051813262, 4.59664940546e-05, 0.0022819304186
0.00223513422521, 0.224764219033, -0.267274928154, 0.0425518971268, 4.60012385323e-05, 0.00228164611219
0.00223428293626, 0.224754522407, -0.267318823235, 0.0425984827909, 4.60257689686e-05, 0.00228032719791
0.00223343389755, 0.224744852001, -0.267362752491, 0.0426451363949, 4.60389672615e-05, 0.00227796400515
0.00223258724462, 0.224735224926, -0.267406776198, 0.0426920581898, 4.60399508434e-05, 0.00227457018815
0.00223174307222, 0.224725658095, -0.267450953965, 0.0427394461766, 4.60281003019e-05, 0.00227018287105
0.00223090143268, 0.224716167837, -0.267495343365, 0.0427874915665, 4.60030675289e-05, 0.00226486227244
0.00223006233263, 0.22470676951, -0.267539998604, 0.0428363743641, 4.59647960178e-05, 0.0022586907942
0.00222922573229, 0.224697477152, -0.26758496924, 0.0428862591022, 4.59135300628e-05, 0.00225177161853
0.00222839154599, 0.224688303125, -0.267630298972, 0.0429372908219, 4.58498074643e-05, 0.00224422678373
0.00222755964204, 0.224679257808, -0.267676024534, 0.042989591421, 4.57744626136e-05, 0.00223619482347
0.00222672984615, 0.224670349329, -0.26772217475, 0.0430432564921, 4.56886047071e-05, 0.00222782794957
0.0022259019442, 0.224661583332, -0.267768769704, 0.0430983525978, 4.55936006178e-05, 0.00221928891197
0.00222507568555, 0.224652962803, -0.267815820139, 0.0431549152617, 4.54910522234e-05, 0.00221074754521
0.00222425078867, 0.224644487949, -0.267863327014, 0.0432129475111, 4.53827624868e-05, 0.00220237707909
0.00222342694635, 0.224636156145, -0.267911281301, 0.0432724192068, 4.52707013784e-05, 0.00219435031368
0.00222260383368, 0.224627961925, -0.267959663974, 0.0433332670227, 4.51569540599e-05, 0.00218683571065
0.00222178111242, 0.224619897061, -0.268008446264, 0.0433953952753, 4.50436944625e-05, 0.00217999354257
0.00222095844026, 0.224611950686, -0.268057590094, 0.0434586774046, 4.49331235819e-05, 0.00217397209703
0.00222013547855, 0.224604109491, -0.268107048757, 0.0435229582104, 4.48274218128e-05, 0.00216890411712
0.00221931189837, 0.224596357973, -0.268156767802, 0.0435880568052, 4.47287091401e-05, 0.00216490353183
0.00221848738987, 0.224588678743, -0.268206686101, 0.0436537701656, 4.46389835547e-05, 0.00216206247302
0.00221766166916, 0.224581052874, -0.268256737089, 0.0437198772514, 4.45600800857e-05, 0.00216044881148
0.00221683448352, 0.224573460309, -0.268306850172, 0.0437861436684, 4.44936313402e-05, 0.00216010416736
0.00221600562063, 0.224565880277, -0.26835695221, 0.0438523266195, 4.44410139013e-05, 0.00216104240305
0.00221517491206, 0.224558291752, -0.268406969133, 0.0439181802548, 4.44033218434e-05, 0.00216324882087
0.00221434223786, 0.224550673923, -0.268456827591, 0.0439834611319, 4.43813367038e-05, 0.00216667990368
0.00221350753102, 0.224543006662, -0.268506456597, 0.0440479337084, 4.43755020684e-05, 0.00217126373968
0.00221267078014, 0.224535270994, -0.268555789197, 0.0441113758401, 4.43858995527e-05, 0.00217690106976
0.00221183202941, 0.224527449544, -0.268604764043, 0.044173584022, 4.44122557851e-05, 0.00218346700911
0.00221099138055, 0.224519526963, -0.268653326889, 0.0442343783432, 4.44539240436e-05, 0.00219081331879
0.00221014899005, 0.22451149031, -0.268701431952, 0.044293606987, 4.45099033792e-05, 0.00219877131002
0.0022093050668, 0.224503329392, -0.268749043107, 0.0443511502053, 4.45788550707e-05, 0.00220715523371
0.00220845986916, 0.224495037047, -0.268796134899, 0.0444069236553, 4.46591179423e-05, 0.00221576611862
0.00220761370047, 0.22448660937, -0.268842693322, 0.0444608809868, 4.47487408385e-05, 0.00222439597815
0.00220676690119, 0.224478045857, -0.268888716362, 0.0445130156298, 4.4845529377e-05, 0.0022328323455
0.00220591984352, 0.224469349489, -0.268934214278, 0.0445633617143, 4.49470828875e-05, 0.00224086292906
0.00220507292328, 0.224460526734, -0.268979209625, 0.044611994144, 4.50508452714e-05, 0.00224828041311
0.0022042265514, 0.224451587467, -0.269023736974, 0.0446590276599, 4.51541600449e-05, 0.00225488721301
0.00220338114392, 0.224442544819, -0.269067842386, 0.0447046150889, 4.5254336748e-05, 0.00226050013385
0.00220253711456, 0.224433414944, -0.269111582596, 0.0447489446228, 4.5348696085e-05, 0.00226495473571
0.00220169486459, 0.224424216714, -0.269155023954, 0.0447922362994, 4.54346371517e-05, 0.00226810942085
0.00220085477185, 0.224414971352, -0.269198241116, 0.0448347376685, 4.55097070324e-05, 0.00226984908651
0.00220001718506, 0.224405701995, -0.26924131553, 0.0448767187598, 4.55716407191e-05, 0.00227008820733
0.00219918241265, 0.224396433219, -0.269284333746, 0.044918466469, 4.56184294594e-05, 0.00226877333979
0.00219835071586, 0.224387190507, -0.269327385559, 0.0449602784116, 4.56483700482e-05, 0.0022658849904
0.0021975223023, 0.224377999699, -0.269370562062, 0.0450024564613, 4.56601029513e-05, 0.00226143868177
0.00219669732042, 0.224368886414, -0.269413953614, 0.0450453000078, 4.56526519369e-05, 0.0022554853018
0.00219587585439, 0.224359875473, -0.2694576478, 0.0450890992104, 4.56254544522e-05, 0.00224811066516
0.00219505792023, 0.224350990319, -0.269501727399, 0.0451341282549, 4.55783898635e-05, 0.00223943426261
0.00219424346694, 0.22434225247, -0.269546268434, 0.0451806389034, 4.55117706506e-05, 0.00222960721727
0.00219343237301, 0.22433368099, -0.26959133832, 0.0452288543536, 4.54263673987e-05, 0.00221880953512
0.00219262444974, 0.224325292014, -0.269636994182, 0.0452789636787, 4.53233849686e-05, 0.00220724660446
0.00219181944451, 0.22431709833, -0.269683281362, 0.0453311168909, 4.52044450057e-05, 0.00219514505615
0.00219101704391, 0.22430910902, -0.269730232173, 0.0453854208105, 4.50715644051e-05, 0.00218274812782
0.00219021688033, 0.224301329187, -0.269777864905, 0.0454419357966, 4.49271129769e-05, 0.00217031047182
0.00218941853932, 0.224293759758, -0.269826183145, 0.0455006734872, 4.47737680232e-05, 0.00215809267813
0.00218862156778, 0.224286397383, -0.269875175398, 0.0455615955726, 4.46144570085e-05, 0.0021463555108
0.00218782548367, 0.224279234426, -0.269924815049, 0.0456246136736, 4.44523007044e-05, 0.00213535405095
0.00218702978569, 0.224272259049, -0.269975060669, 0.0456895903545, 4.42905464502e-05, 0.00212533185153
0.00218623396494, 0.224265455399, -0.270025856648, 0.0457563412444, 4.41324941632e-05, 0.00211651522095
0.00218543751701, 0.224258803885, -0.270077134166, 0.0458246382593, 4.3981418243e-05, 0.00210910779111
0.00218463995019, 0.224252281543, -0.270128812484, 0.0458942138821, 4.38405134495e-05, 0.00210328551451
0.00218384080063, 0.224245862485, -0.270180800522, 0.0459647663992, 4.37127960681e-05, 0.00209919212096
0.0021830396412, 0.224239518431, -0.270232998707, 0.0460359660221, 4.36010483927e-05, 0.00209693528869
0.0021822360921, 0.224233219288, -0.270285301044, 0.0461074617548, 4.35077463644e-05, 0.0020965834907
0.00218142982997, 0.224226933798, -0.270337597375, 0.0461788888787, 4.34350030429e-05, 0.00209816370795
0.00218062059786, 0.224220630216, -0.270389775774, 0.0462498768664, 4.33845008024e-05, 0.00210165996449
0.00217980821023, 0.224214277015, -0.270441725034, 0.0463200576397, 4.3357459303e-05, 0.00210701288299
0.00217899255973, 0.224207843601, -0.270493337184, 0.0463890738854, 4.33545933594e-05, 0.00211412016768
0.00217817362032, 0.224201301017, -0.270544509981, 0.0464565872953, 4.33760873087e-05, 0.00212283803675
0.00217735145094, 0.224194622631, -0.270595149325, 0.0465222865675, 4.34215747262e-05, 0.00213298365483
0.00217652619374, 0.224187784776, -0.270645171538, 0.046585894931, 4.34901476655e-05, 0.00214433849964
0.00217569807355, 0.224180767347, -0.270694505457, 0.0466471770744, 4.35803584876e-05, 0.0021566525398
0.00217486739438, 0.22417355432, -0.270743094284, 0.0467059452401, 4.36902442086e-05, 0.00216964928108
0.00217403453403, 0.224166134193, -0.270790897136, 0.0467620643647, 4.38173586321e-05, 0.00218303143717
0.00217319993736, 0.224158500337, -0.270837890305, 0.0468154562151, 4.39588184782e-05, 0.00219648722273
0.00217236410644, 0.224150651241, -0.270884068107, 0.046866102202, 4.41113632241e-05, 0.00220969709438
0.0021715275911, 0.224142590645, -0.270929443383, 0.0469140450059, 4.42714207125e-05, 0.00222234076274
0.00217069097731, 0.224134327561, -0.270974047572, 0.0469593888197, 4.44351778313e-05, 0.00223410440952
0.00216985487541, 0.224125876176, -0.271017930374, 0.0470022982176, 4.45986599945e-05, 0.00224468785327
0.00216901990502, 0.224117255635, -0.271061158993, 0.0470429956283, 4.47578298524e-05, 0.00225381159918
0.00216818668277, 0.224108489703, -0.271103816968, 0.0470817574715, 4.49086630048e-05, 0.00226122350409
0.00216735580765, 0.224099606331, -0.271146002625, 0.0471189090166, 4.50472475763e-05, 0.00226670500502
0.00216652784811, 0.224090637103, -0.271187827151, 0.0471548180053, 4.51698679391e-05, 0.00227007668135
0.00216570332688, 0.224081616598, -0.271229412352, 0.0471898872263, 4.52731025138e-05, 0.00227120308921
0.00216488270934, 0.224072581673, -0.271270888116, 0.047224546134, 4.53538978552e-05, 0.0022699966372
0.00216406639328, 0.224063570678, -0.271312389654, 0.0472592417041, 4.54096423796e-05, 0.00226642051376
0.00216325469588, 0.224054622623, -0.271354054571, 0.0472944287553, 4.54382454465e-05, 0.0022604905144
0.00216244784619, 0.224045776315, -0.271396019806, 0.0473305598349, 4.54381896728e-05, 0.00225227573428
0.00216164598039, 0.224037069476, -0.271438418541, 0.0473680749964, 4.54085626887e-05, 0.00224189800336
0.0021608491326, 0.224028537877, -0.271481377129, 0.0474073916602, 4.53491167825e-05, 0.00222953026459
0.00216005723673, 0.224020214492, -0.271525012121, 0.0474488947826, 4.52602597087e-05, 0.00221539360786
0.00215927012234, 0.224012128702, -0.271569427445, 0.0474929275395, 4.51430785896e-05, 0.00219975329426
0.0021584875197, 0.224004305567, -0.271614711819, 0.047539782798, 4.49993113965e-05, 0.00218291362531
0.00215770906097, 0.223996765168, -0.271660936456, 0.0475896955411, 4.48313377743e-05, 0.00216521187928
0.00215693428854, 0.223989522063, -0.271708153107, 0.0476428364027, 4.46421269478e-05, 0.00214701136876
0.00215616266341, 0.223982584847, -0.27175639252, 0.0476993066135, 4.44351818384e-05, 0.00212869376265
0.00215539357551, 0.223975955846, -0.271805663331, 0.047759134332, 4.42144742048e-05, 0.00211065087252
0.00215462635588, 0.223969630933, -0.27185595143, 0.0478222725753, 4.39843623472e-05, 0.00209327603096
0.00215386029032, 0.223963599501, -0.271907219828, 0.0478885988033, 4.37495078305e-05, 0.0020769552877
0.00215309463561, 0.223957844567, -0.271959409038, 0.0479579161768, 4.35147626932e-05, 0.00206205855548
0.00215232863556, 0.223952343032, -0.272012437966, 0.04802995654, 4.32850704438e-05, 0.0020489309691
0.00215156153694, 0.223947066077, -0.272066205314, 0.0481043850524, 4.30653604242e-05, 0.00203788466443
0.00215079260663, 0.223941979705, -0.272120591455, 0.0481808064014, 4.28604334751e-05, 0.00202919108603
0.0021500211491, 0.223937045393, -0.272175460761, 0.0482587724962, 4.26748494609e-05, 0.00202307407497
0.00214924652279, 0.223932220879, -0.272230664346, 0.0483377915604, 4.25128200805e-05, 0.00201970390525
0.00214846815497, 0.22392746103, -0.27228604314, 0.048417338261, 4.23781098553e-05, 0.00201919240819
0.00214768555595, 0.223922718812, -0.272341431288, 0.0484968649578, 4.22739432651e-05, 0.00202158929928
0.00214689833263, 0.223917946299, -0.272396659724, 0.0485758135049, 4.22029148753e-05, 0.00202687983493
0.00214610619818, 0.223913095742, -0.272451559937, 0.0486536276677, 4.21669267378e-05, 0.00203498389632
0.00214530898124, 0.223908120644, -0.272505967752, 0.0487297656305, 4.21671263241e-05, 0.00204575648568
0.00214450663074, 0.223902976828, -0.272559727124, 0.0488037124957, 4.22038726563e-05, 0.00205898974431
0.00214369922168, 0.223897623486, -0.272612693814, 0.0488749924088, 4.22766995014e-05, 0.00207441635065
0.00214288695301, 0.223892024151, -0.272664738854, 0.0489431799953, 4.23843280719e-05, 0.00209171441788
0.00214207014819, 0.223886147616, -0.272715751768, 0.0490079109758, 4.25246626207e-05, 0.0021105136257
0.00214124924835, 0.223879968732, -0.272765643413, 0.0490688915195, 4.26948330637e-05, 0.00213040262524
0.0021404248048, 0.223873469098, -0.272814348416, 0.0491259062702, 4.28912444059e-05, 0.00215093747595
0.0021395974706, 0.223866637607, -0.27286182711, 0.0491788247221, 4.31096311185e-05, 0.00217165099718
0.00213876798527, 0.223859470841, -0.272908066945, 0.0492276058432, 4.33451555148e-05, 0.00219206283033
0.00213793716164, 0.2238519733, -0.272953083298, 0.0492723007393, 4.35924954441e-05, 0.00221168996476
0.00213710586699, 0.223844157457, -0.272996919689, 0.0493130533331, 4.38459656885e-05, 0.00223005759665
0.00213627500735, 0.223836043636, -0.273039647353, 0.0493500989363, 4.40996209083e-05, 0.0022467099227
0.0021354455045, 0.223827659712, -0.273081364192, 0.0493837607744, 4.43474080567e-05, 0.00226122080934
0.00213461827834, 0.223819040628, -0.273122193094, 0.0494144444121, 4.45832805654e-05, 0.00227320393944
0.00213379422472, 0.223810227754, -0.273162279674, 0.049442630302, 4.48013421352e-05, 0.00228232228887
0.00213297419453, 0.223801268081, -0.273201789434, 0.0494688643799, 4.49959894245e-05, 0.00228829669551
0.0021321589736, 0.223792213275, -0.273240904445, 0.0494937471305, 4.51620379536e-05, 0.00229091325392
0.00213134926538, 0.223783118609, -0.273279819572, 0.049517921105, 4.52948431589e-05, 0.00229002942693
0.00213054567192, 0.223774041785, -0.27331873834, 0.0495420573061, 4.53904199797e-05, 0.00228557863159
0.00212974867793, 0.223765041692, -0.273357868541, 0.0495668406828, 4.54455511965e-05, 0.00227757325686
0.00212895863927, 0.223756177097, -0.273397417621, 0.0495929549314, 4.54578656945e-05, 0.00226610592218
0.00212817577104, 0.223747505327, -0.273437588025, 0.0496210671401, 4.5425913476e-05, 0.00225134896227
0.00212740014172, 0.223739080943, -0.273478572527, 0.0496518124163, 4.53492087398e-05, 0.00223355211753
0.00212663166595, 0.223730954464, -0.273520549716, 0.0496857790028, 4.52282766803e-05, 0.00221303845606
0.00212587010755, 0.223723171147, -0.273563679683, 0.0497234940841, 4.50646378163e-05, 0.00219019850948
0.00212511507766, 0.223715769867, -0.273608100061, 0.0497654107503, 4.48608151249e-05, 0.00216548284807
0.00212436604429, 0.223708782111, -0.273653922478, 0.0498118963244, 4.46202785579e-05, 0.00213939308582
0.00212362233918, 0.22370223113, -0.273701229535, 0.0498632224273, 4.43473981079e-05, 0.00211247162214
0.00212288317117, 0.223696131248, -0.273750072369, 0.0499195569763, 4.40473564525e-05, 0.00208529023012
0.00212214764227, 0.223690487366, -0.273800468884, 0.04998095837, 4.37260447752e-05, 0.00205843776337
0.0021214147646, 0.223685294663, -0.273852402681, 0.0500473720025, 4.33899530673e-05, 0.00203250725989
0.00212068348174, 0.223680538513, -0.273905822758, 0.0501186292949, 4.30460284577e-05, 0.00200808265492
0.00211995269072, 0.223676194619, -0.273960643967, 0.0501944492291, 4.27015301743e-05, 0.00198572549141
0.00211922126676, 0.223672229373, -0.274016748254, 0.050274442462, 4.23638693692e-05, 0.00196596182052
0.00211848808763, 0.223668600421, -0.27407398667, 0.0503581179716, 4.20404468968e-05, 0.00194926968147
0.00211775205769, 0.223665257448, -0.274132182099, 0.0504448920656, 4.1738494693e-05, 0.00193606741448
0.00211701213631, 0.223662143151, -0.274191132701, 0.0505340997425, 4.14648898051e-05, 0.00192670304705
0.0021162673588, 0.223659194388, -0.27425061595, 0.0506250080053, 4.12260142933e-05, 0.00192144510374
0.00211551686155, 0.223656343487, -0.274310393244, 0.0507168310575, 4.10275884904e-05, 0.0019204750002
0.00211475990365, 0.223653519676, -0.274370214952, 0.0508087469313, 4.08745309595e-05, 0.00192388124359
0.002113995884, 0.223650650616, -0.274429825807, 0.0508999152575, 4.07708388416e-05, 0.00193165562635
0.00211322435937, 0.223647663997, -0.274488970552, 0.0509894958335, 4.07194738489e-05, 0.001943691511
0.00211244505686, 0.223644489164, -0.274547399672, 0.0510766675255, 4.07222742475e-05, 0.0019597842759
0.00211165788281, 0.223641058742, -0.274604875129, 0.0511606471072, 4.07798965793e-05, 0.00197963403105
0.00211086292941, 0.223637310215, -0.274661175948, 0.0512407076503, 4.08917719094e-05, 0.00200285045715
0.00211006047515, 0.223633187432, -0.274716103523, 0.0513161959748, 4.10560991522e-05, 0.00202895984517
0.00210925098218, 0.223628641993, -0.274769486537, 0.0513865488061, 4.12698616865e-05, 0.00205741409597
0.00210843509057, 0.223623634496, -0.274821185351, 0.0514513072109, 4.15288665969e-05, 0.00208760160176
0.00210761360584, 0.223618135594, -0.274871095779, 0.0515101289839, 4.18278202534e-05, 0.00211885974663
0.00210678748503, 0.223612126867, -0.274919152135, 0.0515627986366, 4.2160424735e-05, 0.00215048883429
0.0021059578173, 0.22360560144, -0.274965329469, 0.0516092347405, 4.2519502047e-05, 0.00218176708963
0.00210512580338, 0.223598564377, -0.275009644948, 0.0516494944124, 4.28971312466e-05, 0.00221196645975
0.00210429272823, 0.223591032796, -0.275052158294, 0.0516837747427, 4.32848231174e-05, 0.00224036888243
0.00210345993485, 0.223583035729, -0.275092971284, 0.0517124110999, 4.36737004358e-05, 0.0022662826517
0.00210262879674, 0.2235746137, -0.275132226304, 0.0517358723467, 4.40546742104e-05, 0.00228905845436
0.00210180068431, 0.223565818044, -0.275170103937, 0.0517547528772, 4.44186678894e-05, 0.00230810486656
0.00210097693636, 0.223556709964, -0.275206819665, 0.0517697617312, 4.47568039523e-05, 0.00232290274935
0.00210015882787, 0.223547359351, -0.275242619708, 0.0517817088962, 4.50606214519e-05, 0.00233301839077
0.0020993475412, 0.223537843382, -0.275277776095, 0.0517914890651, 4.53222642953e-05, 0.00233811490262
0.00209854413686, 0.22352824493, -0.275312581052, 0.0518000631693, 4.55346753791e-05, 0.0023379617298
0.00209774952654, 0.22351865081, -0.275347340829, 0.0518084380649, 4.56917764762e-05, 0.00233244191579
0.00209696445172, 0.223509149902, -0.275382369085, 0.0518176447892, 4.57886122288e-05, 0.00232155696076
0.00209618946163, 0.223499831197, -0.275417979978, 0.0518287158175, 4.58214964102e-05, 0.00230542912594
0.00209542489815, 0.223490781793, -0.275454481105, 0.0518426618862, 4.57881129633e-05, 0.00228430104551
0.00209467088514, 0.223482084896, -0.275492166451, 0.0518604487981, 4.56875892016e-05, 0.00225853262253
0.00209392731941, 0.223473817877, -0.275531309501, 0.0518829748181, 4.55205564663e-05, 0.00222859525341
0.00209319387025, 0.223466050407, -0.275572156687, 0.0519110491408, 4.52891574319e-05, 0.00219506340268
0.00209246998219, 0.223458842745, -0.275614921296, 0.0519453719141, 4.49970245328e-05, 0.00215860369796
0.00209175488345, 0.223452244189, -0.275659778026, 0.0519865163571, 4.46492304618e-05, 0.00211996174028
0.00209104759932, 0.223446291755, -0.275706858284, 0.0520349133544, 4.42521980886e-05, 0.00207994688336
0.00209034696994, 0.223441009097, -0.275756246369, 0.0520908389574, 4.3813586218e-05, 0.0020394152721
0.00208965167203, 0.223436405713, -0.275807976651, 0.0521544051518, 4.33421432591e-05, 0.00199925151021
0.00208896024813, 0.223432476449, -0.275862031798, 0.0522255540645, 4.28475185036e-05, 0.00196034929338
0.00208827113443, 0.223429201324, -0.275918342149, 0.0523040559667, 4.23400758396e-05, 0.00192359150012
0.0020875826948, 0.22342654569, -0.275976786242, 0.0523895110397, 4.18306679958e-05, 0.00188983009756
0.00208689325687, 0.223424460719, -0.276037192528, 0.052481355045, 4.13304000931e-05, 0.00185986638641
0.00208620114752, 0.223422884217, -0.276099342225, 0.0525788687455, 4.0850390966e-05, 0.00183443195371
0.00208550473214, 0.223421741766, -0.276162973321, 0.0526811910874, 4.04015145509e-05, 0.00181417085792
0.00208480245041, 0.22342094815, -0.276227785603, 0.0527873357489, 3.9994162391e-05, 0.00179962341653
0.00208409285477, 0.223420409063, -0.276293446663, 0.0528962108907, 3.96379850008e-05, 0.00179121200619
0.00208337464283, 0.223420023045, -0.276359598735, 0.0530066416264, 3.93416767043e-05, 0.00178922925548
0.00208264669167, 0.223419683633, -0.276425866253, 0.0531173948622, 3.91127464025e-05, 0.00179382889091
0.00208190808508, 0.223419281646, -0.276491863935, 0.0532272058484, 3.89573353496e-05, 0.00180501957599
0.0020811581382, 0.223418707594, -0.276557205274, 0.053334806048, 3.88800530189e-05, 0.00182266185423
0.00208039641875, 0.223417854137, -0.276621511207, 0.0534389515981, 3.88838299613e-05, 0.00184646837366
0.00207962275983, 0.223416618539, -0.276684418793, 0.0535384517883, 3.89698365225e-05, 0.00187600745905
0.00207883727032, 0.223414905071, -0.276745589701, 0.0536321968825, 3.91374064833e-05, 0.00191070998258
0.00207804033634, 0.223412627308, -0.276804718312, 0.0537191847079, 3.93840284628e-05, 0.00194987947674
0.0020772326193, 0.223409710253, -0.276861539241, 0.0537985452919, 3.97053558969e-05, 0.00199270529565
0.00207641504564, 0.223406092257, -0.276915834113, 0.0538695630603, 4.00952731456e-05, 0.00203827862843
0.00207558879037, 0.223401726666, -0.276967437407, 0.0539316959742, 4.05460029993e-05, 0.00208561099723
0.00207475525778, 0.22339658317, -0.277016241227, 0.0539845911315, 4.10482345198e-05, 0.00213365494475
0.00207391605072, 0.223390648811, -0.277062198876, 0.0540280964399, 4.1591324642e-05, 0.00218132645112
0.00207307294147, 0.223383928617, -0.277105327118, 0.0540622679842, 4.21634919142e-05, 0.00222752859806
0.00207222783314, 0.223376445845, -0.277145707059, 0.0540873728553, 4.27520704184e-05, 0.00227117599305
0.00207138271997, 0.223368241824, -0.277183483599, 0.0541038873111, 4.33437771387e-05, 0.00231121942205
0.00207053964343, 0.223359375375, -0.277218863438, 0.0541124901606, 4.39249995579e-05, 0.00234667016682
0.00206970064823, 0.223349921844, -0.277252111639, 0.0541140514656, 4.44820931235e-05, 0.00237662343785
0.00206886773472, 0.223339971726, -0.277283546837, 0.0541096167584, 4.500169588e-05, 0.00240028038011
0.00206804281383, 0.223329628937, -0.277313535121, 0.0541003869488, 4.5471028853e-05, 0.0024169681266
0.00206722766162, 0.223319008733, -0.277342482736, 0.0540876943595, 4.58782015454e-05, 0.0024261574167
0.00206642387807, 0.223308235348, -0.27737082774, 0.0540729753333, 4.6212489537e-05, 0.00242747730067
0.00206563284502, 0.223297439375, -0.277399030778, 0.0540577399712, 4.64646123676e-05, 0.00242072663876
0.00206485569271, 0.22328675495, -0.277427565163, 0.0540435396073, 4.66269613925e-05, 0.00240588192539
0.00206409326925, 0.223276316808, -0.277456906477, 0.0540319327014, 4.66938050375e-05, 0.00238310131937
0.00206334611578, 0.22326625726, -0.277487521909, 0.0540244499126, 4.66614558662e-05, 0.00235272464359
0.00206261444871, 0.223256703168, -0.277519859582, 0.0540225591245, 4.65283928646e-05, 0.00231526932648
0.00206189814883, 0.223247772983, -0.27755433809, 0.0540276311705, 4.62953356077e-05, 0.00227142221503
0.002061196757, 0.223239573915, -0.277591336493, 0.0540409071004, 4.5965276538e-05, 0.00222202749181
0.00206050947962, 0.223232199291, -0.277631185001, 0.0540634676665, 4.55434453293e-05, 0.00216807072403
0.00205983519867, 0.223225726186, -0.277674156579, 0.0540962058786, 4.50372452715e-05, 0.0021106595023
0.00205917249114, 0.223220213368, -0.27772045967, 0.0541398032216, 4.44561264021e-05, 0.00205100089849
0.00205851965605, 0.223215699604, -0.277770232223, 0.0541947101382, 4.38114049048e-05, 0.00199037625655
0.00205787474769, 0.223212202402, -0.277823537193, 0.0542611313525, 4.31160454466e-05, 0.00193011383509
0.00205723561291, 0.223209717188, -0.277880359645, 0.0543390164518, 4.2384411846e-05, 0.00187155982994
0.00205659993838, 0.223208216976, -0.277940605536, 0.0544280559726, 4.16319530099e-05, 0.00181604844666
0.00205596529731, 0.22320765253, -0.278004102273, 0.0545276832842, 4.08748917596e-05, 0.00176487163598
0.00205532920297, 0.223207953027, -0.278070601033, 0.0546370822652, 4.01298660696e-05, 0.00171924920869
0.00205468916287, 0.223209027232, -0.278139780858, 0.0547552007718, 3.94135688596e-05, 0.00168029996263
0.00205404273586, 0.223210765135, -0.278211254447, 0.0548807696718, 3.87423648387e-05, 0.00164901452408
0.00205338758622, 0.223213040061, -0.278284575548, 0.0550123270918, 3.81319262534e-05, 0.00162623055511
0.00205272153898, 0.223215711191, -0.278359247853, 0.055148247589, 3.75968649121e-05, 0.00161261088991
0.00205204263266, 0.223218626445, -0.27843473515, 0.0552867754482, 3.71503744197e-05, 0.00160862518506
0.002051349166, 0.223221625681, -0.278510472612, 0.05542606163, 3.6803917772e-05, 0.00161453557672
0.00205063974177, 0.223224544143, -0.278585878943, 0.0555642035798, 3.65669304139e-05, 0.00163038668969
0.00204991330444, 0.223227216073, -0.278660369123, 0.0556992869446, 3.64465671014e-05, 0.00165600037619
0.00204916917097, 0.223229478421, -0.278733367509, 0.0558294284271, 3.64474912394e-05, 0.00169097533258
0.00204840705167, 0.223231174566, -0.278804320968, 0.0559528187872, 3.65717324847e-05, 0.00173469175131
0.00204762706524, 0.22323215797, -0.278872711774, 0.0560677649795, 3.68185841211e-05, 0.00178632100447
0.00204682974541, 0.223232295678, -0.27893806996, 0.0561727305663, 3.71845551465e-05, 0.00184484014192
0.00204601603486, 0.223231471572, -0.278999984846, 0.0562663733587, 3.76634065142e-05, 0.00190905111529
0.00204518727304, 0.223229589324, -0.279058115444, 0.0563475794219, 3.82462327018e-05, 0.00197760431441
0.00204434517457, 0.223226574955, -0.279112199529, 0.056415492663, 3.8921599689e-05, 0.00204902590722
0.00204349179638, 0.223222378946, -0.279162061092, 0.0564695391447, 3.96757681202e-05, 0.00212174860394
0.00204262949754, 0.22321697783, -0.279207616014, 0.0565094455574, 4.04929538365e-05, 0.00219414508757
0.00204176089497, 0.223210375248, -0.279248875776, 0.0565352512761, 4.13556304039e-05, 0.00226456341287
0.00204088880559, 0.223202602399, -0.27928594911, 0.0565473136563, 4.22449092158e-05, 0.00233136372799
0.00204001618951, 0.223193717887, -0.279319041464, 0.0565463062038, 4.3140924409e-05, 0.00239295538129
0.00203914608381, 0.223183806947, -0.279348452312, 0.0565332096922, 4.40232725152e-05, 0.00244783370008
0.00203828153664, 0.223172980055, -0.279374570265, 0.0565092960918, 4.48714591057e-05, 0.00249461552302
0.00203742553817, 0.223161370941, -0.279397866103, 0.0564761057114, 4.56653588161e-05, 0.0025320726929
0.00203658095207, 0.223149134047, -0.279418883811, 0.0564354178173, 4.63856803598e-05, 0.00255916276281
0.00203575044693, 0.223136441456, -0.279438229783, 0.0563892152878, 4.70144232649e-05, 0.00257505607474
0.00203493643483, 0.223123479374, -0.279456560418, 0.0563396440129, 4.75352986868e-05, 0.00257915861814
0.00203414100969, 0.223110444217, -0.279474568334, 0.0562889678083, 4.79341404089e-05, 0.00257113000229
0.00203336589462, 0.223097538392, -0.279492967511, 0.0562395198177, 4.81992660207e-05, 0.00255089612958
0.00203261239657, 0.223084965868, -0.279512477638, 0.0561936513667, 4.83217803748e-05, 0.00251865605684
0.00203188136801, 0.223072927607, -0.279533808034, 0.0561536794001, 4.82958392316e-05, 0.00247488290182
0.00203117317986, 0.223061616988, -0.279557641481, 0.0561218337085, 4.81188353614e-05, 0.00242031857424
0.00203048770458, 0.223051215305, -0.279584618337, 0.0561002050175, 4.77915141532e-05, 0.0023559623601
0.00202982430809, 0.223041887441, -0.279615321273, 0.0560906952043, 4.73180321642e-05, 0.00228305349084
0.00202918185642, 0.223033777842, -0.279650261031, 0.0560949708, 4.67059166329e-05, 0.00220304798449
0.0020285587322, 0.223027006853, -0.279689863498, 0.0561144208574, 4.59659587319e-05, 0.00211759011242
0.00202795285917, 0.223021667537, -0.279734458446, 0.0561501202481, 4.51120487272e-05, 0.00202847914678
0.0020273617444, 0.223017823038, -0.279784270202, 0.0562027992839, 4.41608989086e-05, 0.0019376318782
0.00202678252335, 0.223015504568, -0.279839410509, 0.0562728204971, 4.31317413985e-05, 0.00184704182758
0.00202621202001, 0.22301471007, -0.27989987378, 0.0563601632494, 4.20459257041e-05, 0.00175873587436
0.00202564681046, 0.223015403607, -0.279965534904, 0.0564644166705, 4.09264915742e-05, 0.00167472932017
0.00202508329564, 0.2230175155, -0.280036149691, 0.0565847812244, 3.97976801463e-05, 0.00159698032214
0.00202451777968, 0.223020943223, -0.280111358004, 0.0567200790444, 3.86844094758e-05, 0.00152734469382
0.00202394655029, 0.22302555306, -0.280190689562, 0.0568687729752, 3.7611730787e-05, 0.00146753216437
0.00202336596198, 0.223031182497, -0.280273572348, 0.0570289941256, 3.6604265535e-05, 0.00141906500927
0.00202277251822, 0.223037643304, -0.280359343456, 0.0571985773622, 3.56856560491e-05, 0.00138324015985
0.00202216295552, 0.223044725266, -0.28044726222, 0.0573751042359, 3.48779900119e-05, 0.00136109554778
0.00202153431652, 0.223052200465, -0.280536525322, 0.0575559523668, 3.42013107368e-05, 0.0013533817167
0.00202088402744, 0.223059828069, -0.280626283637, 0.0577383504675, 3.36730890932e-05, 0.00136053923672
0.00202020995893, 0.223067359487, -0.28071566044, 0.0579194377871, 3.33078124235e-05, 0.00138268275656
0.00201951048489, 0.223074543809, -0.280803770569, 0.0580963266692, 3.31165807635e-05, 0.00141959200351
0.00201878452821, 0.223081133407, -0.280889740196, 0.0582661670475, 3.31067956161e-05, 0.00147071014103
0.00201803159614, 0.22308688957, -0.280972726703, 0.0584262112837, 3.32819177362e-05, 0.001535149719
0.00201725180241, 0.223091588053, -0.281051938271, 0.0585738780344, 3.36413123682e-05, 0.00161170612927
0.0020164458763, 0.223095024409, -0.281126652701, 0.0587068135746, 3.418018307e-05, 0.001698878501
0.00201561515883, 0.223097018986, -0.281196235048, 0.058822949263, 3.48895953053e-05, 0.00179489764597
0.00201476158562, 0.223097421457, -0.281260153644, 0.0589205536903, 3.5756584351e-05, 0.0018977605686
0.00201388765261, 0.223096114791, -0.281317994105, 0.0589982782635, 3.67643846031e-05, 0.00200527099644
0.00201299637339, 0.223093018545, -0.281369470986, 0.0590551950948, 3.78927139423e-05, 0.00211508494707
0.00201209122008, 0.223088091405, -0.281414436766, 0.059090826165, 3.91181709417e-05, 0.00222476059947
0.0020111760535, 0.223081332892, -0.281452887896, 0.0591051629005, 4.0414700809e-05, 0.00233181131299
0.00201025504514, 0.223072784181, -0.281484967738, 0.0590986756319, 4.17541242333e-05, 0.00243376066928
0.00200933258689, 0.223062528012, -0.281510966256, 0.0590723124236, 4.31067432819e-05, 0.00252819843139
0.00200841319801, 0.223050687646, -0.281531316396, 0.0590274871461, 4.44419703984e-05, 0.0026128360357
0.00200750142342, 0.223037424901, -0.28154658718, 0.0589660568235, 4.57290179213e-05, 0.00268556050331
0.00200660173292, 0.223022937273, -0.281557473597, 0.0588902885648, 4.69375779079e-05, 0.00274448539867
0.00200571841652, 0.223007454205, -0.281564783464, 0.0588028166268, 4.80385313026e-05, 0.00278799775818
0.00200485548639, 0.222991232553, -0.281569421488, 0.0587065903766, 4.90046175527e-05, 0.00281479971902
0.0020040165782, 0.222974551355, -0.281572370822, 0.0586048141138, 4.98111000896e-05, 0.00282394392843
0.0020032048636, 0.222957705985, -0.281574672497, 0.0585008799791, 5.04363652244e-05, 0.00281486172632
0.00200242296811, 0.222941001833, -0.281577403148, 0.0583982953638, 5.08624825252e-05, 0.00278738338803
0.00200167290258, 0.222924747632, -0.281581651486, 0.058300606219, 5.10756713692e-05, 0.00274174977969
0.00200095600657, 0.222909248572, -0.28158849404, 0.0582113180474, 5.10666905692e-05, 0.00267861498179
0.00200027290316, 0.222894799362, -0.281598970687, 0.0581338162313, 5.08311497158e-05, 0.00259903972085
0.00199962347578, 0.222881677393, -0.281614060527, 0.0580712874811, 5.03696735053e-05, 0.00250447545026
0.00199900685401, 0.222870136147, -0.281634658648, 0.0580266442561, 4.96879991906e-05, 0.00239673938222
0.00199842141994, 0.222860399019, -0.281661554309, 0.0580024538015, 4.8796941813e-05, 0.00227798080398
0.00199786483277, 0.222852653697, -0.281695411088, 0.0580008735986, 4.77122351304e-05, 0.0021506392075
0.0019973340657, 0.222847047224, -0.28173674946, 0.0580235947825, 4.64542811639e-05, 0.00201739512892
0.00199682546432, 0.222843681889, -0.281785932239, 0.0580717948754, 4.50477620793e-05, 0.00188111453061
0.00199633481456, 0.222842612035, -0.281843153295, 0.0581461012091, 4.35211840468e-05, 0.00174478802729
0.00199585742926, 0.222843841885, -0.281908429844, 0.0582465659887, 4.19062917169e-05, 0.00161146597153
0.00199538824304, 0.222847324456, -0.281981598552, 0.0583726537801, 4.02374275577e-05, 0.00148419104153
0.00199492192071, 0.2228529616, -0.28206231564, 0.0585232420117, 3.85507991626e-05, 0.0013659296095
0.00199445296982, 0.222860605194, -0.28215006103, 0.0586966346616, 3.68837150489e-05, 0.00125950351084
0.00199397586258, 0.222870059487, -0.282244146574, 0.0588905891791, 3.52737583577e-05, 0.00116752370675
0.00199348515704, 0.222881084553, -0.282343728178, 0.0591023561093, 3.37579622328e-05, 0.0010923274065
0.00199297562269, 0.22289340082, -0.282447821736, 0.05932873109, 3.23719568409e-05, 0.00103592008272
0.0019924423602, 0.222906694565, -0.282555322474, 0.059566117903, 3.11491506208e-05, 0.000999923858468
0.0019918809175, 0.222920624299, -0.282665027436, 0.0598106017635, 3.01199425892e-05, 0.000985533465478
0.00199128739904, 0.222934827896, -0.282775660591, 0.0600580310684, 2.93109721717e-05, 0.000993480975067
0.00199065856276, 0.222948930328, -0.282885900111, 0.0603041062116, 2.87444567987e-05, 0.00102401023923
0.00198999190649, 0.222962551851, -0.2829944072, 0.0605444733696, 2.8437599115e-05, 0.00107686181365
0.00198928573711, 0.222975316451, -0.283099855889, 0.0607748214433, 2.84021094491e-05, 0.00115126893432
0.00198853922772, 0.222986860377, -0.283200963127, 0.0609909798717, 2.86438142373e-05, 0.00124596475499
0.00198775244982, 0.222996840571, -0.283296518502, 0.0611890152465, 2.9162425991e-05, 0.0013592011014
0.00198692639236, 0.223004942798, -0.283385412927, 0.0613653244989, 2.99514099357e-05, 0.00148877829849
0.0019860629567, 0.22301088929, -0.283466665602, 0.0615167224436, 3.09980100567e-05, 0.00163208582348
0.00198516493274, 0.223014445721, -0.283539448638, 0.0616405217152, 3.22834051644e-05, 0.00178615296288
0.00198423595342, 0.223015427344, -0.283603108712, 0.061734602974, 3.37830155844e-05, 0.00194770860538
0.00198328043048, 0.22301370414, -0.283657185243, 0.0617974738184, 3.54669280276e-05, 0.00211324890511
0.00198230346887, 0.223009204827, -0.283701424573, 0.0618283146752, 3.73004780895e-05, 0.00227911159122
0.0019813107678, 0.223001919641, -0.283735789787, 0.061827010484, 3.9244920784e-05, 0.00244155521116
0.00198030850095, 0.222991901776, -0.283760465844, 0.0617941671585, 4.12582385225e-05, 0.00259684180448
0.00197930318754, 0.222979267442, -0.283775859813, 0.0617311121187, 4.32960204057e-05, 0.00274132103839
0.00197830155114, 0.222964194507, -0.283782596122, 0.0616398786321, 4.53124203804e-05, 0.0028715140826
0.00197731037066, 0.222946919716, -0.283781506826, 0.0615231739638, 4.72611733635e-05, 0.00298419522572
0.00197633632771, 0.22292773454, -0.283773616983, 0.0613843316853, 4.90966384214e-05, 0.00307646946053
0.00197538585315, 0.222906979697, -0.283760125435, 0.0612272490363, 5.07748411089e-05, 0.00314584407295
0.00197446497662, 0.222885038472, -0.283742381263, 0.0610563102885, 5.22545086142e-05, 0.00319029264889
0.0019735791808, 0.222862328927, -0.283721856415, 0.0608762977121, 5.34980638095e-05, 0.00320830982043
0.00197273326701, 0.222839295188, -0.283700115011, 0.0606922917649, 5.44725490259e-05, 0.00319895537676
0.00197193123525, 0.222816397962, -0.283678779975, 0.0605095626845, 5.51504484836e-05, 0.00316188648305
0.00197117617583, 0.222794104498, -0.283659497679, 0.0603334556138, 5.5510435912e-05, 0.00309737716045
0.00197047018427, 0.2227728782, -0.283643901359, 0.0601692718296, 5.55379618721e-05, 0.00300632423145
0.00196981429632, 0.222753168118, -0.283633574097, 0.0600221485721, 5.5225706195e-05, 0.00289023933282
0.00196920844311, 0.222735398559, -0.283630012197, 0.0598969402364, 5.45738913773e-05, 0.00275122704251
0.00196865143548, 0.222719959041, -0.283634589799, 0.0597981035897, 5.35903976329e-05, 0.00259194910595
0.0019681409689, 0.222707194841, -0.283648525535, 0.0597295896704, 5.22907388978e-05, 0.00241557553854
0.00196767365662, 0.222697398343, -0.283672852008, 0.0596947448948, 5.06978420805e-05, 0.00222572325196
0.00196724508543, 0.222690801414, -0.283708388882, 0.0596962239223, 4.88416757696e-05, 0.00202638348384
0.00196684989864, 0.222687568979, -0.283755720207, 0.0597359162655, 4.67586900929e-05, 0.00182183930293
0.00196648189812, 0.222687793992, -0.283815176609, 0.0598148887395, 4.44911246262e-05, 0.00161657500641
0.00196613416726, 0.222691493909, -0.283886822819, 0.0599333452573, 4.20861740084e-05, 0.00141517918193
0.00196579921596, 0.222698608805, -0.283970450958, 0.060090605284, 3.95950002339e-05, 0.00122224347006
0.00196546913502, 0.222709001183, -0.28406557979, 0.0602851017061, 3.70716802937e-05, 0.00104225935806
0.00196513576657, 0.222722457531, -0.284171460151, 0.0605143986816, 3.45720418164e-05, 0.00087951512953
0.00196479088235, 0.222738691619, -0.284287086482, 0.0607752293388, 3.21524463091e-05, 0.00073799538926
0.00196442636369, 0.222757349495, -0.284411214383, 0.0610635529473, 2.98685545167e-05, 0.000621285464102
0.00196403438786, 0.2227780161, -0.284542383863, 0.0613746305812, 2.7774050695e-05, 0.000532482859258
0.00196360760655, 0.222800223396, -0.284678947934, 0.0617031180336, 2.5919417512e-05, 0.000474118002294
0.00196313931853, 0.222823459837, -0.284819105952, 0.062043174154, 2.43507468211e-05, 0.000448086171053
0.0019626236324, 0.222847181017, -0.284960941092, 0.0623885824988, 2.31086231307e-05, 0.000455592379036
0.00196205561399, 0.22287082126, -0.285102461183, 0.0627328838391, 2.22271039478e-05, 0.000497110706183
0.00196143141653, 0.222893805921, -0.285241642023, 0.0630695166846, 2.17328247371e-05, 0.000572359259343
0.00196074838669, 0.222915564135, -0.285376472316, 0.0633919629589, 2.16442578674e-05, 0.000680291689824
0.00196000514907, 0.222935541737, -0.285504999175, 0.0636938955052, 2.19711290533e-05, 0.000819105735799
0.00195920166324, 0.222953214055, -0.285625373219, 0.0639693241642, 2.27140136317e-05, 0.000986268899183
0.00195833925255, 0.222968098312, -0.28573589227, 0.0642127372786, 2.3864130673e-05, 0.00117856111341
0.00195742060068, 0.222979765309, -0.285835042545, 0.064419235037, 2.54033565906e-05, 0.00139213368826
0.0019564497214, 0.222987850164, -0.285921536488, 0.0645846518263, 2.7304421049e-05, 0.00162258355895
0.00195543189486, 0.222992061796, -0.285994346224, 0.064705664373, 2.95313370105e-05, 0.00186504147306
0.00195437357334, 0.222992190952, -0.286052731841, 0.0647798831056, 3.20400350437e-05, 0.00211427240647
0.0019532822622, 0.222988116545, -0.286096263766, 0.0648059242889, 3.47791756892e-05, 0.00236478613781
0.00195216636917, 0.222979810144, -0.286124838589, 0.0647834609634, 3.76911763422e-05, 0.00261095581188
0.00195103503258, 0.222967338454, -0.286138687864, 0.0647132510693, 4.07133807104e-05, 0.00284714182607
0.00194989792977, 0.222950863721, -0.286138379544, 0.0645971417429, 4.37793751614e-05, 0.00306781847399
0.0019487650664, 0.222930641982, -0.286124811887, 0.0644380492185, 4.68204286944e-05, 0.00326770052588
0.00194764655616, 0.222907019173, -0.28609919979, 0.0642399141996, 4.97670068986e-05, 0.00344186684432
0.0019465523914, 0.222880425131, -0.28606305373, 0.0640076333828, 5.25503456714e-05, 0.00358587827845
0.0019454922141, 0.222851365595, -0.286018151644, 0.0637469680623, 5.510402977e-05, 0.00369588697984
0.00194447508936, 0.222820412328, -0.285966504217, 0.0634644315341, 5.73655518707e-05, 0.00376873460833
0.00194350928554, 0.222788191559, -0.285910314256, 0.0631671573242, 5.92778257295e-05, 0.00380203693148
0.00194260207455, 0.222755370971, -0.28585193092, 0.0628627508932, 6.07905721299e-05, 0.00379425263676
0.00194175954352, 0.222722645493, -0.285793799764, 0.0625591277954, 6.18616176761e-05, 0.00374473462042
0.00194098643843, 0.222690722195, -0.285738409606, 0.0622643416766, 6.2457980598e-05, 0.00365376204289
0.00194028602953, 0.222660304613, -0.285688237377, 0.0619864057753, 6.25568081089e-05, 0.00352255228603
0.00193966001173, 0.222632076837, -0.285645692141, 0.0617331118265, 6.21460712444e-05, 0.00335325195706
0.00193910843863, 0.222606687728, -0.285613059538, 0.0615118504021, 6.12250330949e-05, 0.00314890685375
0.00193862969208, 0.222584735614, -0.285592447893, 0.0613294367064, 5.98044669718e-05, 0.00291341108978
0.00193822049053, 0.222566753816, -0.285585737256, 0.0611919459065, 5.79066153661e-05, 0.00265143614846
0.00193787593431, 0.222553197357, -0.285594532572, 0.061104561901, 5.5564887981e-05, 0.00236834102623
0.00193758958795, 0.222544431171, -0.2856201221, 0.0610714431054, 5.28233061585e-05, 0.00207006517579
0.00193735359882, 0.222540720102, -0.285663442144, 0.0610956087092, 4.97356988488e-05, 0.00176300626694
0.00193715884843, 0.222542220965, -0.285725049019, 0.0611788483647, 4.63646665584e-05, 0.00145388522769
0.00193699513538, 0.222548976872, -0.285805098978, 0.0613216576489, 4.27803337074e-05, 0.0011496013988
0.00193685138398, 0.222560914011, -0.28590333678, 0.061523201519, 3.90589154336e-05, 0.000857080777606
0.0019367158764, 0.222577840993, -0.286019093268, 0.0617813068661, 3.52811232696e-05, 0.000583120711924
0.00193657650114, 0.222599450821, -0.28615129222, 0.0620924851032, 3.1530456751e-05, 0.000334234451067
0.00193642101708, 0.222625325508, -0.286298466492, 0.0624519847686, 2.78913842247e-05, 0.000116498987224
0.00193623732131, 0.222654943275, -0.286458783286, 0.0628538735884, 2.44474967162e-05, -6.45902149601e-05
0.0019360137216, 0.222687688226, -0.286630078127, 0.0632911487127, 2.12796246141e-05, -0.000204254328393
0.00193573920389, 0.222722862335, -0.286809897002, 0.0637558732479, 1.8463991239e-05, -0.000298552723174
0.00193540368827, 0.22275969951, -0.286995545822, 0.064239336423, 1.60704366074e-05, -0.000344488111687
0.00193499827315, 0.222797381473, -0.287184146297, 0.0647322344228, 1.41607279617e-05, -0.000340092537018
0.0019345154549, 0.222835055123, -0.287372697027, 0.0652248680053, 1.2787032327e-05, -0.000284491817954
0.00193394932331, 0.222871851029, -0.287558138611, 0.0657073530095, 1.19905579784e-05, -0.000177946739718
0.00193329572653, 0.22290690266, -0.287737421327, 0.0661698390962, 1.1800401352e-05, -2.1869451741e-05
0.00193255239945, 0.222939365938, -0.287907573964, 0.0666027320952, 1.2232646852e-05, 0.000181185685467
0.00193171905503, 0.222968438662, -0.288065772218, 0.0669969148669, 1.32897237042e-05, 0.0004275571585
0.00193079743121, 0.222993379401, -0.288209405185, 0.067343961902, 1.49600649058e-05, 0.000712536946989
0.00192979129638, 0.223013525375, -0.288336138333, 0.0676363424556, 1.72180542983e-05, 0.00103045589853
0.00192870640851, 0.223028308948, -0.288443971537, 0.0678676076449, 2.00242982374e-05, 0.00137479242072
0.00192755042689, 0.223037272297, -0.288531290721, 0.0680325568037, 2.33262154452e-05, 0.00173830248811
0.00192633278121, 0.223040079909, -0.288596911853, 0.0681273790946, 2.7058933115e-05, 0.00211316844046
0.00192506449521, 0.22303652858, -0.288640116132, 0.0681497665802, 3.11464903114e-05, 0.00249116362235
0.00192375797136, 0.223026554632, -0.2886606754, 0.0680989957126, 3.5503320426e-05, 0.00286382944818
0.00192242673595, 0.223010238141, -0.288658867029, 0.0679759748261, 4.00359997535e-05, 0.00322266118055
0.00192108515653, 0.222987804004, -0.288635477714, 0.0677832557616, 4.46451998352e-05, 0.0035592983447
0.00191974812899, 0.222959619776, -0.288591795881, 0.0675250088031, 4.92278458798e-05, 0.00386571572275
0.00191843074937, 0.222926190243, -0.288529592662, 0.0672069606875, 5.36793840068e-05, 0.00413441042922
0.00191714797031, 0.2228881488, -0.288451091612, 0.0668362963749, 5.78961595136e-05, 0.0043585810355
0.00191591425673, 0.222846245754, -0.28835892765, 0.0664215260603, 6.17778060073e-05, 0.00453229434403
0.00191474324386, 0.222801333766, -0.288256095929, 0.0659723197931, 6.52296147704e-05, 0.00465063591778
0.00191364740883, 0.222754350686, -0.288145891569, 0.0654993126976, 6.81648169342e-05, 0.00470984067806
0.00191263776328, 0.222706300133, -0.28803184145, 0.0650138846609, 7.05067255085e-05, 0.00470740016338
0.00191172357292, 0.222658230206, -0.287917629446, 0.0645279189741, 7.21906838707e-05, 0.00464214365026
0.00191091211589, 0.222611210761, -0.287807016612, 0.0640535448251, 7.3165760604e-05, 0.00451429077225
0.00191020848123, 0.222566309757, -0.287703758084, 0.0636028692366, 7.3396159313e-05, 0.00432547386019
0.00190961541498, 0.222524569168, -0.287611518437, 0.0631877042312, 7.28622995345e-05, 0.0040787289549
0.00190913321704, 0.222486981006, -0.287533787424, 0.0628192952263, 7.15615534339e-05, 0.00377845511588
0.00190875969567, 0.222454463996, -0.287473797966, 0.0625080568921, 6.95085761439e-05, 0.00343034215493
0.00190849017607, 0.222427841439, -0.287434448302, 0.0622633224252, 6.67352687313e-05, 0.00304126799457
0.00190831756416, 0.222407820792, -0.287418230137, 0.0620931123168, 6.32903490966e-05, 0.00261916726442
0.00190823246865, 0.222394975444, -0.28742716449, 0.0620039279814, 5.92385264146e-05, 0.0021728735159
0.00190822337485, 0.222389729163, -0.287462746904, 0.0620005756467, 5.46593104574e-05, 0.00171193813712
0.00190827686742, 0.222392343596, -0.287525903355, 0.0620860247922, 4.96454776705e-05, 0.00124642953529
