1.56000122704, -1.31999384819, 1.56001965164, -1.79002627382, -1.59000036936, -4.61799165107e-06
1.55985446391, -1.32016835602, 1.56052165196, -1.79046329822, -1.59000413947, -0.000165096981567
1.5597606751, -1.32047846293, 1.56145484971, -1.79130673579, -1.59000640372, -0.00026775596576
1.55971991127, -1.32092395721, 1.56281891424, -1.79255672603, -1.59000740261, -0.00031266503782
1.55953089082, -1.32154954986, 1.5646648715, -1.79421970165, -1.59001141998, -0.000514588373588
1.55939494315, -1.32230973601, 1.56694002474, -1.79628833119, -1.5900138746, -0.000658639012287
1.55931225509, -1.32320393223, 1.56964320445, -1.7987620134, -1.59001506808, -0.000745012907218
1.55928307603, -1.32423142737, 1.57277300305, -1.80164003395, -1.59001523273, -0.000774080460996
1.55910490199, -1.32543676806, 1.57637952401, -1.80492804912, -1.59001818742, -0.000960769459144
1.55898043524, -1.3267736822, 1.580409103, -1.80861851999, -1.59001962086, -0.00108999453326
1.55891007903, -1.32824109946, 1.58485964918, -1.81271039698, -1.5900200585, -0.00116102253788
1.55889430864, -1.3298378267, 1.58972885399, -1.81720253214, -1.59001978093, -0.00117283090169
1.55872938772, -1.33160912517, 1.5949795531, -1.82180114568, -1.590021806, -0.00134157616886
1.55862048003, -1.33350815317, 1.60055759674, -1.82649877473, -1.59002254744, -0.00144378948536
1.55856813789, -1.33553387693, 1.60646057621, -1.83129400988, -1.59002266428, -0.00147823823768
1.55857297872, -1.33768520306, 1.61268595249, -1.83618536968, -1.59002235529, -0.00144330774005
1.55842659432, -1.34000784583, 1.61928304316, -1.84117654355, -1.59002377312, -0.00157292718626
1.55833777096, -1.34245394441, 1.62619706276, -1.84626044458, -1.59002424414, -0.00162970014555
1.55830725419, -1.34502226661, 1.63342513063, -1.85143538531, -1.59002425705, -0.00161171613323
1.55833536288, -1.34771163991, 1.64096438153, -1.85669968334, -1.59002395469, -0.00155405197327
1.55820952851, -1.35056865793, 1.64886381195, -1.86205577596, -1.590024995, -0.00166978174395
1.55819544206, -1.35339315967, 1.65647503649, -1.8670439564, -1.59002496443, -0.00165179315784
1.55829359932, -1.35618679774, 1.66379992938, -1.87166451994, -1.59002429997, -0.001542759607
1.55828761379, -1.35899991367, 1.6708923447, -1.87592105336, -1.59002462305, -0.00155852378364
1.55839531218, -1.36178511853, 1.67770138855, -1.87980994141, -1.59002414212, -0.00143617589047
1.55839701461, -1.36459340712, 1.68428099686, -1.88333425331, -1.5900245805, -0.00144052586935
1.55829118619, -1.36742662204, 1.69063254825, -1.88649352873, -1.59002574114, -0.00157010049498
1.55829962273, -1.37023615649, 1.69670462238, -1.88928485568, -1.59002582429, -0.0015613219999
1.55819872407, -1.37307378757, 1.70255112023, -1.89171046955, -1.59002676374, -0.00167979727843
1.55821292318, -1.37589009737, 1.70812027737, -1.89376793107, -1.59002659027, -0.00166058381093
1.55811604869, -1.37873736982, 1.71346598687, -1.89545894926, -1.59002746914, -0.00176896274856
1.55813511583, -1.38156538378, 1.71853614453, -1.89678155531, -1.59002709754, -0.00174022263798
1.55804141821, -1.38442692591, 1.72338465965, -1.89773696085, -1.59002801989, -0.00183944493247
1.55806434922, -1.38726573051, 1.72804171583, -1.89862296229, -1.59002744259, -0.00180626125325
1.55797276905, -1.39013480023, 1.73256108701, -1.89944040963, -1.5900284295, -0.00190560489442
1.55805168989, -1.392815796, 1.73675183493, -1.90021820315, -1.5900269166, -0.00181997377971
1.55806815355, -1.39536193278, 1.74066934496, -1.90095858933, -1.59002669872, -0.00181368769333
1.55796848044, -1.39794021863, 1.7444521462, -1.90163146932, -1.59002842085, -0.00191013727409
1.55804167174, -1.4003308836, 1.74791077673, -1.90226871436, -1.59002697647, -0.00182128725098
1.557997649, -1.40272369675, 1.75166482067, -1.90331133912, -1.59002786372, -0.0018665171894
1.55812820307, -1.40493486946, 1.75501491157, -1.90402113877, -1.5900257049, -0.00172065863995
1.55819482896, -1.40701281461, 1.75809847813, -1.90469862769, -1.5900253357, -0.00165537252942
1.55819698292, -1.40895790726, 1.7609169478, -1.90534486054, -1.59002628111, -0.00167028922052
1.55826695472, -1.41101668477, 1.76411221651, -1.90636466363, -1.59002579737, -0.0016053939166
1.55827170675, -1.41294966236, 1.76696196388, -1.90705430058, -1.59002664984, -0.00161630814809
1.55845454939, -1.41469493086, 1.76949503867, -1.90771591824, -1.59002411766, -0.0014380853748
1.55857223995, -1.41630818747, 1.77176680993, -1.90834924071, -1.59002337226, -0.00133865798698
1.558514181, -1.41809000027, 1.77446861672, -1.90935453784, -1.59002601043, -0.00142756356913
1.55863527314, -1.41969115388, 1.7767743117, -1.91003390259, -1.5900248423, -0.0013239456608
1.55868996065, -1.42116808397, 1.77873940384, -1.91038645195, -1.59002514364, -0.00129335039703
1.55862382261, -1.42264516569, 1.78100250503, -1.91114897733, -1.59002754372, -0.00139307832764
1.55873819899, -1.42394179087, 1.78287195673, -1.91158784168, -1.59002626467, -0.00130172527198
1.55873144628, -1.42523816199, 1.78503968502, -1.91243735259, -1.59002737043, -0.00133878361322
1.55865734985, -1.42641108656, 1.78686958001, -1.91296202272, -1.59002953106, -0.00143315150062
1.55876499116, -1.4274035159, 1.78831018161, -1.91317333145, -1.59002798611, -0.00133541278419
1.55869349175, -1.4285641651, 1.790179485, -1.91375559206, -1.59003000386, -0.00142634343837
1.55880446305, -1.42954385084, 1.79166578238, -1.91404586344, -1.5900282562, -0.00132337927059
1.55873558107, -1.43069215978, 1.79357504352, -1.91468759673, -1.59003022052, -0.00141091822875
1.55884990745, -1.43165905734, 1.79510720671, -1.91505731578, -1.59002831955, -0.00130287066825
1.55889626015, -1.43249691, 1.79637537131, -1.91536593499, -1.59002810896, -0.00127429681262
1.55876161639, -1.43350416077, 1.7980576234, -1.91599462994, -1.59003145777, -0.00143858468584
1.55881105442, -1.43432967694, 1.79936865741, -1.91636961264, -1.59003063352, -0.00140393996953
1.55879155572, -1.43503147695, 1.80036675762, -1.91649833442, -1.59003134515, -0.00144951846121
1.55884408887, -1.43584475524, 1.80171896283, -1.91693313369, -1.59003045996, -0.00140892652135
1.55882744847, -1.4365341225, 1.80276292312, -1.91713744685, -1.59003115924, -0.00145075910187
1.55899648146, -1.43703775141, 1.80347821701, -1.91724179442, -1.5900279812, -0.00129088353268
1.5589829916, -1.43771181404, 1.8045957021, -1.91762431077, -1.59002906408, -0.00133011453486
1.55890048729, -1.43826174116, 1.80540996074, -1.91779264434, -1.59003125464, -0.00141932651522
1.55886016406, -1.43893057923, 1.8065748448, -1.91823210616, -1.5900319654, -0.00144924302991
1.55895990375, -1.4394270537, 1.80739429184, -1.91846977563, -1.59002964082, -0.00132181412756
1.55893129274, -1.4399671399, 1.80806086419, -1.91853284925, -1.59003057529, -0.00134028684759
1.55896493848, -1.44046544753, 1.80895508055, -1.91889644525, -1.59002998346, -0.00128165003262
1.55892865812, -1.44083964303, 1.80955224929, -1.91906493293, -1.59003099362, -0.00130833528079
1.55888249261, -1.44133784779, 1.81047153642, -1.91945618832, -1.59003190956, -0.00133113283814
1.55892626963, -1.44167507877, 1.81106117022, -1.91966029339, -1.59003071539, -0.00125088708395
1.55885297927, -1.44202322084, 1.8114573949, -1.919642985, -1.59003227396, -0.00130106731454
1.55881208133, -1.44231804926, 1.81199696614, -1.91984173451, -1.59003271557, -0.00130859690077
1.5588075519, -1.44255695756, 1.81228916858, -1.91983668234, -1.59003227997, -0.00127856950026
1.55866035006, -1.44285433409, 1.81278775764, -1.91999303827, -1.59003491828, -0.00140173678242
1.5585813298, -1.44299506575, 1.81297039203, -1.91999343325, -1.59003551036, -0.0014496026541
1.55850627222, -1.44313377028, 1.81328688194, -1.92013876582, -1.59003586643, -0.00148792483966
1.55843788562, -1.44325675305, 1.81370852994, -1.92041206781, -1.59003600396, -0.00151506325953
1.5584145859, -1.44326922655, 1.81384614535, -1.92050777739, -1.59003518191, -0.00149103192883
1.55839924754, -1.4432491691, 1.81405407525, -1.92071164959, -1.59003436667, -0.00147044307357
1.55839218007, -1.44319024521, 1.81430982092, -1.92100373011, -1.59003353906, -0.00145378721043
1.55839338628, -1.44308781898, 1.81459084115, -1.92136448803, -1.5900326921, -0.00144140429547
1.55840255206, -1.44293911557, 1.81487451728, -1.92177235761, -1.59003184395, -0.00143345709588
1.55829951396, -1.44277079924, 1.81516456144, -1.92220254393, -1.59003352022, -0.00154943988378
1.55823706101, -1.44249879088, 1.81517322094, -1.92244450788, -1.59003402962, -0.00161272893378
1.55819177641, -1.44218460547, 1.81514038605, -1.92267972083, -1.59003407985, -0.00164730557226
1.5581647428, -1.44183346698, 1.81505750334, -1.9228922082, -1.59003374101, -0.00165210648845
1.55815631528, -1.44145187045, 1.81491801921, -1.92306645425, -1.59003309441, -0.00162635693625
1.55816568805, -1.44104733052, 1.81471756061, -1.92318781448, -1.59003223584, -0.00159767980863
1.55819182125, -1.44062786497, 1.81445375476, -1.92324270836, -1.5900312473, -0.00156709214636
1.55809199584, -1.44023426527, 1.81415646089, -1.92321652716, -1.59003321865, -0.00167664345238
1.55801719774, -1.43983717558, 1.81381708402, -1.92318512051, -1.59003412174, -0.00174727786167
1.55796921238, -1.43944326224, 1.81344038603, -1.92314856648, -1.59003417288, -0.00177771054776
1.55794884479, -1.43905875766, 1.81303234321, -1.92310716311, -1.59003359656, -0.00176705539116
1.55795583666, -1.43868927106, 1.81259986522, -1.92306137562, -1.59003259803, -0.00171492733521
1.55798834348, -1.43833973477, 1.81215061747, -1.92301185109, -1.59003136697, -0.00165754414269
1.55788222634, -1.43805126745, 1.81172723166, -1.92295680258, -1.5900335375, -0.00175907271659
1.55781006733, -1.43778623283, 1.81129989394, -1.92289971961, -1.59003420581, -0.00180846926991
1.55777319517, -1.43754515445, 1.81087509352, -1.9228414983, -1.59003386517, -0.00180407611476
1.55777167422, -1.4373275822, 1.81045893314, -1.92278306212, -1.59003288426, -0.00174477943641
1.55780346975, -1.43713236567, 1.8100570907, -1.92272535331, -1.59003156329, -0.0016789526677
1.55770785698, -1.43699379403, 1.80970833414, -1.92266681619, -1.59003342228, -0.00176742454225
1.55765301978, -1.43686955296, 1.80937954557, -1.92261069887, -1.59003365194, -0.00178975141885
1.55763941862, -1.43675492854, 1.80907494864, -1.92256695658, -1.59003291849, -0.00174510999988
1.55766509047, -1.43664502641, 1.8087997909, -1.92255193444, -1.59003166754, -0.00169323312709
1.55772754228, -1.43653476597, 1.80855789736, -1.92258053599, -1.59003018064, -0.00163649124375
1.55766003484, -1.43645675005, 1.80838702785, -1.92266400346, -1.5900319392, -0.00174024328051
1.55763447467, -1.4363679993, 1.80822886276, -1.92273609482, -1.59003206343, -0.00177101855421
1.55765012029, -1.43626375781, 1.80807894525, -1.92279319128, -1.59003129943, -0.00173073029726
1.55770379556, -1.43614026216, 1.8079328876, -1.92283246672, -1.59003009138, -0.00168280405997
1.55763456075, -1.43603062336, 1.80782003962, -1.92284952467, -1.59003180731, -0.00178662254362
1.55760882893, -1.43589125884, 1.80772027645, -1.92292371697, -1.59003189969, -0.00181735794055
1.55762561817, -1.43572229494, 1.80760587503, -1.92297028136, -1.59003109034, -0.00177619716582
1.55768167184, -1.43552301816, 1.80747204894, -1.92298731415, -1.59002983633, -0.00172534571059
1.55761818363, -1.43532935702, 1.80734818162, -1.92297180456, -1.5900314664, -0.00182210882099
1.55759896949, -1.43510112493, 1.80722269159, -1.92302951019, -1.59003148365, -0.00184629439102
1.55762269472, -1.43484271164, 1.80706277051, -1.92305081827, -1.59003060754, -0.00179917242766
1.55768584961, -1.4345568245, 1.80686618449, -1.92303514634, -1.59002930761, -0.00174138329637
1.55762805922, -1.4342807833, 1.80668642739, -1.92305786434, -1.59003098263, -0.00183286742206
1.55761402805, -1.43398197563, 1.80646505803, -1.92304050877, -1.59003101664, -0.00185210384789
1.55764258459, -1.43366256951, 1.8062178034, -1.92304171712, -1.59003013735, -0.00180246682238
1.55770995955, -1.43332875929, 1.80592985432, -1.92300167007, -1.59002883929, -0.00174179188086
1.55765154383, -1.43302106792, 1.80564933678, -1.92295998222, -1.59003066396, -0.00183374450074
1.55763642006, -1.43270459721, 1.80533974024, -1.92291148838, -1.59003076635, -0.00185575523762
1.55766331733, -1.43238335439, 1.80500243972, -1.92285077744, -1.59002992629, -0.00181036777219
1.55772871329, -1.43206148421, 1.80464031138, -1.92277444566, -1.59002864723, -0.00175335587901
1.55766355295, -1.43178068667, 1.80429282134, -1.92267851704, -1.59003061239, -0.00185221039213
1.55764178734, -1.43150329122, 1.80392592381, -1.92256519798, -1.5900307777, -0.00188216824013
1.55766239703, -1.4312312111, 1.80354375552, -1.92243567743, -1.59002996275, -0.00184553182466
1.55772213533, -1.43096620853, 1.80315116864, -1.92229233617, -1.5900286843, -0.00179509192037
1.5576493129, -1.43074807145, 1.80278949536, -1.92213614967, -1.59003070855, -0.00190103728517
1.55762103549, -1.43053582587, 1.80242443215, -1.92197333646, -1.59003086788, -0.00193828429962
1.5576364955, -1.4303287598, 1.80205982815, -1.9218082145, -1.59003001922, -0.00190890472914
1.55769263363, -1.43012612295, 1.80169957804, -1.92164536704, -1.59002869672, -0.00186262255588
1.55761771442, -1.42996542971, 1.8013835613, -1.92148712898, -1.59003068458, -0.00196973364279
1.55758892115, -1.42980369789, 1.80107541135, -1.92134011552, -1.59003076528, -0.00200803080312
1.55760541756, -1.42963855673, 1.80077661222, -1.92120831613, -1.59002984019, -0.00197957893501
1.55766408785, -1.42946798715, 1.80048842901, -1.92109527544, -1.59002845788, -0.00193116282307
1.55759545188, -1.42932811113, 1.80024750273, -1.92100177466, -1.59003035391, -0.00203088684338
1.55757382585, -1.42917617827, 1.80001524754, -1.92093225544, -1.5900303414, -0.00206244821462
1.55759807814, -1.42900987616, 1.79979050588, -1.92088827914, -1.59002935586, -0.00202816229868
1.55766482185, -1.42882764892, 1.79957210059, -1.9208707671, -1.59002794651, -0.00197201949132
1.55760798474, -1.42866560595, 1.7993937633, -1.92087792164, -1.59002975494, -0.00205878678902
1.55759750259, -1.42848311796, 1.79921602218, -1.92091154768, -1.59002970245, -0.00207962917138
1.55763185319, -1.42827933917, 1.79903644056, -1.92097089483, -1.59002872201, -0.00203720479014
1.5577073154, -1.4280549857, 1.79884674626, -1.92103159412, -1.59002734832, -0.00197243120788
1.55766095048, -1.42784723014, 1.79867898531, -1.92108790562, -1.59002911773, -0.0020469886417
1.5576587629, -1.427618202, 1.79849408365, -1.92113836458, -1.59002911324, -0.00205904657118
1.55769899412, -1.42736894247, 1.79828978024, -1.92117984377, -1.59002821293, -0.00201142576865
1.55764274217, -1.42713233024, 1.79809413676, -1.9212081107, -1.59002969288, -0.00207738743831
1.55763204506, -1.42687669792, 1.79787892816, -1.92123838394, -1.59002951504, -0.00208086452676
1.55766540302, -1.42660441292, 1.797638946, -1.9212524085, -1.59002848791, -0.00202352990496
1.5577392864, -1.42631749455, 1.79738036526, -1.92127084039, -1.59002709013, -0.00194462185628
1.55768902539, -1.42605567935, 1.79713830991, -1.92128821542, -1.59002888785, -0.00200812083871
1.55768271086, -1.42578240909, 1.79687610785, -1.92130365047, -1.59002891201, -0.00200985299751
1.55771874923, -1.42550000416, 1.7965944927, -1.92131496064, -1.59002802344, -0.0019519055092
1.55779352195, -1.4252110871, 1.79629560472, -1.92132240458, -1.59002672784, -0.00187476489887
1.55774171411, -1.42495519865, 1.79601705886, -1.92132440229, -1.59002861109, -0.00194297302446
1.55773229431, -1.42469498423, 1.79572412157, -1.92132416563, -1.59002873706, -0.00195037772224
1.55776385389, -1.42443187384, 1.79541946556, -1.92132388277, -1.59002793775, -0.00189901138758
1.55783299496, -1.42416743158, 1.79510649244, -1.92132671481, -1.59002670719, -0.0018299718286
1.55777422949, -1.42394004422, 1.79482414217, -1.92133484518, -1.59002861693, -0.00190791885309
1.55775722503, -1.42371198246, 1.79452722297, -1.92131361068, -1.59002880167, -0.00192493070784
1.55778096438, -1.42348218317, 1.79423019803, -1.9213102287, -1.59002805177, -0.00188331716847
1.55784235633, -1.4232508338, 1.79393638572, -1.92132981093, -1.59002684729, -0.00182415969753
1.55777615913, -1.42305673621, 1.79366596874, -1.9213080831, -1.59002872786, -0.00191090530678
1.55775241951, -1.42285809155, 1.7934029673, -1.92132227001, -1.59002889907, -0.00193672650181
1.55777014749, -1.42265602129, 1.79312694031, -1.92129444755, -1.59002814436, -0.00190227065606
1.55782658786, -1.42244763712, 1.7928628208, -1.92131416303, -1.59002692281, -0.00184925055536
1.55775718189, -1.42227166416, 1.79262140544, -1.92128732431, -1.59002872731, -0.00193999664273
1.55773146529, -1.42208529594, 1.79239284681, -1.92131783431, -1.59002883866, -0.00196895153113
1.55774843644, -1.42189010198, 1.79214804273, -1.92129991714, -1.59002803527, -0.00193645549414
1.55780536114, -1.42168255256, 1.79191735328, -1.92134698933, -1.59002677219, -0.00188396944861
1.55773847286, -1.42150198752, 1.79170354809, -1.92133923395, -1.59002849422, -0.00197267831167
1.55771604635, -1.42130881518, 1.79146893193, -1.921279409, -1.59002855381, -0.00199768183285
1.55773728112, -1.42109928193, 1.79124574847, -1.92129074098, -1.59002769674, -0.00196226873891
1.55779887809, -1.4208766813, 1.79099956001, -1.92124808301, -1.59002641355, -0.00190434376814
1.55773815009, -1.42067477081, 1.79079806409, -1.92127302368, -1.59002808444, -0.0019872854684
1.55772196896, -1.42045834293, 1.79056943864, -1.92124105781, -1.59002810993, -0.00200694587181
1.55774928547, -1.42022459958, 1.79034620237, -1.92127542047, -1.59002723716, -0.00196689100173
1.55781659798, -1.41997779973, 1.79009391585, -1.92124940426, -1.59002595626, -0.00190401428887
1.55776164063, -1.41975247121, 1.7898807802, -1.92128472258, -1.59002762804, -0.00198127710519
1.55775042415, -1.41951441963, 1.78963562309, -1.92125623271, -1.59002767146, -0.00199671284816
1.55778173309, -1.41926160763, 1.78939181418, -1.92128737648, -1.59002682799, -0.00195406015358
1.55785198256, -1.41899889539, 1.78911582781, -1.92125177712, -1.59002558128, -0.00188884446462
1.55779906398, -1.41876124418, 1.78887679958, -1.92127150884, -1.59002728301, -0.00196387377885
1.55778870387, -1.41851482382, 1.78860472337, -1.92122252896, -1.59002737777, -0.00197902347607
1.55781969216, -1.41825778248, 1.78833386172, -1.92122860366, -1.59002658682, -0.00193801348584
1.55788853789, -1.4179949319, 1.78803187669, -1.92116514183, -1.59002538403, -0.00187463072875
1.55783311623, -1.41776112318, 1.78776864654, -1.92115445643, -1.59002712316, -0.00195170436618
1.55781938445, -1.41752216581, 1.78747520226, -1.92107469201, -1.59002727027, -0.00197062590569
1.55784628764, -1.41727582271, 1.78718615904, -1.92104951694, -1.59002652396, -0.00193492867494
1.5579105561, -1.41702629809, 1.78687019855, -1.9209573327, -1.59002534992, -0.00187639683121
1.55784999692, -1.41680794378, 1.78659709861, -1.92091943948, -1.59002711154, -0.00195792746337
1.55783118482, -1.41658278085, 1.78633103862, -1.9209370221, -1.59002726774, -0.00198380898303
1.55785291918, -1.41635413623, 1.78603910921, -1.92088492837, -1.59002654205, -0.00195431706479
1.55791280404, -1.41611911646, 1.78575814592, -1.9208947926, -1.59002535429, -0.00188275315312
1.55784796541, -1.41591791652, 1.78548849838, -1.92083246614, -1.59002710352, -0.0019499246001
1.55782550161, -1.41570844597, 1.78523145331, -1.92083829643, -1.59002724334, -0.00196115172604
1.55784433551, -1.41549384018, 1.78494958189, -1.92077254867, -1.59002649863, -0.00191568950385
1.55790182584, -1.41527051573, 1.78468287198, -1.92078040156, -1.59002529461, -0.00184951710007
1.55783552939, -1.4150785336, 1.78442738876, -1.92071438399, -1.59002700524, -0.0019226781066
1.55781254036, -1.41487530736, 1.78418696642, -1.92072646353, -1.59002710386, -0.00193728918766
1.55783175277, -1.41466412837, 1.78392032077, -1.92066478547, -1.59002632138, -0.00189265712914
1.55789043503, -1.41444118127, 1.78366967099, -1.92068456338, -1.59002508661, -0.00182792850878
1.5578264214, -1.41424678214, 1.78342763328, -1.92062747981, -1.59002675422, -0.0019025760296
1.55780634838, -1.41403843979, 1.78320008231, -1.92065407172, -1.59002681112, -0.0019167925619
1.55782896524, -1.41381995441, 1.78294285623, -1.92060285649, -1.59002599834, -0.00187005795754
1.55789136118, -1.41358771897, 1.78270005049, -1.92063647795, -1.59002474615, -0.00180393313453
1.55783178273, -1.41338251824, 1.78246185829, -1.92058832298, -1.5900263867, -0.00187724818301
1.55781612456, -1.41316232722, 1.78223605586, -1.92062532022, -1.59002642688, -0.001889277477
1.5578429631, -1.41293158453, 1.78197669927, -1.9205789405, -1.59002561101, -0.00183970657899
1.55790921385, -1.41268705464, 1.78172964965, -1.9206174454, -1.59002436637, -0.00177176758876
1.55785360712, -1.41246996037, 1.78148371366, -1.92056849174, -1.59002600262, -0.00184362963101
1.55784128212, -1.41223876495, 1.78124847781, -1.92060387133, -1.5900260578, -0.00185429841644
1.55787071154, -1.41199838366, 1.78097714482, -1.92055048659, -1.59002526691, -0.00180359986784
1.55793872938, -1.41174582098, 1.78071717538, -1.9205808762, -1.59002405053, -0.00173569105731
1.55788453675, -1.41152248771, 1.78045677743, -1.92051928806, -1.59002569995, -0.00180813804357
1.55787273703, -1.41128707931, 1.78020705003, -1.92054113108, -1.59002579075, -0.00182002703845
1.55790181946, -1.41104464058, 1.77992091032, -1.92047083963, -1.59002503871, -0.00177120666227
1.55796866016, -1.41079213125, 1.77964701852, -1.92048399752, -1.59002385666, -0.00170604932105
1.55791283879, -1.41057083016, 1.77937340326, -1.92040327818, -1.59002552454, -0.0017816488952
1.55789873778, -1.41033933335, 1.77911210642, -1.92040643298, -1.59002565118, -0.00179736971376
1.55792496497, -1.410102477, 1.77881596083, -1.92031698015, -1.59002493173, -0.00175298227815
1.55798852633, -1.40985693754, 1.7785342081, -1.92031220044, -1.59002377336, -0.0016924609823
1.55792924296, -1.40964364258, 1.77825481455, -1.92021446721, -1.59002545214, -0.0017725994071
1.55791152616, -1.4094208876, 1.77799004922, -1.92020245388, -1.59002559621, -0.00179324850914
1.55793413381, -1.4091931341, 1.77769265757, -1.92009979704, -1.59002488745, -0.00175406874173
1.55799421298, -1.4089567233, 1.77741179092, -1.92008400258, -1.59002373156, -0.00169816198997
1.55793169822, -1.40875220475, 1.77713535702, -1.91997798686, -1.59002540652, -0.00178218217786
1.55791110813, -1.40853760407, 1.77687520709, -1.91995986929, -1.59002554218, -0.00180678648668
1.55793130312, -1.40831706125, 1.77658401127, -1.91985412354, -1.5900248191, -0.00177157101448
1.55798951063, -1.40808673193, 1.7763103012, -1.91983704785, -1.59002364578, -0.00171843333498
1.55792571302, -1.40788692562, 1.77604200795, -1.91973275778, -1.59002530452, -0.00180398461636
1.55790443107, -1.40767562119, 1.77579016346, -1.91971748773, -1.59002541322, -0.00183012090591
1.55792453576, -1.40745683288, 1.77550754194, -1.91961720037, -1.59002466158, -0.00179646314021
1.5579832445, -1.40722678267, 1.77524177975, -1.91960579772, -1.59002346305, -0.00174348329959
1.55792061281, -1.40702572837, 1.77498108244, -1.91950928359, -1.59002510293, -0.00182775402512
1.55790094744, -1.40681188149, 1.77473554484, -1.91950099681, -1.59002518293, -0.00185287402407
1.55792304785, -1.40658932862, 1.77445840593, -1.91940913617, -1.59002440585, -0.00181856826011
1.55798405434, -1.40635457075, 1.7741963631, -1.91940438516, -1.59002318919, -0.00176372527512
1.55792420056, -1.40614792766, 1.77393827636, -1.91931544394, -1.59002481782, -0.0018448004473
1.55790736367, -1.4059280339, 1.7736933725, -1.91931211872, -1.59002488297, -0.00186747606386
1.55793224184, -1.40569913108, 1.77341578861, -1.91922569187, -1.59002409675, -0.00183160847536
1.55799588849, -1.40545807211, 1.77315134745, -1.91922315462, -1.59002287786, -0.00177437110166
1.55793885286, -1.4052452137, 1.77288994572, -1.91913676001, -1.59002450739, -0.00185198565054
1.55792446116, -1.40501963899, 1.77264003594, -1.91913243689, -1.59002457754, -0.00187243012423
1.5579513426, -1.4047856768, 1.772357007, -1.91904537187, -1.59002380116, -0.00183565863707
1.55801651055, -1.40454045417, 1.7720858363, -1.91903860985, -1.59002259507, -0.00177701045985
1.55796093803, -1.40432422542, 1.77181771473, -1.91894870083, -1.59002423541, -0.00185237985517
1.55794740997, -1.4040964048, 1.77156030676, -1.91893749026, -1.59002432541, -0.00187206525361
1.55797455671, -1.40386124394, 1.77127042215, -1.91884469722, -1.59002357052, -0.00183604827193
1.55803942456, -1.40361598629, 1.770992105, -1.9188292296, -1.59002238411, -0.00177773530717
1.55798344158, -1.4034006174, 1.77071791737, -1.91873242095, -1.59002403871, -0.00185266928264
1.55796896545, -1.40317471355, 1.77045457738, -1.9187118301, -1.59002415166, -0.00187335763642
1.5579946947, -1.40294228773, 1.77016029378, -1.91861204254, -1.59002341781, -0.00183974328521
1.55805777985, -1.4027005611, 1.76987798186, -1.91858759969, -1.5900222472, -0.00178238948779
1.55800003342, -1.40248915268, 1.76960151158, -1.91848480439, -1.59002391232, -0.00185746018349
1.55798353873, -1.40226768059, 1.76933641236, -1.91845667247, -1.5900240395, -0.00187941610296
1.55800709279, -1.40203984473, 1.76904216271, -1.91835271274, -1.59002331563, -0.00184810325369
1.55806817295, -1.40180275574, 1.76876028778, -1.9183228061, -1.59002214554, -0.00177747133078
1.55800867692, -1.4015943095, 1.76850277967, -1.91828021668, -1.59002380539, -0.00184032548702
1.55799051802, -1.40137556377, 1.76825687967, -1.91831112029, -1.59002392629, -0.00185018695656
1.5580125774, -1.40115010724, 1.76798122316, -1.91826253288, -1.59002320024, -0.00180621977691
1.55807211921, -1.40091484686, 1.76771919136, -1.91829148234, -1.5900220345, -0.00174054385725
1.55801139788, -1.40070915375, 1.76746255225, -1.91823774964, -1.59002368269, -0.00180834447625
1.55799233478, -1.40049228869, 1.76721950319, -1.91826505668, -1.5900237944, -0.00182157471323
1.55801382775, -1.4002680673, 1.7669451384, -1.9182079979, -1.59002306087, -0.00177936324497
1.55807311572, -1.40003315888, 1.76668581171, -1.91823493024, -1.59002188808, -0.00171621877448
1.55801254083, -1.39982715576, 1.76643017374, -1.9181746558, -1.5900235139, -0.00178695390634
1.5579939337, -1.39960918872, 1.76618902669, -1.91820076093, -1.5900236098, -0.00180191750628
1.55801615978, -1.39938334477, 1.76591475255, -1.91813817321, -1.59002286498, -0.00176026502939
1.55807639466, -1.3991462179, 1.76565602899, -1.91816385558, -1.59002168454, -0.00169815150846
1.5580170804, -1.39893763494, 1.76539920117, -1.91809829123, -1.59002329255, -0.00177006736273
1.55799985534, -1.39871674212, 1.76515711393, -1.91812242181, -1.59002337757, -0.00178552306755
1.5580235271, -1.3984878914, 1.76488023862, -1.91805407509, -1.59002262741, -0.00174373537923
1.55808519772, -1.39824768774, 1.76461904424, -1.91807650003, -1.59002144568, -0.00168183509043
1.55802748771, -1.39803612998, 1.76435831398, -1.91800432799, -1.59002304356, -0.0017539720221
1.55801174049, -1.39781244783, 1.76411245353, -1.91802370429, -1.59002312761, -0.00176948641898
1.55803671456, -1.39758118047, 1.76383072946, -1.91794770567, -1.59002238156, -0.00172765398479
1.55809946042, -1.39733894812, 1.76356490575, -1.91796385836, -1.59002120635, -0.0016659949751
1.55804288144, -1.3971257973, 1.7632988218, -1.91788315375, -1.59002280106, -0.00173827016829
1.55802796062, -1.39690103874, 1.76304796823, -1.91789505535, -1.590022893, -0.00175416777159
1.55805344154, -1.39666927582, 1.76276096491, -1.91780994215, -1.59002215823, -0.00171299291186
1.55811636462, -1.39642710175, 1.76249036799, -1.917817839, -1.59002099431, -0.00165217257439
1.5580599969, -1.39621447425, 1.76221954219, -1.91772797632, -1.5900225897, -0.00172504655227
1.5580449491, -1.39599075129, 1.76196456954, -1.91773145539, -1.59002269312, -0.00174200241869
1.55806998939, -1.39576048268, 1.76167382648, -1.91763765098, -1.59002197113, -0.00170233945812
1.55813218762, -1.39552019695, 1.76140016232, -1.91763750162, -1.59002081811, -0.00164302380424
1.55807519766, -1.39530966808, 1.76112680707, -1.91753998209, -1.59002241443, -0.00171699037419
1.55805929204, -1.39508828093, 1.76086995258, -1.91753634634, -1.59002252679, -0.00173553483442
1.55808328837, -1.39486046265, 1.76057801756, -1.91743628803, -1.59002181339, -0.00169793033809
1.55814430628, -1.39462268135, 1.7603036962, -1.91743028109, -1.59002066656, -0.00164042154958
1.55808634735, -1.39441450181, 1.76003034323, -1.91732819777, -1.5900222617, -0.00171560577525
1.55806940195, -1.39419535414, 1.75977384668, -1.91732018445, -1.59002237666, -0.00173580734635
1.55809233786, -1.39396953629, 1.75948289242, -1.91721725713, -1.59002166477, -0.00170027776115
1.5581523204, -1.39373350783, 1.75920967181, -1.91720829, -1.59002051793, -0.00164435615222
1.55809362195, -1.3935266587, 1.75893789267, -1.91710492873, -1.59002210964, -0.00172039681194
1.55807600102, -1.39330851764, 1.75868283803, -1.91709520981, -1.5900222209, -0.00174184939902
1.55809835607, -1.39308329037, 1.75839367211, -1.91699224578, -1.59002150448, -0.0017079686941
1.55815787718, -1.39284750378, 1.75812185684, -1.91698243973, -1.59002035321, -0.00165303734448
1.55809903211, -1.39264042977, 1.7578516777, -1.91687990656, -1.59002194096, -0.00172925223826
1.55808137193, -1.39242175915, 1.75759763095, -1.91686982856, -1.59002204554, -0.00175131270322
1.55810379941, -1.39219564906, 1.75730957509, -1.91676805446, -1.59002132237, -0.00171850817415
1.55816353473, -1.39195875183, 1.75703810992, -1.91675788142, -1.59002016531, -0.00166198064618
1.55810517014, -1.39175026565, 1.75676832532, -1.91665649739, -1.5900217505, -0.00173589723042
1.55808804541, -1.39153008827, 1.75651383365, -1.91664569335, -1.59002184951, -0.00175615432401
1.55811104959, -1.39130234554, 1.75622539872, -1.91654462955, -1.59002112138, -0.00172203122432
1.55817135629, -1.39106385782, 1.7559526962, -1.91653303744, -1.59001996201, -0.00166570900461
1.558113752, -1.39085372952, 1.755681803, -1.9164317309, -1.59002154818, -0.00173920826182
1.55809733823, -1.39063207759, 1.75542537973, -1.91641869172, -1.59002164609, -0.00175952795197
1.55812098527, -1.39040297627, 1.75513528062, -1.91631693656, -1.59002091733, -0.00172603127248
1.55818190044, -1.39016338492, 1.75486015863, -1.91630223034, -1.59001975781, -0.00166655582736
1.55812503091, -1.38995228612, 1.75458725117, -1.91619955211, -1.59002134667, -0.00173644877483
1.5581092042, -1.38973000086, 1.75432817956, -1.91618268446, -1.59002144723, -0.00175373386943
1.55813328416, -1.38950050401, 1.75403603057, -1.91607901605, -1.59002072123, -0.00171773065992
1.5581944215, -1.38926088446, 1.75375834024, -1.91605995486, -1.59001956585, -0.00165899121238
1.55813788501, -1.38904991816, 1.75348359369, -1.9159551311, -1.5900211593, -0.00172923841164
1.55812220258, -1.38882810537, 1.75322224448, -1.91593370987, -1.59002126516, -0.00174724873723
1.55814624644, -1.38859927274, 1.75292871262, -1.91582792091, -1.59002054349, -0.00171242526279
1.55820717881, -1.38836059782, 1.75264925256, -1.91580437574, -1.59001939159, -0.00165456441585
1.55815058259, -1.38815061413, 1.752373686, -1.91569779646, -1.59002098821, -0.00172512827307
1.55813466991, -1.3879299888, 1.75211114516, -1.91567228659, -1.59002109825, -0.0017439413761
1.55815833514, -1.38770237149, 1.75181745453, -1.91556531448, -1.59002037931, -0.00171046611306
1.55821884869, -1.38746500239, 1.75153740948, -1.91553824732, -1.59001922722, -0.00164795222196
1.55816202769, -1.38725617879, 1.75126225118, -1.91543125957, -1.59002082433, -0.00171361188459
1.55814578395, -1.38703673925, 1.75099964315, -1.91540297551, -1.59002093514, -0.00172782414487
1.55816904161, -1.38680991848, 1.75071000957, -1.9153078716, -1.59002021446, -0.00169005837069
1.55822899863, -1.38657331716, 1.75043346651, -1.9152902455, -1.59001906257, -0.0016293099097
1.55817185434, -1.38636500414, 1.75016232416, -1.91519460051, -1.59002065878, -0.00169671732044
1.55815525488, -1.38614596174, 1.74990328424, -1.91517599425, -1.59002076763, -0.00171239639577
1.5581781443, -1.38591957184, 1.74961432282, -1.91508015564, -1.59002004601, -0.00167572742935
1.55823772451, -1.38568325323, 1.74933811699, -1.915060817, -1.59001889281, -0.00161619352164
1.55818044918, -1.38547493924, 1.74906762021, -1.91496512229, -1.5900204859, -0.00168468860572
1.55816372164, -1.38525576299, 1.74880876398, -1.91494523394, -1.59002059166, -0.00170129624677
1.55818649573, -1.38502904158, 1.74852027702, -1.91484975445, -1.59001986668, -0.00166546319824
1.55824596968, -1.38479229695, 1.7482439887, -1.91482931363, -1.59001871093, -0.00160678405352
1.55818881331, -1.3845833469, 1.74797366463, -1.91473419495, -1.59002030207, -0.00167596043053
1.5581722032, -1.38436349757, 1.74771436632, -1.91471322583, -1.59002040504, -0.00169321498655
1.55819509347, -1.38413600936, 1.747425714, -1.91461828865, -1.59001967742, -0.00165806857789
1.55825467342, -1.38389852358, 1.74714862533, -1.91459658495, -1.59001852041, -0.00160003410465
1.55819781106, -1.38368862688, 1.74687939402, -1.91450770051, -1.59002011158, -0.00166972144123
1.55818145909, -1.38346792068, 1.74662056859, -1.91449105901, -1.59002021354, -0.00168759992177
1.55820456761, -1.38323961528, 1.74633255887, -1.91440138089, -1.59001948591, -0.00165325870029
1.55826431784, -1.38300144269, 1.74605565318, -1.91438342019, -1.5900183305, -0.00159592357048
1.55820778498, -1.38279101048, 1.74578511326, -1.91429303827, -1.5900199232, -0.00166592197771
1.55819168438, -1.3825699288, 1.7455246878, -1.91427377639, -1.59002002708, -0.00168439587013
1.55821496381, -1.38234135793, 1.74523536378, -1.91418240971, -1.59001930203, -0.00165098735614
1.55827486314, -1.38210308028, 1.744956875, -1.91416157631, -1.59001814873, -0.00159027062355
1.55821861717, -1.38189166662, 1.74469778085, -1.91411567537, -1.5900197397, -0.0016574063581
1.55820269831, -1.38166977799, 1.74444857918, -1.9141396774, -1.59001984386, -0.00167329870121
1.55822606107, -1.3814406066, 1.74416942403, -1.91408732085, -1.59001912505, -0.00163741863498
1.55828587811, -1.38120182428, 1.74390187407, -1.91410776759, -1.59001798183, -0.00157878198517
1.55822971602, -1.3809910047, 1.74363914692, -1.91404967736, -1.59001956708, -0.00164717056873
1.5582137741, -1.38076969644, 1.74338794841, -1.91406694293, -1.59001967558, -0.00166439168413
1.55823701806, -1.38054125342, 1.74310567125, -1.91400330118, -1.59001896479, -0.00162982557805
1.55829662234, -1.38030315842, 1.74283645572, -1.9140173092, -1.59001782874, -0.0015725231115
1.55824043251, -1.38009305081, 1.74257106323, -1.91394891687, -1.59001940334, -0.00164181258438
1.55822436812, -1.3798723897, 1.74231846612, -1.91396012904, -1.59001951369, -0.00166018827539
1.55824740965, -1.37964464047, 1.74203395366, -1.91388713555, -1.59001880782, -0.00162695250245
1.55830681761, -1.37940713307, 1.74176355125, -1.91389544445, -1.59001767433, -0.00156548499625
1.55825063387, -1.37919754955, 1.74149621986, -1.9138186591, -1.59001923771, -0.00163038263464
1.55823450484, -1.37897731517, 1.74124255229, -1.91382455887, -1.59001934721, -0.00164455142637
1.55825742846, -1.3787499702, 1.74095634969, -1.91374404316, -1.59001864292, -0.00160704420796
1.55831658339, -1.37851278676, 1.74068495149, -1.91374735726, -1.59001751219, -0.00154711440525
1.55826035336, -1.37830342475, 1.74041607803, -1.9136638944, -1.59001906656, -0.00161349866779
1.55824413297, -1.37808332543, 1.74016136586, -1.91366509777, -1.59001917443, -0.00162887456267
1.55826693141, -1.37785607557, 1.73987369551, -1.91357861209, -1.5900184699, -0.00159230021835
1.55832592142, -1.37761892268, 1.73960117175, -1.91357743703, -1.59001733878, -0.00153342786738
1.55826972752, -1.37740949839, 1.73933083062, -1.91348866732, -1.59001888476, -0.00160068912588
1.55825350349, -1.37718930169, 1.7390748616, -1.91348558497, -1.59001898991, -0.0016168268341
1.55827626636, -1.37696193747, 1.73878571927, -1.91339433607, -1.59001828398, -0.00158091027386
1.55833518362, -1.37672466549, 1.73851182993, -1.9133890123, -1.59001715189, -0.00152272379534
1.55827910387, -1.37651506324, 1.73823999752, -1.91329600259, -1.59001869171, -0.00159045563135
1.55826294859, -1.37629471493, 1.73798256481, -1.91328894003, -1.5900187947, -0.00160706964903
1.55828574, -1.37606721433, 1.73769195877, -1.91319388887, -1.59001808782, -0.00157165359665
1.55834464073, -1.37582985541, 1.7374165755, -1.91318472439, -1.59001695561, -0.00151397486905
1.55828871923, -1.37562013339, 1.73714333209, -1.91308836388, -1.59001849219, -0.00158200921514
1.55827266467, -1.3753997333, 1.73688441816, -1.91307766306, -1.59001859458, -0.00159902507438
1.5582955034, -1.37517221063, 1.73659252348, -1.9129796557, -1.59001788816, -0.00156413706435
1.55835439471, -1.37493490393, 1.73631575053, -1.91296704505, -1.59001675749, -0.00150699124628
1.55829863559, -1.37472519963, 1.73604136592, -1.91286815312, -1.59001829366, -0.0015753509638
1.558282673, -1.3745048933, 1.73578118546, -1.9128542628, -1.59001839732, -0.00159287713177
1.55830553774, -1.37427748134, 1.73548835325, -1.91275409475, -1.59001769303, -0.00155871994764
1.55836438905, -1.37404035204, 1.73521049036, -1.91273852485, -1.59001656553, -0.00150226980858
1.55830876829, -1.37383076327, 1.73493536154, -1.91263786127, -1.59001810343, -0.00157105793087
1.5582928642, -1.37361063049, 1.73467425582, -1.912621275, -1.59001820985, -0.00158929255019
1.55831571303, -1.37338337925, 1.7343808938, -1.9125196486, -1.59001750889, -0.0015561671368
1.55837453258, -1.3731464411, 1.73410226876, -1.91250157281, -1.59001638443, -0.00149683573808
1.55831906504, -1.37293694798, 1.73382675649, -1.91239974915, -1.59001792458, -0.00156264126726
1.55830323187, -1.37271694565, 1.7335650053, -1.91238084115, -1.59001803404, -0.00157814418881
1.55832607762, -1.37248978438, 1.73327140555, -1.91227825572, -1.59001733638, -0.00154245463565
1.55838476294, -1.37225297532, 1.73299224271, -1.912257941, -1.59001621684, -0.00148470867056
1.55832935153, -1.37204349574, 1.7327165705, -1.9121553369, -1.59001776027, -0.00155201143139
1.55831349794, -1.37182353329, 1.73245429184, -1.91213422835, -1.59001787306, -0.00156899842489
1.55833625309, -1.37159636271, 1.73216057125, -1.91203092601, -1.59001717818, -0.00153487132796
1.55839478116, -1.37135957378, 1.73188086345, -1.91200833329, -1.59001606122, -0.00147858225363
1.55833940557, -1.37115000173, 1.73160503314, -1.91190505759, -1.5900176062, -0.00154695141074
1.55832351363, -1.37092998922, 1.73134211981, -1.91188156729, -1.59001772071, -0.00156520767063
1.55834616286, -1.37070273212, 1.73104819899, -1.91177755813, -1.59001702674, -0.00153263514481
1.55840461952, -1.37046588924, 1.73076774108, -1.91175238815, -1.59001590828, -0.00147112311017
1.55834933668, -1.37025568242, 1.73049896562, -1.91167511612, -1.59001745077, -0.00153451018041
1.55833347156, -1.37003510742, 1.73024253693, -1.91167561812, -1.59001756323, -0.00154792678785
1.55835609362, -1.36980732874, 1.72995474236, -1.91159441741, -1.59001686931, -0.00151045930686
1.55841436868, -1.36957003423, 1.72968038559, -1.91159194385, -1.59001575365, -0.0014510340363
1.55835909506, -1.36935989029, 1.72940952442, -1.91150785234, -1.5900172907, -0.0015161075248
1.55834318586, -1.36913940359, 1.72915144777, -1.91150314948, -1.59001740204, -0.00153086762801
1.55836572046, -1.36891177181, 1.72886167146, -1.91141559658, -1.59001670775, -0.00149442419895
1.55842385717, -1.36867466313, 1.72858566412, -1.9114079574, -1.59001559107, -0.00143612631932
1.55836861538, -1.36846470093, 1.72831294662, -1.91131807889, -1.59001711967, -0.0015021436197
1.55835268826, -1.36824444214, 1.72805324806, -1.91130838372, -1.59001722804, -0.00151770078746
1.55837516365, -1.36801707883, 1.72776179762, -1.91121563246, -1.59001653161, -0.00148192826173
1.55843319662, -1.36778028385, 1.72748426412, -1.91120324048, -1.59001541269, -0.00142429177601
1.55837802466, -1.36757060268, 1.72721007246, -1.911108853, -1.59001693416, -0.00149073500677
1.55836211859, -1.36735066573, 1.72694896981, -1.91109478326, -1.59001703943, -0.00150669190562
1.55838457282, -1.36712362884, 1.72665628842, -1.91099821655, -1.59001634073, -0.0014713144778
1.55844254038, -1.36688718983, 1.72637752254, -1.91098187363, -1.59001522006, -0.00141407164047
1.55838748432, -1.36667778915, 1.72610233285, -1.91088442309, -1.59001673683, -0.00148070964233
1.55837164175, -1.36645815195, 1.72584016644, -1.9108669199, -1.59001684008, -0.00149690430262
1.55839411163, -1.36623137905, 1.72554673445, -1.91076798812, -1.59001614034, -0.00146183531278
1.5584520446, -1.36599521029, 1.72526709268, -1.9107487109, -1.59001501974, -0.00140496376258
1.55839714356, -1.36578596502, 1.72499135203, -1.91064958262, -1.59001653492, -0.00147183457069
1.5583813949, -1.36556648227, 1.72472845673, -1.91062966191, -1.59001663818, -0.00148835781602
1.55840390058, -1.36533980111, 1.72443466085, -1.91052961375, -1.59001593954, -0.00145375100327
1.55846180908, -1.36510371708, 1.7241544292, -1.91050833781, -1.59001482148, -0.00139744505556
1.55840707776, -1.36489442298, 1.72387843552, -1.91040857803, -1.59001633811, -0.00146475749591
1.55839142595, -1.36467488729, 1.72361502056, -1.91038702025, -1.59001644373, -0.00148188848644
1.55841395806, -1.36444808893, 1.72332105897, -1.91028664855, -1.59001574843, -0.001448104455
1.55847182299, -1.3642118885, 1.72304035837, -1.91026393827, -1.59001463507, -0.00139267262585
1.55841720371, -1.36400164391, 1.72277544286, -1.91020475884, -1.59001615346, -0.00146124198549
1.55840158015, -1.36378117368, 1.72252277426, -1.91022257467, -1.59001626143, -0.00147990530222
1.55842406478, -1.36355348341, 1.72223855505, -1.91015799831, -1.59001557363, -0.0014479159238
1.55848188899, -1.36331634746, 1.72196807218, -1.91017287229, -1.59001446901, -0.00138822598516
1.55842745224, -1.36310591864, 1.72170032562, -1.91010422148, -1.59001598316, -0.00145191439273
1.55841191941, -1.36288521185, 1.72144608714, -1.91011712103, -1.5900160954, -0.00146598027426
1.55843442159, -1.36265737158, 1.72115914271, -1.91004348679, -1.5900154158, -0.00142936411179
1.55849208802, -1.36242008143, 1.72088706461, -1.91005329788, -1.59001432154, -0.00137183167361
1.55843766487, -1.36220953082, 1.72061667948, -1.90997595664, -1.59001583068, -0.00143773958901
1.5584220662, -1.36198870369, 1.72036076632, -1.90998360284, -1.59001594717, -0.00145383980629
1.55844443838, -1.36176084312, 1.72007127268, -1.90990154661, -1.59001527394, -0.00141905679383
1.55850190327, -1.36152355516, 1.71979747148, -1.90990584698, -1.59001418542, -0.00136342157609
1.55844744694, -1.36131304767, 1.71952461858, -1.90982038822, -1.59001568804, -0.00143087383601
1.55843174499, -1.36109230364, 1.71926693019, -1.9098223176, -1.59001580591, -0.0014486152258
1.55845395895, -1.36086462132, 1.71897509608, -1.90973244878, -1.59001513533, -0.00141555763235
1.55851121513, -1.36062755829, 1.71869951387, -1.90973084496, -1.59001404831, -0.00136129013011
1.55845672057, -1.36041730127, 1.71842445521, -1.90963799035, -1.59001554287, -0.0014294265357
1.5584409234, -1.36019686089, 1.71816499434, -1.90963395774, -1.59001565905, -0.00144816756836
1.55846299848, -1.35996954774, 1.71787114224, -1.90953717128, -1.59001498738, -0.00141641154246
1.55852019367, -1.35973287537, 1.71759382044, -1.90952961802, -1.59001389588, -0.00135495634102
1.55846580661, -1.35952299723, 1.71731691372, -1.90943045973, -1.59001538024, -0.00141567578307
1.55845007475, -1.35930297835, 1.71705578996, -1.90942067433, -1.59001549142, -0.00142714663138
1.55847218667, -1.35907610299, 1.71676032573, -1.90931827904, -1.59001481524, -0.00138797785723
1.55852926548, -1.3588399262, 1.71648148859, -1.90930528194, -1.59001372117, -0.00132779368539
1.55847493324, -1.35863048109, 1.71620323204, -1.9092013539, -1.59001519815, -0.00139000359052
1.55845922823, -1.3584109136, 1.71594071742, -1.90918658423, -1.5900153047, -0.00140232791717
1.55848134353, -1.35818445427, 1.71564415272, -1.90908026778, -1.59001462372, -0.00136345309207
1.55853838609, -1.35794870269, 1.71536407978, -1.90906281235, -1.5900135252, -0.00130397523897
1.55848419835, -1.35773957137, 1.71508495089, -1.90895588057, -1.59001499588, -0.00136710006182
1.5584686003, -1.35752031649, 1.71482134135, -1.90893728604, -1.59001509812, -0.00137985258624
1.55849078601, -1.357294098, 1.71452413034, -1.90882882582, -1.59001441333, -0.00134099505989
1.55854784677, -1.35705858188, 1.71424312044, -1.90880817233, -1.59001331243, -0.00128202158341
1.55849386286, -1.35684954443, 1.71396352514, -1.90869993793, -1.59001478055, -0.00134594375865
1.55847841429, -1.35663037527, 1.71369910057, -1.90867879506, -1.59001488122, -0.00135910783111
1.55850069424, -1.35640415794, 1.71340158988, -1.90856972967, -1.59001419576, -0.00132035695996
1.558557779, -1.35616863896, 1.71311989324, -1.90854708307, -1.59001309627, -0.00126207283913
1.55850400424, -1.35595945311, 1.71284010221, -1.90843884387, -1.59001456641, -0.0013270467583
1.55848869203, -1.35574013748, 1.71257506548, -1.90841620152, -1.59001466926, -0.0013409772125
1.55851103485, -1.3555137016, 1.71227744736, -1.90830752625, -1.59001398698, -0.00130279726777
1.55856809732, -1.35527797773, 1.71199521319, -1.90828370632, -1.59001289283, -0.00124566278564
1.558514481, -1.35506846184, 1.71171533533, -1.90817611412, -1.59001436889, -0.00131210057781
1.55849924079, -1.35484884285, 1.71144977299, -1.90815250718, -1.59001447727, -0.00132735111742
1.55852157047, -1.35462206217, 1.71115207962, -1.90804451639, -1.5900138012, -0.00129044586504
1.55857853024, -1.3543860356, 1.7108693305, -1.90801973996, -1.59001271485, -0.00123497941893
1.55852497533, -1.35417599398, 1.71059162901, -1.90792104181, -1.59001419852, -0.00130329951165
1.55850970593, -1.35395590812, 1.71032780249, -1.90790465989, -1.59001431378, -0.00132049133341
1.55853192121, -1.35372867111, 1.71003196999, -1.90780431709, -1.59001364552, -0.0012856734338
1.55858868554, -1.35349225069, 1.70975081256, -1.90778611911, -1.59001256783, -0.00123231918309
1.55853511833, -1.35328191874, 1.70947232912, -1.90768552595, -1.590014057, -0.00130230824718
1.55851975075, -1.35306161222, 1.70920760608, -1.90766671298, -1.59001417866, -0.00132150030681
1.55854179118, -1.35283419573, 1.70891096233, -1.907564179, -1.59001351678, -0.00128907661427
1.55859831963, -1.35259767486, 1.70862883354, -1.90754308876, -1.59001244468, -0.00123764658722
1.55854468689, -1.3523872284, 1.70834948404, -1.90744003251, -1.590013936, -0.00130877699841
1.55852918204, -1.35216690083, 1.70808368891, -1.90741787258, -1.59001406109, -0.00132970677212
1.55855102268, -1.35193951302, 1.70778616611, -1.90731260939, -1.59001340175, -0.00129967162679
1.5586074195, -1.35170309062, 1.70750286485, -1.90728769022, -1.59001232827, -0.00124213862531
1.55855368495, -1.35149124043, 1.70724908991, -1.90727720419, -1.59001381367, -0.00130798870101
1.5585382592, -1.35127217524, 1.70696287608, -1.90718180163, -1.5900139393, -0.00132170665308
1.55855990609, -1.35104354548, 1.70669058179, -1.90716767045, -1.59001327854, -0.00128721850442
1.55861620701, -1.35080854468, 1.70638665844, -1.90706856008, -1.59001221198, -0.00123041204549
1.55856244009, -1.35059706069, 1.70613127485, -1.90705238174, -1.59001368603, -0.00129754984106
1.55854695565, -1.35037840295, 1.70584347201, -1.90695133496, -1.5900138082, -0.00131245934333
1.55856851395, -1.35015023774, 1.70556959716, -1.90693151694, -1.5900131428, -0.00127912656167
1.55862471138, -1.34991571769, 1.70526426136, -1.90682733111, -1.59001206915, -0.00122302011297
1.55857101115, -1.34970471065, 1.70500734697, -1.90680569224, -1.59001353234, -0.00129019777028
1.55855556501, -1.34948652564, 1.70471832524, -1.90670032725, -1.59001364667, -0.00130526091765
1.55857713045, -1.34925887153, 1.70444302736, -1.9066754232, -1.5900129733, -0.00127218587969
1.55863315974, -1.34902325205, 1.70416546752, -1.90667128422, -1.59001188747, -0.00121749352942
1.55857972062, -1.34881363665, 1.70389003548, -1.90658318755, -1.59001334002, -0.00128300531847
1.55856424769, -1.34859430499, 1.70362851109, -1.90657699635, -1.59001344165, -0.00129905767573
1.55858599648, -1.34836802414, 1.70333446284, -1.90648485894, -1.59001276316, -0.00126460369418
1.55864207659, -1.34813281551, 1.70305536647, -1.90647544636, -1.59001167121, -0.00120931809627
1.55858887745, -1.34792351729, 1.70277823037, -1.9063816597, -1.59001311272, -0.0012739397376
1.55857358447, -1.34770445846, 1.70251537102, -1.90637110707, -1.59001320967, -0.00128924423665
1.55859545834, -1.34747840048, 1.70221994354, -1.90627451348, -1.5900125294, -0.00125413794745
1.55865159933, -1.34724336607, 1.70193973905, -1.90626162065, -1.59001143794, -0.00119843373274
1.55859865111, -1.34703411729, 1.7016614847, -1.90616451921, -1.59001287531, -0.00126267711684
1.55858353199, -1.34681506081, 1.70139770149, -1.90615134265, -1.59001297259, -0.00127767439924
1.5586055067, -1.3465889423, 1.70110139977, -1.90605235537, -1.59001229565, -0.0012423134246
1.5586616642, -1.34635380447, 1.70082045738, -1.9060375391, -1.59001121049, -0.00118685938991
1.55860891964, -1.34614432528, 1.70054148493, -1.90593877753, -1.5900126506, -0.00125160410197
1.55859391334, -1.34592500486, 1.70027707551, -1.90592423775, -1.59001275353, -0.00126715635036
1.55861591512, -1.34569857357, 1.69998018151, -1.90582403323, -1.59001208493, -0.00123241623378
1.55867200501, -1.3454631027, 1.69969870641, -1.90580816313, -1.59001101083, -0.00117811850828
1.55861937443, -1.34525318893, 1.69941917162, -1.90570840333, -1.59001245851, -0.00124422926454
1.55860438514, -1.34503343168, 1.69915423205, -1.90569291339, -1.59001257087, -0.00126129050769
1.55862631442, -1.34480655041, 1.69885677841, -1.90559164198, -1.59001191352, -0.0012282407232
1.55868224137, -1.34457064677, 1.69857475006, -1.90557464597, -1.59001085224, -0.00117588633014
1.55862962277, -1.3443602424, 1.69829457526, -1.90547356867, -1.5900123088, -0.00124381922974
1.55861455212, -1.34414003622, 1.69802897476, -1.90545658449, -1.59001243134, -0.00126305281629
1.55863631643, -1.34391273715, 1.69773079485, -1.90535354078, -1.59001178478, -0.0012325787822
1.55869208106, -1.34367646016, 1.69744796408, -1.90533444901, -1.59001073267, -0.00117701975686
1.55863946334, -1.34346567179, 1.69716690856, -1.90523106834, -1.5900121948, -0.00124151546469
1.55862431552, -1.34324516783, 1.69690032746, -1.90521129745, -1.59001232433, -0.00125774156323
1.55864593771, -1.34301763678, 1.69660115534, -1.90510536462, -1.59001168415, -0.00122455123415
1.55870142795, -1.34278124658, 1.69631719334, -1.90508270548, -1.59001063833, -0.00117183464249
1.55864869228, -1.34257036481, 1.69603504741, -1.90497594494, -1.59001210221, -0.00123863750557
1.55863337358, -1.34234988452, 1.69576715325, -1.90495186746, -1.59001223427, -0.00125732051063
1.55865468339, -1.34212167104, 1.6954821416, -1.90489709227, -1.59001159313, -0.00122768097725
1.55870999878, -1.34188468303, 1.69521199884, -1.90492437414, -1.59001054305, -0.00116570113343
1.5586572458, -1.34167331693, 1.69494214034, -1.90486208688, -1.59001199324, -0.00122297012834
1.55864187024, -1.34145241784, 1.6946873134, -1.90488516696, -1.59001211691, -0.00123221659275
1.55866321709, -1.34122476725, 1.69439763815, -1.90481388817, -1.59001147509, -0.0011918258119
1.55871836017, -1.34098838468, 1.69412463545, -1.90483090926, -1.59001042587, -0.00113215617384
1.55866559052, -1.34077771413, 1.69385049553, -1.90475330393, -1.59001185506, -0.00119185182911
1.55865017891, -1.34055751005, 1.69359287871, -1.90476633961, -1.59001197048, -0.00120259340972
1.55867149336, -1.34033064963, 1.69329931957, -1.90468109287, -1.59001132166, -0.001162728233
1.55872657451, -1.34009505, 1.6930236766, -1.90468853673, -1.59001026403, -0.00110388672469
1.55867390989, -1.33988517217, 1.69274609105, -1.90459855841, -1.59001167031, -0.00116440012346
1.55865858142, -1.33966573746, 1.69248603758, -1.90460279777, -1.59001177386, -0.00117526752554
1.55867997168, -1.33943966035, 1.69218951075, -1.90450689252, -1.59001111536, -0.00113479761605
1.55873509225, -1.33920480542, 1.69191170449, -1.90450653241, -1.59001004866, -0.00107578765147
1.55868264482, -1.33899559575, 1.69163163046, -1.90440774144, -1.59001143661, -0.0011363612985
1.55866749899, -1.33877677094, 1.69136970925, -1.90440539117, -1.59001153022, -0.00114665589462
1.55868904496, -1.33855124388, 1.69107117785, -1.90430248768, -1.59001086473, -0.00110495476707
1.55874426303, -1.33831686785, 1.69079184034, -1.9042968277, -1.59000979371, -0.00104555973981
1.5586920981, -1.33810799249, 1.69051019503, -1.90419280881, -1.59001117191, -0.00110640526473
1.55867717969, -1.33788941658, 1.69024704978, -1.90418649879, -1.59001126158, -0.00111630596794
1.55869890163, -1.33766403446, 1.68994734478, -1.90407991966, -1.59001059569, -0.00107354789574
1.55875420934, -1.33742971728, 1.68966709299, -1.90407152469, -1.59000952852, -0.00101437577845
1.5587023204, -1.33722072719, 1.68938457388, -1.90396516079, -1.59001090725, -0.00107647370008
1.55868759997, -1.33700194942, 1.68912074121, -1.90395719562, -1.59001100103, -0.00108695150794
1.55870944508, -1.33677626114, 1.68882039735, -1.90384922943, -1.59001034285, -0.00104413547228
1.55876476654, -1.33654156703, 1.68853965296, -1.90383996342, -1.59000928804, -0.000986377439333
1.55871307282, -1.33633204539, 1.68825660615, -1.90373283488, -1.59001067624, -0.00105100461874
1.55869845135, -1.33611268114, 1.6879923562, -1.90372448826, -1.59001078144, -0.00106345184306
1.55872030492, -1.33588634508, 1.68769152589, -1.9036159458, -1.59001013755, -0.00102212255427
1.55877551776, -1.33565097938, 1.68741038936, -1.90360638892, -1.59000910066, -0.000967088956437
1.55872388768, -1.33544069097, 1.68712677913, -1.9034985345, -1.59001050306, -0.00103522052821
1.55870922635, -1.33522056642, 1.68686203754, -1.90348964756, -1.59001062353, -0.00105090459242
1.55873094635, -1.33499347922, 1.68656052111, -1.90337985957, -1.59000999633, -0.00101264696944
1.55878592197, -1.33475740582, 1.68627874914, -1.90336913169, -1.59000897749, -0.000961229085079
1.55873421701, -1.33454639209, 1.68599424845, -1.90325929411, -1.59001039309, -0.00103301859033
1.55871938423, -1.33432562253, 1.68572863333, -1.90324834896, -1.59001052761, -0.00105254237274
1.55874084929, -1.33409797061, 1.68542602438, -1.90313564847, -1.59000991406, -0.00101841379624
1.55879549933, -1.33386144308, 1.685143126, -1.90312173614, -1.59000890742, -0.000970658763642
1.5587436245, -1.33365002316, 1.68485730521, -1.90300804847, -1.59001032983, -0.00104518877969
1.55872854491, -1.33342899067, 1.68459027414, -1.90299272894, -1.5900104722, -0.00106815221634
1.55874969974, -1.33320119957, 1.68428617718, -1.90287528789, -1.59000986444, -0.00103825300927
1.55880401253, -1.33296468801, 1.68400160276, -1.90285579738, -1.59000885964, -0.000993214184503
1.55875195575, -1.33275335846, 1.6837141572, -1.90273670197, -1.59001027925, -0.00106862826689
1.55873664336, -1.33253259017, 1.68344521974, -1.90271477792, -1.59001042012, -0.00109362959323
1.55875752459, -1.33230518302, 1.68313946879, -1.90259152827, -1.59000980779, -0.00106697897713
1.558811776, -1.33206917219, 1.68285278366, -1.90256460293, -1.59000878936, -0.00100796365313
1.55875980371, -1.33185839423, 1.68256367865, -1.90243967167, -1.59001019476, -0.00106820414219
1.558744556, -1.33163833656, 1.68229255803, -1.90240989072, -1.59001032327, -0.0010788817762
1.55876549182, -1.3314117016, 1.68198530978, -1.90228118347, -1.59000969569, -0.0010382526569
1.55881959737, -1.3311766413, 1.68169652315, -1.90224638247, -1.59000866225, -0.000980601772065
1.55876734598, -1.33096516544, 1.68144233601, -1.90224581555, -1.59001005173, -0.00104386107908
1.55875225144, -1.33074693825, 1.68115133193, -1.90214464704, -1.59001016332, -0.00105380154438
1.55877293125, -1.33051972235, 1.68087839389, -1.90213808199, -1.59000952237, -0.00101486531404
1.55882720893, -1.33028654047, 1.68056947464, -1.90203102284, -1.59000847748, -0.000955682506682
1.55877515905, -1.33007609991, 1.68031289557, -1.90202161776, -1.59000983909, -0.00101818218271
1.55876026629, -1.32985886083, 1.68001961263, -1.90191209469, -1.59000993396, -0.00102679045533
1.55878113657, -1.32963258335, 1.67974467115, -1.90189818081, -1.59000927789, -0.000985961026899
1.55883558263, -1.32940024491, 1.67943406438, -1.9017850056, -1.59000821875, -0.000925355798428
1.55878388159, -1.32919051464, 1.67917590368, -1.90177001612, -1.59000956353, -0.000986853056038
1.5587693081, -1.32897384958, 1.67888148263, -1.90165662794, -1.59000964647, -0.00099379619847
1.55879045869, -1.32874804138, 1.67860541549, -1.90163896236, -1.59000898214, -0.00095060439237
1.55884511715, -1.32851601316, 1.67829418978, -1.90152397755, -1.59000791885, -0.000888957406494
1.55879381621, -1.32830641055, 1.67803531987, -1.90150707216, -1.59000926012, -0.000950581716008
1.55877957754, -1.32808969747, 1.67774067758, -1.90139366134, -1.59000934201, -0.000956831567792
1.55880098902, -1.32786371577, 1.67746428921, -1.90137568991, -1.59000868137, -0.000912115653936
1.55885579608, -1.3276313487, 1.67715316284, -1.90126201836, -1.59000762763, -0.000850917577536
1.55880482698, -1.32742122086, 1.67689424904, -1.901246137, -1.59000897963, -0.000914659570479
1.55879082326, -1.32720383061, 1.67659985117, -1.90113489784, -1.59000907272, -0.000922154886805
1.55881236471, -1.32697707435, 1.67632361605, -1.90111880188, -1.59000842789, -0.000877875251486
1.55886716342, -1.3267438217, 1.6760127837, -1.90100757057, -1.59000739553, -0.000819188767201
1.55881635567, -1.32653267196, 1.67575406492, -1.90099394152, -1.59000876837, -0.000887059994235
1.55880239879, -1.32631418827, 1.67545982844, -1.90088487938, -1.59000888169, -0.000897998928956
1.55882386581, -1.32608631522, 1.67518372979, -1.90087081793, -1.59000826027, -0.000856625520313
1.5588784557, -1.32585193179, 1.67487285008, -1.90076094941, -1.59000725453, -0.000802304136822
1.55882759193, -1.32563960779, 1.67461405257, -1.90074863362, -1.59000865062, -0.000875442402123
1.55881346687, -1.32541998844, 1.67431942484, -1.90063972183, -1.59000878651, -0.000891430501449
1.55883464947, -1.32519105623, 1.67404295425, -1.90062573153, -1.59000818844, -0.000855090373856
1.55888885605, -1.32495570527, 1.67373131659, -1.90051446777, -1.59000720557, -0.000806015957405
1.55883774871, -1.32474247789, 1.67347174243, -1.90050063756, -1.59000861863, -0.000884053162191
1.55882328961, -1.32452209469, 1.67317594357, -1.90038867628, -1.59000877156, -0.000905402374829
1.55884404782, -1.32429256901, 1.67289827461, -1.90037131824, -1.59000818864, -0.000875076343578
1.55889778834, -1.32405679124, 1.67258510096, -1.90025535145, -1.59000721655, -0.000830691785086
1.55884635165, -1.32384328775, 1.67232387354, -1.90023626282, -1.59000863357, -0.000911632288291
1.55883150626, -1.3236228213, 1.67202622925, -1.90011819114, -1.59000879164, -0.000937075991507
1.55885182661, -1.32339343825, 1.67174651685, -1.90009377236, -1.59000820977, -0.000912139095639
1.55890522399, -1.32315796643, 1.67143128331, -1.89997061911, -1.59000723018, -0.000864667151117
1.55885358443, -1.32294495496, 1.67116765753, -1.8999429749, -1.59000863492, -0.000940023489451
1.55883851534, -1.32272515469, 1.67086789347, -1.89981719495, -1.59000878295, -0.000961426285127
1.55885860446, -1.32249665794, 1.67058558289, -1.89978316141, -1.59000818612, -0.000933745647113
1.55891128018, -1.3222601078, 1.67032067269, -1.89983851964, -1.59000718639, -0.000890057325756
1.55885956036, -1.32204838025, 1.67005173635, -1.89979138752, -1.59000856136, -0.000963374519459
1.55884394426, -1.32182780791, 1.66980095684, -1.89983916671, -1.59000868354, -0.000986970998008
1.55886400239, -1.32160091827, 1.66951109602, -1.89977752494, -1.59000806401, -0.000959329266226
1.55891682586, -1.32136590538, 1.66924154083, -1.89981566703, -1.59000703954, -0.000902579856746
1.55886543882, -1.32115579764, 1.6689658657, -1.89974394231, -1.59000836306, -0.000961185501038
1.55885014885, -1.32093678036, 1.66871085123, -1.89977599922, -1.59000845597, -0.000970867186999
1.55887057202, -1.32071148298, 1.66841519815, -1.89969317499, -1.59000781258, -0.000929353202359
1.55892361177, -1.320477983, 1.66814198768, -1.89971764663, -1.59000676792, -0.000870124244092
1.55887263145, -1.32026930084, 1.66786153243, -1.89962845679, -1.59000805226, -0.000926301230309
1.55885773878, -1.32005155124, 1.66760349089, -1.89964935341, -1.59000812191, -0.000932758989494
1.55887857031, -1.31982740623, 1.66730403571, -1.89955279421, -1.59000746138, -0.000887024762511
1.55893196532, -1.3195948662, 1.66702849689, -1.89956885848, -1.59000640495, -0.000824966337928
1.55888154093, -1.31938691814, 1.66674514261, -1.89946956324, -1.59000766701, -0.000879617440465
1.5588671529, -1.31916967531, 1.6664854453, -1.89948490403, -1.59000772611, -0.000883383785888
1.55888844811, -1.31894583049, 1.66618390008, -1.89938147511, -1.59000706306, -0.000833663186629
1.55894218609, -1.31871335769, 1.66590736292, -1.89939465287, -1.59000601342, -0.000770294528513
1.5588923052, -1.31850519026, 1.66562254722, -1.89929121869, -1.59000727584, -0.00082606410431
1.55887835961, -1.31828748774, 1.66536236088, -1.89930600101, -1.59000734304, -0.000829488827945
1.55890000602, -1.31806297437, 1.66505981633, -1.8992004102, -1.59000669641, -0.000777929584289
1.55895391638, -1.31782962601, 1.66478320449, -1.89921476509, -1.59000567372, -0.000716134103714
1.55890439721, -1.31762033427, 1.6644976104, -1.89911037296, -1.59000695681, -0.00077637216537
1.55889067162, -1.31740132846, 1.66423752809, -1.89912738044, -1.59000704935, -0.000782818442154
1.55891241356, -1.31717539162, 1.66393424037, -1.89902112584, -1.5900064348, -0.000732888617245
1.5589662166, -1.31694050835, 1.66365777153, -1.89903791545, -1.59000545263, -0.00067588397094
1.55891676055, -1.31672955732, 1.6633712367, -1.89893235833, -1.59000676736, -0.000743294754909
1.55890294002, -1.31650883985, 1.66311108185, -1.89895120287, -1.5900068945, -0.000755912043057
1.55892445733, -1.31628122066, 1.6628065172, -1.89884249612, -1.59000631812, -0.000711272649569
1.55897785699, -1.31604468559, 1.66252962926, -1.89885970721, -1.59000537769, -0.0006613843008
1.55892814767, -1.31583212569, 1.66224132769, -1.89874986904, -1.59000672206, -0.000736819557511
1.55891393178, -1.31560990389, 1.66198021455, -1.89876708114, -1.59000688143, -0.00075730109391
1.55893494883, -1.3153809661, 1.66167335781, -1.8986518632, -1.59000633691, -0.000720509107039
1.55898773922, -1.31514328813, 1.66139490459, -1.89866487169, -1.59000542579, -0.000678173340495
1.55893755635, -1.31492977673, 1.6611037584, -1.89854621242, -1.59000678562, -0.000760015793317
1.55892277003, -1.31470684509, 1.66084040713, -1.89855643358, -1.59000696356, -0.000787787266517
1.55894315817, -1.31447748669, 1.66053024565, -1.89843021408, -1.59000643367, -0.000759284154624
1.55899530661, -1.31423966324, 1.66024891293, -1.89843342404, -1.59000552903, -0.000722658543577
1.55894461467, -1.31402626836, 1.65995410629, -1.89830202514, -1.59000688274, -0.000807064566416
1.55892928299, -1.31380376462, 1.65968731974, -1.89829996253, -1.59000705823, -0.000839231551224
1.55894911855, -1.3135751292, 1.65937334471, -1.89815989406, -1.59000651979, -0.000817006567254
1.55900107898, -1.31333825726, 1.65908808511, -1.8981488083, -1.59000559003, -0.000760143823295
1.55895031935, -1.31312603905, 1.65878944138, -1.89800326014, -1.59000691297, -0.000821671525397
1.55893494991, -1.31290499574, 1.65851851882, -1.89798572618, -1.59000706215, -0.000832506377559
1.55895479773, -1.31267800726, 1.6582009954, -1.89783215391, -1.59000649145, -0.000789689976401
1.55900656234, -1.31244307478, 1.6579116703, -1.89780534337, -1.59000552588, -0.000733939510606
1.5589557322, -1.31223287421, 1.65761007392, -1.8976479574, -1.59000681034, -0.000795107723994
1.55894038157, -1.31201400986, 1.65733533666, -1.89761543715, -1.59000692213, -0.000804787077315
1.55896032041, -1.31178919666, 1.6570155725, -1.89745250738, -1.59000630803, -0.00076018027148
1.55901227029, -1.31155651833, 1.65672289702, -1.89741240227, -1.59000529379, -0.000701501918836
1.5589617813, -1.31134843361, 1.65641993769, -1.89724891007, -1.59000653653, -0.000758987762892
1.55894684542, -1.31113167871, 1.65614252546, -1.89720570951, -1.59000660707, -0.000764107374402
1.5589672343, -1.31090876285, 1.65582236948, -1.89704039711, -1.59000595047, -0.000714175665484
1.55901967057, -1.31067789259, 1.65552784874, -1.89699289738, -1.5900048957, -0.000650632842894
1.55896984836, -1.31047126776, 1.65522548436, -1.89683100855, -1.59000611212, -0.000704198946176
1.55895559957, -1.31025580398, 1.65494713114, -1.89678417824, -1.59000615454, -0.000704004115865
1.55897642455, -1.31003308, 1.65465014888, -1.8967008702, -1.59000547475, -0.000648746743024
1.55902923335, -1.30980218468, 1.65437727349, -1.8967301668, -1.59000440853, -0.000582481009933
1.55898000074, -1.30959514277, 1.65409631225, -1.89664472258, -1.59000561889, -0.000636079394711
1.5589662676, -1.30937894227, 1.65383953175, -1.89667518244, -1.59000565509, -0.000634012609528
1.55898776664, -1.30915592248, 1.65354052868, -1.8965860395, -1.59000498413, -0.000573566478563
1.55904104606, -1.30892436847, 1.65326746528, -1.89661615498, -1.59000394308, -0.000506674345798
1.55899249665, -1.30871628889, 1.65298512256, -1.89652782112, -1.59000516837, -0.000563753562806
1.55897928365, -1.30849870443, 1.65272870538, -1.89656173211, -1.59000522984, -0.000563025710244
1.55900116503, -1.3082740511, 1.6524286823, -1.89647138304, -1.5900045962, -0.000501721626457
1.55905455475, -1.30804059457, 1.65215634395, -1.89650649615, -1.59000360723, -0.000439081688517
1.55900630469, -1.3078303593, 1.6518729876, -1.896417401, -1.59000487202, -0.000504633215439
1.55899318321, -1.30761041603, 1.65161728795, -1.89645667188, -1.59000497994, -0.0005104804589
1.55901499034, -1.30738333745, 1.65131599115, -1.89636469964, -1.59000440114, -0.000453923247109
1.55906803061, -1.30714736839, 1.65104413662, -1.89640425446, -1.59000347657, -0.000400047772953
1.55901959081, -1.30693459165, 1.6507589525, -1.89631159918, -1.59000478808, -0.000477153172425
1.55900607241, -1.30671211966, 1.65050315811, -1.89635322943, -1.59000494816, -0.000493567419699
1.55902733503, -1.30648268097, 1.65019932196, -1.89625483495, -1.59000442441, -0.000446730978432
1.55907962713, -1.30624448345, 1.64992661696, -1.89629362124, -1.59000355606, -0.000403993653254
1.55903057352, -1.30602969332, 1.64963804471, -1.89619115554, -1.59000490187, -0.000492344358778
1.55901628348, -1.30580544443, 1.64938044117, -1.89622817225, -1.59000510188, -0.000520422744705
1.55903668516, -1.30557459965, 1.64907238788, -1.89611636301, -1.59000461527, -0.000485809871514
1.55908804166, -1.3053353141, 1.64879686224, -1.89614625987, -1.59000377625, -0.000453311871613
1.55903817012, -1.30511981264, 1.64850368763, -1.89602835129, -1.59000512886, -0.000548880199862
1.55902298856, -1.30489524677, 1.64824264457, -1.89605356597, -1.59000534214, -0.000586117416125
1.55904247529, -1.30466451297, 1.64793052587, -1.89592739731, -1.59000486189, -0.000562741009756
1.55909298868, -1.30442574493, 1.64765179208, -1.8959455709, -1.59000401474, -0.000536363814624
1.55904238866, -1.30421114743, 1.6473553726, -1.89581549298, -1.59000533983, -0.000632483506683
1.55902649515, -1.30398791036, 1.64709171071, -1.89583032408, -1.59000553278, -0.000673394510783
1.55904532197, -1.30375889065, 1.64677692383, -1.89569332662, -1.59000502452, -0.000656792254519
1.55909586131, -1.30352207848, 1.64649578911, -1.89570172444, -1.59000412397, -0.000590626911061
1.55904539842, -1.30330974171, 1.64619693568, -1.89556151561, -1.59000538526, -0.000643371330905
1.55902973968, -1.30308906563, 1.64593108758, -1.89556684064, -1.59000552425, -0.000642980470144
1.55904893802, -1.30286281886, 1.64561404976, -1.89542005184, -1.59000495755, -0.000585515169215
1.55909946971, -1.30262908175, 1.64533088141, -1.89541892297, -1.59000399869, -0.000519166044627
1.55904913006, -1.30241990503, 1.64502996454, -1.89526906719, -1.59000519151, -0.000571112356635
1.5590337556, -1.30220244537, 1.64476198859, -1.89526453991, -1.59000526866, -0.00056740529458
1.55905339789, -1.30197936205, 1.64444276168, -1.89510788729, -1.59000463685, -0.000504135366305
1.55910447523, -1.30174872015, 1.64415719916, -1.89509627907, -1.59000361137, -0.000432605649426
1.55905486393, -1.30154242429, 1.64385402673, -1.8949367334, -1.59000473957, -0.000480421168892
1.55904032125, -1.301327641, 1.64358341327, -1.89492140948, -1.5900047595, -0.000469761667592
1.55906086749, -1.3011068809, 1.64326275121, -1.89475860628, -1.59000407484, -0.000396723397832
1.55911283004, -1.30087826239, 1.64297521043, -1.89473919756, -1.59000300633, -0.000318836996765
1.55906429691, -1.30067345851, 1.64267216659, -1.89457984861, -1.59000410394, -0.000364193841357
1.55905083528, -1.30045976463, 1.64240099358, -1.89456266942, -1.59000409715, -0.000347483065143
1.55907170349, -1.30023969821, 1.64208199531, -1.89440582583, -1.59000340871, -0.000321393279876
1.55912386929, -1.30001133139, 1.64179543513, -1.89439031162, -1.59000234956, -0.000292330298395
1.55907581787, -1.29980611188, 1.64149505483, -1.8942415503, -1.59000346786, -0.000386666765517
1.55906267104, -1.2995915454, 1.64122595148, -1.89423319312, -1.59000348079, -0.000418818772412
1.55908433659, -1.29936991697, 1.64091012472, -1.89408998002, -1.59000281235, -0.00038697749732
1.55913708233, -1.29913956085, 1.64062632013, -1.89408689615, -1.59000179602, -0.000352689240815
1.5590898822, -1.2989317707, 1.64032924052, -1.89395319247, -1.59000297049, -0.000442363841197
1.55907728142, -1.29871429004, 1.64006326977, -1.89395943212, -1.59000303765, -0.00047302823855
1.55909918626, -1.29848941594, 1.63975052381, -1.89383082733, -1.59000243716, -0.000442662786869
1.55915187496, -1.29825557407, 1.63946988781, -1.89384269123, -1.59000150361, -0.000411287778173
1.55910484236, -1.29804399551, 1.63917511092, -1.89372133168, -1.59000276075, -0.000504592247664
1.55909207713, -1.2978226343, 1.63891179406, -1.89374101636, -1.59000290557, -0.000541804854999
1.55911352122, -1.29759387802, 1.63860030003, -1.89362083552, -1.59000238884, -0.000520862627722
1.55916548275, -1.29735621011, 1.63832147025, -1.89364282746, -1.59000154349, -0.00049865452091
1.55911789845, -1.29714088158, 1.63802651739, -1.8935246912, -1.59000287674, -0.000599669127381
1.55910429385, -1.29691600388, 1.63776373486, -1.89354967066, -1.59000309385, -0.000648288932975
1.55912467669, -1.29668408439, 1.63745057507, -1.89342667867, -1.59000264745, -0.000642481500718
1.55917595837, -1.29644350566, 1.63717068268, -1.89344788952, -1.59000185496, -0.000590462648379
1.55912778631, -1.29622569064, 1.6368727608, -1.89332194415, -1.59000322621, -0.000659831955761
1.55911343478, -1.29599884498, 1.63660769492, -1.89334090023, -1.59000348211, -0.000680335622766
1.55913298903, -1.29576552064, 1.63629151036, -1.89320876241, -1.59000306607, -0.000648582049202
1.55918289688, -1.29552425196, 1.6360092364, -1.89322207676, -1.59000229731, -0.00061129842684
1.55913338579, -1.29530633959, 1.63570891163, -1.89308759427, -1.59000366791, -0.000692145144175
1.55911773044, -1.29508004524, 1.63544178812, -1.89309859511, -1.59000392347, -0.000724719567438
1.55913605918, -1.29484789215, 1.63512348534, -1.89295779927, -1.59000349141, -0.000706007861518
1.5591853292, -1.29460832634, 1.63483917495, -1.89296251929, -1.59000267609, -0.000643644846856
1.55913522453, -1.29439270933, 1.63453679193, -1.89281880025, -1.59000398366, -0.000695344057635
1.559119138, -1.29416928242, 1.63426768034, -1.89282033316, -1.59000418375, -0.000699754369301
1.55913724258, -1.29394047452, 1.63394730188, -1.89266948457, -1.59000368392, -0.000652764429029
1.55918612542, -1.29370478867, 1.63366094836, -1.89266365477, -1.59000278896, -0.000592220584617
1.55913572287, -1.29349341071, 1.63335649716, -1.89250898342, -1.5900040017, -0.000642742386267
1.55911959666, -1.29327450818, 1.63308510913, -1.8924986895, -1.59000411475, -0.000643952145025
1.55913792471, -1.29305037248, 1.63276236244, -1.892335764, -1.59000351876, -0.000591771976395
1.5591872838, -1.29281945449, 1.63247327427, -1.8923166067, -1.59000251678, -0.000523824692202
1.55913752795, -1.29261279917, 1.63216605419, -1.8921486167, -1.59000362104, -0.000565489948934
1.55912227026, -1.29239851363, 1.63189134042, -1.89212326611, -1.59000363568, -0.00055552973222
1.5591416596, -1.29217871458, 1.63156596479, -1.89194815834, -1.59000294244, -0.000489707485668
1.55919220371, -1.29195184164, 1.63127347079, -1.89191443493, -1.59000184807, -0.000409605862253
1.55914383564, -1.29174869189, 1.63096521821, -1.89174080144, -1.59000287475, -0.000441681646581
1.55913007407, -1.29153743591, 1.63068844934, -1.89170673147, -1.59000281915, -0.000418495741943
1.55915047505, -1.29132008478, 1.63036441655, -1.89153513222, -1.59000207631, -0.000377016950462
1.55920197643, -1.2910950656, 1.63007214302, -1.89150151621, -1.59000094974, -0.00032444711921
1.55915483945, -1.29089288796, 1.62976716185, -1.89133965634, -1.5900019665, -0.00038669386716
1.55914221528, -1.29068191385, 1.62949257576, -1.89131414382, -1.59000190255, -0.000391483139015
1.55916407532, -1.29046390093, 1.62917321644, -1.8911609154, -1.59000116071, -0.000335979672951
1.55921677141, -1.29023752264, 1.62888474915, -1.8911431394, -1.5900000674, -0.000274540433486
1.55917110145, -1.29003306447, 1.62858530376, -1.89100421744, -1.59000114236, -0.000333404067515
1.55915965445, -1.28981914176, 1.62831569872, -1.89100015521, -1.59000113426, -0.000334079216837
1.55918236445, -1.28959749184, 1.62800215999, -1.89087182926, -1.59000046878, -0.000273662015597
1.5592354664, -1.28936693403, 1.62771939548, -1.89087878733, -1.58999948077, -0.000215048189377
1.55919042828, -1.28915764392, 1.62742525924, -1.8907640036, -1.59000066962, -0.00028363733963
1.55917922355, -1.2889384901, 1.62716127528, -1.89078529644, -1.5900007678, -0.000292794707969
1.55920180758, -1.28871131712, 1.62685195733, -1.89067755414, -1.59000022092, -0.000239793284741
1.55925430144, -1.28847506454, 1.62657418832, -1.89070765797, -1.58999936886, -0.000195109235332
1.55920882116, -1.28825992554, 1.62628252423, -1.89060747325, -1.59000068258, -0.000282336820379
1.55919678221, -1.28803497409, 1.62602214735, -1.89064701545, -1.59000089819, -0.000310001943412
1.55921822052, -1.28780224148, 1.62571320258, -1.89054588053, -1.59000047005, -0.000275693944461
1.55926921582, -1.28756072966, 1.62543721276, -1.89058696892, -1.58999973678, -0.000251392172261
1.55922234775, -1.28734074192, 1.62514352015, -1.89048415585, -1.59000114282, -0.000358495718765
1.55920863463, -1.28711147782, 1.62488264135, -1.89052568023, -1.5900014479, -0.00040829071463
1.5592282131, -1.28687512533, 1.62457057193, -1.89041665912, -1.59000109983, -0.000398746555827
1.55927772683, -1.28663060318, 1.62429278704, -1.89045406567, -1.59000042009, -0.000355960136481
1.55922938055, -1.28640839439, 1.62399661805, -1.89034441897, -1.5900018511, -0.000440774912803
1.55921410888, -1.28617779214, 1.62373435977, -1.89038200979, -1.5900021851, -0.000471897658787
1.55923213817, -1.28594100905, 1.62342086045, -1.89026806707, -1.59000185032, -0.000446295630496
1.55927977445, -1.28569710148, 1.6231421159, -1.89030098824, -1.59000116384, -0.000420976474722
1.55922954306, -1.28547646166, 1.62284496861, -1.89018583794, -1.59000254991, -0.000516012754969
1.55921256462, -1.28524837864, 1.62258167174, -1.89021688176, -1.59000284628, -0.000559176452351
1.5592291136, -1.28501498822, 1.6222670305, -1.89009538428, -1.5900024541, -0.000547804175706
1.55927612462, -1.28477519456, 1.62198691778, -1.8901197077, -1.59000166819, -0.000489937266501
1.55922530661, -1.28455945432, 1.62168837792, -1.88999510949, -1.59000292571, -0.000544685565749
1.55920806545, -1.28433694638, 1.62142360005, -1.89001591792, -1.59000311031, -0.000549628917276
1.5592247177, -1.2841096505, 1.62110734972, -1.88988351628, -1.59000259401, -0.000500639177573
1.55927181007, -1.28387646829, 1.62082563473, -1.88989645082, -1.5900016681, -0.000437079354616
1.55922119357, -1.28366764243, 1.62052546174, -1.88976011103, -1.59000276138, -0.000481437020544
1.55920454311, -1.28345218718, 1.62025896116, -1.88976893988, -1.59000279907, -0.000473853711612
1.5592221665, -1.28323188989, 1.61994087245, -1.88962449254, -1.5900021321, -0.000409939511382
1.55927056479, -1.28300553879, 1.61965725294, -1.88962548462, -1.59000104965, -0.00032964043345
1.55922148066, -1.28280319522, 1.61935513471, -1.88947752062, -1.59000198264, -0.000356950540204
1.55920663312, -1.28259374983, 1.61908664647, -1.88947516635, -1.59000187975, -0.000328738100433
1.55922582294, -1.28237891205, 1.61876662592, -1.88932021014, -1.59000109365, -0.0002786057129
1.55927588153, -1.28215729373, 1.61848108453, -1.88931145958, -1.58999990933, -0.000214264974352
1.55922879962, -1.28195872961, 1.61817698834, -1.88915468516, -1.59000075582, -0.00025983059272
1.55921597192, -1.28175211551, 1.61790655586, -1.88914453311, -1.59000058314, -0.000246614661961
1.55923760098, -1.28153894206, 1.61758449079, -1.88898282907, -1.58999974589, -0.000170551562937
1.55928985697, -1.28131793566, 1.61729700716, -1.88896853655, -1.58999855368, -8.79032863416e-05
1.55924531509, -1.2811187052, 1.61699124198, -1.88880863212, -1.58999942578, -0.000123656995212
1.55923476475, -1.2809103119, 1.6167192477, -1.88879660882, -1.58999928746, -9.73496878201e-05
1.55925761276, -1.2806943602, 1.61639725873, -1.8886391763, -1.58999852927, -6.47838890594e-05
1.55931057878, -1.28046955587, 1.61611001782, -1.88863039496, -1.58999745767, -3.4332431935e-05
1.55926708094, -1.28026530475, 1.61580597556, -1.88848256115, -1.5899984742, -0.000128595279394
1.55925706462, -1.28005101648, 1.61553586483, -1.8884836789, -1.58999847274, -0.000160286200869
1.55928061776, -1.27982820865, 1.61521606786, -1.88834149987, -1.58999786043, -0.000127264646876
1.55933366347, -1.27959594038, 1.61493120094, -1.8883487974, -1.58999697069, -0.000102500204489
1.55929050629, -1.27938354711, 1.61462858732, -1.88821459509, -1.5899981794, -0.000207250342921
1.55928020574, -1.27916082895, 1.61436007734, -1.88822982471, -1.58999835459, -0.000253106568706
1.55930289347, -1.27892947155, 1.6140402759, -1.88809601034, -1.58999792736, -0.000238060682754
1.55935451454, -1.27868872414, 1.61375555034, -1.88811175324, -1.58999723143, -0.000233786465851
1.55931061828, -1.2784678186, 1.61345192645, -1.88798240946, -1.58999861092, -0.000313487184262
1.55929905371, -1.2782370451, 1.61318253302, -1.88800216228, -1.5899989424, -0.00033964765245
1.55932003112, -1.27799822726, 1.61286191532, -1.88787232976, -1.58999866422, -0.000309109125577
1.55936959089, -1.27775081839, 1.61257644838, -1.88789130624, -1.589998103, -0.000290873061099
1.55932300334, -1.27752424027, 1.61227221731, -1.88776437194, -1.58999960091, -0.000402888842838
1.55930854239, -1.27728889247, 1.61200224695, -1.88778543032, -1.59000003346, -0.0004631265002
1.55932649417, -1.27704668084, 1.61168102599, -1.88765565733, -1.58999982978, -0.000469480230497
1.55937370542, -1.27679703346, 1.61139475906, -1.88767321625, -1.589999295, -0.000430593768126
1.55932466822, -1.27656958506, 1.61108971951, -1.88754342706, -1.59000078744, -0.000514310195553
1.55930786512, -1.27633479234, 1.61081888598, -1.8875601039, -1.59000121503, -0.0005505916412
1.55932368268, -1.27609452766, 1.61049668789, -1.88742439471, -1.59000097742, -0.000536168808347
1.55936904022, -1.27584823613, 1.61020934849, -1.88743446311, -1.5900003643, -0.000478741856348
1.55931805415, -1.27562555204, 1.60990323078, -1.88729570526, -1.59000174047, -0.0005349260661
1.5592997466, -1.2753967877, 1.60963118615, -1.88730196847, -1.59000206071, -0.000544415176204
1.55931457208, -1.2751636604, 1.60930759653, -1.88715451089, -1.59000168591, -0.000502930529907
1.55935912817, -1.27492559243, 1.60901880678, -1.88715168385, -1.59000089797, -0.000446697654642
1.55930736439, -1.27471205085, 1.60871121935, -1.88699904509, -1.59000206518, -0.000494878145822
1.55928888843, -1.27449308026, 1.60843754902, -1.88699058999, -1.59000219159, -0.000494452356157
1.55930416245, -1.27427015371, 1.60811214752, -1.88682779822, -1.59000160313, -0.000440994788691
1.55934982194, -1.2740425025, 1.60782139167, -1.8868092445, -1.59000057283, -0.000365164890008
1.55929935126, -1.27383941888, 1.60751180023, -1.88664078901, -1.59000148535, -0.000388247336714
1.55928270252, -1.27363067699, 1.60723601367, -1.88661663554, -1.59000137763, -0.000359750024816
1.55930010324, -1.27341752152, 1.6069084145, -1.886438553, -1.59000056126, -0.000290872698855
1.55934826774, -1.27319896745, 1.60661540091, -1.88640534494, -1.58999930873, -0.000199405816507
1.5593006408, -1.27300404293, 1.60630349862, -1.88622315407, -1.59000001838, -0.000208623878381
1.55928710201, -1.27280236947, 1.60602537871, -1.88618636531, -1.58999973013, -0.000161070440827
1.55930754142, -1.27259503217, 1.60569547747, -1.88599699673, -1.58999876665, -8.91233685568e-05
1.559358672, -1.27238091542, 1.60540023283, -1.88595401715, -1.58999741308, -2.29950453833e-06
1.55931443035, -1.27218872998, 1.6050874289, -1.88576858407, -1.58999807246, -2.46288543254e-05
1.55930413641, -1.27198818013, 1.6048084987, -1.88573031359, -1.58999775118, 1.53880231156e-05
1.55932733135, -1.27178025213, 1.60448172382, -1.88555455857, -1.58999680505, 6.79632409845e-05
1.55938068421, -1.27156390564, 1.60418979649, -1.88552710382, -1.58999553783, 0.000123381382121
1.55933907177, -1.2713675395, 1.60388421499, -1.88537291686, -1.58999633953, 5.86108731759e-05
1.55933084152, -1.27116122429, 1.60361270148, -1.88536773101, -1.58999615952, 5.87464094339e-05
1.55935607756, -1.27094583898, 1.60329539136, -1.88523380123, -1.58999538691, 0.000126673951975
1.55941058692, -1.27072072504, 1.60301319583, -1.88524982417, -1.58999435927, 0.000182688456578
1.55937046081, -1.27051413339, 1.6027170453, -1.88513973509, -1.58999542781, 0.000104915341617
1.55936290169, -1.27029661851, 1.60245520092, -1.88517990111, -1.58999549586, 9.24813658389e-05
1.55938802198, -1.27006927819, 1.60214518528, -1.8850834122, -1.58999499554, 0.000148128444937
1.5594414435, -1.26983174024, 1.60187054945, -1.88513765292, -1.58999427329, 0.000178647514228
1.55940042998, -1.26961229382, 1.60157730286, -1.88505022268, -1.58999562861, 6.54859987865e-05
1.55939118552, -1.26938196989, 1.6013185691, -1.88511321433, -1.58999595857, 1.66512641032e-05
1.55941391786, -1.26914215034, 1.60100853866, -1.88502803819, -1.58999571865, 3.40255591779e-05
1.55946495199, -1.2688932973, 1.60068591205, -1.88492618837, -1.58999524027, 2.59228869004e-05
1.55942104565, -1.26866210613, 1.60043003055, -1.88497849075, -1.5899968149, -6.73958392286e-05
1.55940960026, -1.26842216148, 1.60012269928, -1.88488170217, -1.58999732093, -9.66718318785e-05
1.55942870416, -1.26817329083, 1.59983358024, -1.88487621586, -1.58999726204, -6.8464697673e-05
1.55947642223, -1.26791737023, 1.59949393767, -1.88472094142, -1.58999691341, -6.18213024769e-05
1.55942819745, -1.2676810641, 1.59922128634, -1.88471813024, -1.58999858477, -0.00020062850243
1.55941241411, -1.26743788542, 1.59889711419, -1.88456420885, -1.589999174, -0.00027744692089
1.55942701709, -1.2671876298, 1.59860771944, -1.88455705917, -1.58999915234, -0.000301435656432
1.55947138317, -1.26693217639, 1.59826742927, -1.88439771663, -1.58999876324, -0.000271201825511
1.55941959416, -1.26669856683, 1.59799417066, -1.88438854707, -1.59000035539, -0.000371191661723
1.55940067773, -1.26646013717, 1.59766920163, -1.88422595392, -1.59000087043, -0.000415384397208
1.55941268872, -1.26621664866, 1.59737883349, -1.88420786634, -1.59000072545, -0.000411437070338
1.55945510319, -1.26596981972, 1.59703733452, -1.88403542382, -1.5900001475, -0.00035674276566
1.55940123665, -1.26574674731, 1.59676289725, -1.88401118012, -1.59000150672, -0.00041598389078
1.55938106792, -1.26552033442, 1.59643647598, -1.88383170044, -1.59000180227, -0.000421103004687
1.55939269844, -1.26529013971, 1.59614441572, -1.88379515698, -1.59000139458, -0.000378375557559
1.55943534282, -1.26505763026, 1.59580102265, -1.88360301993, -1.59000049976, -0.000308440422053
1.55938178556, -1.2648497524, 1.5955246983, -1.88355816356, -1.59000151042, -0.000339451326518
1.55936284541, -1.26463886548, 1.59519612476, -1.88335745169, -1.59000147396, -0.00031386758185
1.55937658321, -1.26442423175, 1.59490170523, -1.88329942279, -1.59000071286, -0.000237212081525
1.55942219321, -1.26420692718, 1.59455572329, -1.88308592389, -1.58999943715, -0.000126510232474
1.55937190255, -1.26401369509, 1.59427679756, -1.88302026762, -1.59000007549, -0.000113776981371
1.55935690209, -1.26381642475, 1.59394545749, -1.88279964423, -1.58999968879, -3.83105076314e-05
1.55937476977, -1.26361418137, 1.59364827662, -1.88272301372, -1.58999860403, 6.36703841709e-05
1.55942359835, -1.26340697492, 1.59337948404, -1.88276917319, -1.58999706093, 0.000187858835026
1.55937827629, -1.26322265978, 1.59309210582, -1.88266910123, -1.58999746189, 0.000209919453465
1.55936654962, -1.26303157152, 1.59283876886, -1.88271477797, -1.58999690025, 0.00025035303335
1.55938869713, -1.26283398295, 1.59253597061, -1.882617347, -1.5899956878, 0.00031016134131
1.55944131909, -1.26262901012, 1.59226803818, -1.88266715813, -1.5899941226, 0.000378900831325
1.5594003819, -1.26244416085, 1.59198451492, -1.88258417025, -1.58999456254, 0.000333616296666
1.55939309326, -1.26224990494, 1.5917350993, -1.8826496562, -1.58999407275, 0.000360174132599
1.55941876277, -1.26204667391, 1.59143789435, -1.88257972167, -1.58999302899, 0.000389669799979
1.55947502597, -1.26183428883, 1.5911007944, -1.88240036927, -1.58999171941, 0.000416154488883
1.55943706798, -1.26163877834, 1.59083061744, -1.88237623049, -1.58999249589, 0.000309241823966
1.55943288023, -1.26143242167, 1.59051512016, -1.88222746468, -1.58999232028, 0.00027763927699
1.55946009639, -1.26121446429, 1.5902343684, -1.8822301098, -1.58999165821, 0.000312716231307
1.55951664486, -1.2609858916, 1.58990845242, -1.88210583067, -1.58999079274, 0.000328286471773
1.55947930096, -1.26077267148, 1.58964943964, -1.88213834202, -1.58999202653, 0.000196145967724
1.5594745023, -1.26054779234, 1.58934190505, -1.88203527523, -1.58999225789, 0.000134172237194
1.55949984477, -1.26031090431, 1.58906945354, -1.88208439799, -1.58999201314, 0.000132916351829
1.55955337993, -1.26006340449, 1.58874646613, -1.88198742201, -1.58999157571, 0.000103074543567
1.55951410521, -1.25983118086, 1.58849011849, -1.88204693131, -1.58999317887, 8.93426749535e-06
1.55950635417, -1.25958812113, 1.58818236161, -1.88195955477, -1.58999374327, -2.37400434968e-05
1.55952912991, -1.25933485017, 1.58782341045, -1.88172486875, -1.58999378934, 2.6686840738e-06
1.55957802514, -1.25907200792, 1.58750052722, -1.88164099389, -1.58999363733, -1.00207893733e-05
1.55953507737, -1.25882690509, 1.58715785119, -1.8814132507, -1.5899954681, -8.55390715926e-05
1.55952193289, -1.25857270694, 1.586850282, -1.88133471278, -1.58999624992, -0.00010802491978
1.55953910505, -1.25831084365, 1.58649147105, -1.88110618038, -1.58999643178, -7.35892780747e-05
1.55958246052, -1.25804220203, 1.5861686441, -1.88102546987, -1.58999634525, -7.21041214302e-05
1.55953247444, -1.2577945946, 1.58582632526, -1.88079789116, -1.5899982353, -0.000212146756973
1.55951268631, -1.25754096856, 1.5855189365, -1.88071614721, -1.58999903926, -0.000299174435728
1.55952376495, -1.25728275657, 1.58516004812, -1.88048095489, -1.58999916229, -0.000331548331951
1.55956267783, -1.25702066363, 1.58483578871, -1.88038700184, -1.58999890334, -0.000318548250149
1.55950736684, -1.25678244361, 1.58455028298, -1.88034379002, -1.59000059863, -0.000396375029946
1.5594845701, -1.25654147362, 1.58421279024, -1.88014472972, -1.59000118158, -0.000422489781812
1.55949246104, -1.25629806385, 1.58390746868, -1.88007879946, -1.59000104955, -0.000403472355048
1.55953072135, -1.2560534878, 1.58355066332, -1.87985590004, -1.59000041281, -0.000335975245276
1.55947390251, -1.25583498507, 1.58325736071, -1.87976635619, -1.59000168994, -0.00036771713508
1.55944971998, -1.25561486976, 1.58299323354, -1.87979994307, -1.59000189379, -0.00035156319932
1.55945893731, -1.25539377761, 1.58267681627, -1.8796755291, -1.59000129858, -0.000281944111621
1.55949846389, -1.25517177549, 1.58239165422, -1.87967927272, -1.59000014977, -0.000176864579893
1.55944437943, -1.25497655959, 1.58208696106, -1.87953006144, -1.59000083827, -0.000154623501324
1.55942417253, -1.25477931677, 1.58181363465, -1.8795126529, -1.5900004851, -7.7071326301e-05
1.55943836826, -1.25458019016, 1.58148778059, -1.87933794853, -1.58999932966, 4.72652655053e-05
1.5594837961, -1.25437875811, 1.58119455442, -1.87929798426, -1.58999761625, 0.000209228824687
1.55943610194, -1.25420225566, 1.58088368276, -1.87911361637, -1.58999775973, 0.000285194746057
1.5594225717, -1.25402148055, 1.58060488695, -1.87906579971, -1.58999692017, 0.000394290122409
1.55944351816, -1.25383609213, 1.58028113912, -1.87888952701, -1.58999535181, 0.000535331977185
1.55949562521, -1.2536453953, 1.57999017755, -1.87885135834, -1.58999333964, 0.000695624158384
1.55945516002, -1.25347604316, 1.5796919948, -1.87870853841, -1.5899933113, 0.000748690193821
1.55944822907, -1.25329894002, 1.57942613197, -1.87870606211, -1.58999237576, 0.000810924492218
1.5594747893, -1.25311354453, 1.57912382656, -1.87860747957, -1.5899908551, 0.000879419501123
1.55953144085, -1.25291915703, 1.57885541997, -1.87865373737, -1.589989075, 0.000941911629826
1.55949628771, -1.25274194847, 1.5785840261, -1.87861450935, -1.58998940016, 0.000874938079472
1.55949431629, -1.25255319031, 1.57834707579, -1.87872630609, -1.5899888296, 0.000894659764252
1.55952416901, -1.25235277133, 1.57807348914, -1.87874366367, -1.5899878004, 0.000894472638514
1.55951541794, -1.25215535825, 1.57778179282, -1.87867124188, -1.58998782688, 0.000799848408965
1.55953835982, -1.25194449918, 1.57752496447, -1.87875225153, -1.58998727812, 0.000788959952899
1.55959063707, -1.25172063044, 1.57722918633, -1.87873069026, -1.58998652178, 0.000741061246875
1.55955342566, -1.25150940274, 1.57692487564, -1.87861040841, -1.5899878118, 0.00065539241607
1.55954795875, -1.25128363849, 1.576655439, -1.87864470522, -1.58998811437, 0.000646352057023
1.55957289028, -1.25104401103, 1.57634208833, -1.87856096201, -1.58998797608, 0.000584815681023
1.55962631988, -1.25079062332, 1.57606442261, -1.87863183124, -1.58998771755, 0.000596039710791
1.55958890855, -1.25055033137, 1.57576791492, -1.87856742709, -1.58998953356, 0.000429104224212
1.55958346475, -1.2502966842, 1.57541981919, -1.87835896931, -1.58999024974, 0.000339321241778
1.55960746698, -1.2500304013, 1.57510711714, -1.87830366771, -1.58999051649, 0.000316145830165
1.55965868345, -1.24975313662, 1.57474380919, -1.87810262326, -1.58999062565, 0.000233613916909
1.55961864981, -1.2494912862, 1.5744471426, -1.87805791042, -1.58999276922, 9.39553928145e-05
1.55960950069, -1.24921950606, 1.57409886499, -1.87786516214, -1.58999376148, 1.91676533428e-05
1.55962883442, -1.24893901505, 1.57378613299, -1.87782167202, -1.58999422661, -1.443437812e-08
1.55967605242, -1.24865147795, 1.57342247139, -1.87762786651, -1.58999442431, 3.82279949629e-05
1.55962987022, -1.2483842729, 1.57312593074, -1.87758593107, -1.58999663085, -8.74538192981e-05
1.55961423438, -1.24811185725, 1.57277771181, -1.87739100453, -1.58999767434, -0.000153300575274
1.5596269564, -1.24783558203, 1.57246496195, -1.87734023324, -1.58999809134, -0.000167921470965
1.55966766755, -1.24755704749, 1.57210110746, -1.8771340083, -1.58999811698, -0.000129081466063
1.55961438079, -1.24730374721, 1.57180314449, -1.87707008882, -1.59000007109, -0.000221948889711
1.5595922651, -1.24704964285, 1.57145320692, -1.87684830918, -1.59000089871, -0.000258739446336
1.55959940661, -1.24679578458, 1.57113578085, -1.87675700817, -1.59000099898, -0.000246738242026
1.55963560345, -1.24654329008, 1.57076686908, -1.87650610665, -1.5900005634, -0.000182946960895
1.55957759909, -1.24631948506, 1.57046104159, -1.87638413977, -1.59000196453, -0.000214725961004
1.55955093678, -1.2460973871, 1.5701840101, -1.87637965842, -1.59000229848, -0.000195774229192
1.55955661338, -1.24587729416, 1.56985461017, -1.87621399205, -1.59000178427, -0.000116027327232
1.55959160987, -1.24565970666, 1.56955547456, -1.87616879225, -1.59000063247, 2.13859849206e-06
1.55953387807, -1.24547142297, 1.56923652121, -1.87596771635, -1.59000119225, 4.24557066308e-05
1.55950922808, -1.24528438399, 1.56894721422, -1.87588852214, -1.59000070561, 0.000130033575727
1.55951726231, -1.24509817046, 1.56868681566, -1.87592880012, -1.58999935233, 0.000266112463
1.55955776081, -1.24491230691, 1.56837407081, -1.87580963914, -1.58999728495, 0.000457394362993
1.55950495905, -1.24475320174, 1.5681255161, -1.87582528408, -1.58999694204, 0.000573420893047
1.55948787422, -1.24459176953, 1.56782793773, -1.87569756774, -1.58999556961, 0.000740747660449
1.55950442197, -1.24442709508, 1.56756332524, -1.87570776746, -1.58999344341, 0.000945544036453
1.55955387417, -1.24425817581, 1.56725697852, -1.87559976635, -1.58999077516, 0.00118120480255
1.55951090467, -1.24411085801, 1.56701779746, -1.87564228562, -1.58999004489, 0.00130849081712
1.55950326225, -1.24395588092, 1.56674129962, -1.87558666482, -1.58998844131, 0.00144751561256
1.55952866285, -1.24379212571, 1.56649935589, -1.87567943679, -1.58998635744, 0.00158173647642
1.55958594683, -1.24361846732, 1.56622342298, -1.87568556969, -1.58998406174, 0.0017028046214
1.55955297981, -1.24346014033, 1.56594744345, -1.87561890594, -1.58998390582, 0.00167916339926
1.55955253874, -1.24328883891, 1.56570627362, -1.87570528815, -1.58998299788, 0.00162259175524
1.5595861094, -1.24310305033, 1.56543231043, -1.87571486989, -1.58998171375, 0.00168095484305
1.55953010923, -1.24292863521, 1.56515817229, -1.87565558854, -1.58998249645, 0.00156610842909
1.55951063191, -1.24273698328, 1.56491786221, -1.87575256689, -1.58998228684, 0.00156453677277
1.55952607736, -1.24252772823, 1.5646408725, -1.87576337944, -1.58998169209, 0.00149316414969
1.55957664073, -1.24230023831, 1.56432586506, -1.8756839894, -1.58998103309, 0.0015364099214
1.559536841, -1.24208152562, 1.56407782454, -1.8757683629, -1.58998262606, 0.00136385338974
1.55953442249, -1.24184361661, 1.56378419998, -1.87573899487, -1.58998305599, 0.00130657233389
1.55956563852, -1.2415874543, 1.56344384722, -1.87558901174, -1.58998316564, 0.00115093089856
1.55957711226, -1.24132504459, 1.56315198621, -1.87559903906, -1.58998414991, 0.00104499224967
1.55962246747, -1.24104532739, 1.56280764209, -1.87546773917, -1.58998460461, 0.00104059676045
1.55957699036, -1.24077638537, 1.56253032924, -1.87549822049, -1.58998706026, 0.000803259113516
1.55956774403, -1.2404915503, 1.56219984494, -1.87538520239, -1.5899881227, 0.000666356973224
1.55959199275, -1.24019270073, 1.56190382055, -1.87542578813, -1.58998875596, 0.000617362555289
1.55964668219, -1.23988194422, 1.56155602311, -1.87532044523, -1.58998928444, 0.000471853689743
1.55961306007, -1.23958680889, 1.56118746675, -1.87507238882, -1.58999180439, 0.000291907842546
1.55961193046, -1.23928266234, 1.56085352971, -1.87497292698, -1.5899930474, 0.000188003035242
1.55964321029, -1.23897126735, 1.56046714611, -1.87472177794, -1.58999372758, 0.000159750243503
1.55958297531, -1.2386815632, 1.56014774885, -1.87462085009, -1.5899963042, 3.87903852428e-05
1.55955856252, -1.23838750124, 1.55977492349, -1.87436422926, -1.58999747788, -7.22694440378e-06
1.55956779044, -1.23809141702, 1.55943623852, -1.87424847393, -1.589997963, 1.39414984565e-05
1.55960918567, -1.23779523372, 1.5590449735, -1.87397361366, -1.58999804658, 1.12681425762e-05
1.5595579827, -1.23752785489, 1.55872087292, -1.87384173094, -1.59000007129, -4.99320941939e-05
1.55954275078, -1.23726251087, 1.55834313786, -1.8735473149, -1.59000081114, -3.87206837276e-05
1.55956099926, -1.23700107768, 1.55799866226, -1.87338473674, -1.590000744, 3.78637140258e-05
