4.77958783662e-09, 1.85652558773e-07, -1.41701580167e-07, -2.92555063663e-06
3.30947336202e-09, 5.3405076957e-05, -9.41124103261e-07, -9.79051592457e-06
-8.53674486656e-09, 0.000162585082769, -2.21775645946e-06, -1.42285289244e-05
-4.91011964421e-08, 0.000327853131488, -4.09068061678e-06, -1.63024551703e-05
-1.45213209346e-07, 0.000547205268369, -6.54092597682e-06, -2.27551553922e-05
-3.33985990308e-07, 0.000822636655061, -9.49572003466e-06, -2.68034100485e-05
-6.6172772506e-07, 0.00115413661884, -1.3081173364e-05, -2.86417360389e-05
-1.18418296802e-06, 0.00154169183501, -1.73684134108e-05, -2.85822776685e-05
-1.9627195279e-06, 0.00198328634162, -2.23651248078e-05, -3.28341362919e-05
-3.07370054498e-06, 0.00248091561769, -2.78888726046e-05, -3.52042596774e-05
-4.60074733999e-06, 0.00303456961592, -3.41462430728e-05, -3.55328329452e-05
-6.63689493063e-06, 0.00364424070735, -4.12037970888e-05, -3.35487080736e-05
-8.8261924116e-06, 0.00420218165196, -4.78246799087e-05, -3.54524227156e-05
-1.10914837289e-05, 0.00471046594014, -5.37830889184e-05, -3.20972203005e-05
-1.33570553685e-05, 0.00516908569562, -5.93072494896e-05, -2.31481467604e-05
-1.55547016584e-05, 0.00557803855591, -6.44149823124e-05, -8.10776211219e-06
-1.76105781844e-05, 0.00593512070331, -6.89650903646e-05, 2.806714085e-07
-1.94828125341e-05, 0.00624253454166, -7.28684254304e-05, 1.63084560866e-05
-2.11259735311e-05, 0.00650027697465, -7.63093881559e-05, 4.05545882573e-05
-2.24988838965e-05, 0.00670801898554, -7.90553793757e-05, 5.53255712101e-05
-2.35559970251e-05, 0.00686372914365, -8.11349467007e-05, 6.03847412031e-05
-2.4254794653e-05, 0.0069646186755, -8.25566667453e-05, 7.64192485777e-05
-2.45745915685e-05, 0.00701031563637, -8.32024561541e-05, 8.18476948662e-05
-2.44934030502e-05, 0.00699878134065, -8.31331688121e-05, 7.69583304542e-05
-2.40321428147e-05, 0.00693248593432, -8.25413279685e-05, 8.42708369435e-05
-2.31829835793e-05, 0.00680895023109, -8.12027273542e-05, 8.1242626906e-05
-2.1967445646e-05, 0.0066281915654, -7.89912209502e-05, 6.93791898735e-05
-2.04339965489e-05, 0.00639269183614, -7.614013491e-05, 6.95493113616e-05
-1.86045874828e-05, 0.00609995574464, -7.24109881033e-05, 6.07715901955e-05
-1.65451894762e-05, 0.00575248077822, -6.80711330308e-05, 6.32788703855e-05
-1.42982661582e-05, 0.00534776895939, -6.28670970379e-05, 5.75373775531e-05
-1.19466930206e-05, 0.00488831917131, -5.70629476888e-05, 6.23747233035e-05
-9.55388319479e-06, 0.00437162981966, -5.04058992535e-05, 5.96227056611e-05
-7.62622374906e-06, 0.00390586605298, -4.44387722352e-05, 6.47510581823e-05
-6.08274149738e-06, 0.00348852269603, -3.89472966386e-05, 6.08793172554e-05
-4.87568863661e-06, 0.00312340007265, -3.4162454922e-05, 6.42355232761e-05
-3.93984281055e-06, 0.00280799465784, -3.00871458168e-05, 5.91494127373e-05
-3.22645506357e-06, 0.00254127057187, -2.6817013735e-05, 6.07637587736e-05
-2.70482105214e-06, 0.0023267826255, -2.40899755571e-05, 6.85920101071e-05
-2.34584327863e-06, 0.00216705708131, -2.213443678e-05, 6.79890890496e-05
-1.90716376613e-06, 0.00195391586435, -1.95854088235e-05, 7.56365689333e-05
-1.60110680314e-06, 0.00179048581734, -1.79023187562e-05, 7.49591656213e-05
-1.40335163468e-06, 0.00167677526016, -1.68063525213e-05, 6.64180885604e-05
-1.30806206655e-06, 0.00161905569126, -1.64055532609e-05, 6.38728207698e-05
-1.13000228896e-06, 0.00150538932177, -1.53060993378e-05, 5.60339443541e-05
-1.03935117834e-06, 0.00144400925967, -1.48643517517e-05, 5.37156812908e-05
-1.0221587623e-06, 0.00143236367929, -1.52254466778e-05, 4.45729166592e-05
-1.08233401253e-06, 0.00147415120733, -1.6238565838e-05, 2.91405115396e-05
-1.0650944916e-06, 0.00146255595147, -1.64240343739e-05, 2.03955256124e-05
-9.68453203187e-07, 0.00139504382142, -1.60132124356e-05, 8.3409063504e-06
-9.50808260902e-07, 0.00138233548965, -1.61384804062e-05, -8.45873761159e-06
-8.61774269056e-07, 0.00131623558648, -1.55069863397e-05, -1.99749520848e-05
-8.47408013316e-07, 0.00130495460715, -1.55673268187e-05, -3.51315930101e-05
-7.62550661393e-07, 0.00123789954135, -1.49605577222e-05, -4.5270713884e-05
-6.2423556757e-07, 0.00112041486094, -1.36564038019e-05, -5.02252564192e-05
-5.55031863581e-07, 0.00105634659373, -1.30327283131e-05, -5.99435569e-05
-4.4779592967e-07, 0.000949173395236, -1.18229750818e-05, -6.39494381384e-05
-3.92880299294e-07, 0.000888724872672, -1.12367944816e-05, -7.32807521128e-05
-3.118171783e-07, 0.000791996703818, -1.01464957689e-05, -7.6421973273e-05
-2.66394468151e-07, 0.000731427517825, -9.58226789992e-06, -8.53148316036e-05
-2.49983040046e-07, 0.000706695423846, -9.35980417664e-06, -0.000100138796513
-2.13434486529e-07, 0.000651766049213, -8.61344259877e-06, -0.000107533911229
-1.63567217215e-07, 0.000567545902389, -7.49594812815e-06, -0.00012057220205
-1.36310244647e-07, 0.00051587679187, -6.82430168279e-06, -0.000126541789099
-1.01862777546e-07, 0.000440340964483, -5.84001273761e-06, -0.000139136849519
-8.0915345535e-08, 0.000388223367418, -5.2162971287e-06, -0.000143714580306
-7.13536317809e-08, 0.000357393579929, -4.99148471711e-06, -0.000156588510982
-5.56160608678e-08, 0.000308537875022, -4.6019882242e-06, -0.000159947207492
-4.63871103751e-08, 0.000279959498129, -4.31199050681e-06, -0.000154745254088
-3.36000032242e-08, 0.000238534793838, -3.94497001492e-06, -0.000140902036122
-2.58016634724e-08, 0.000206649812493, -3.84327870317e-06, -0.000135838872259
-2.10823870583e-08, 0.000191054776417, -3.96029029915e-06, -0.000123348899123
-1.56264389206e-08, 0.000163554543597, -3.86458264942e-06, -0.00011855649681
-1.19494162343e-08, 0.000148420165735, -3.90947006002e-06, -0.000106877460903
-6.9704092498e-09, 0.000125041908742, -3.85693664548e-06, -8.86467871435e-05
-2.41448960825e-09, 9.18630091079e-05, -3.72391920343e-06, -7.70979130122e-05
5.86053872098e-10, 6.87938219984e-05, -3.59085900094e-06, -6.04168609504e-05
3.05137892731e-09, 3.99103788342e-05, -3.33647071478e-06, -4.31400174927e-05
4.16188461472e-09, 1.629861417e-05, -3.09464540972e-06, -3.11255235948e-05
4.6475370219e-09, -4.91169606661e-06, -2.63528536349e-06, -1.55449484627e-05
4.54626891688e-09, -2.15028216899e-05, -2.21128356957e-06, 2.82668860463e-06
3.91402021904e-09, -3.44419201896e-05, -1.83765158227e-06, 2.34547628626e-05
2.47566500633e-09, -4.8923882804e-05, -1.49754924492e-06, 4.71239857842e-05
8.17631296002e-10, -6.07801666639e-05, -1.15764789286e-06, 6.50919175349e-05
-7.63315410879e-10, -7.19107004464e-05, -7.79903181348e-07, 7.69588383517e-05
-2.07912198569e-09, -8.31314061055e-05, -3.47286455899e-07, 8.2553507267e-05
-3.11564118949e-09, -9.53048310263e-05, 1.43389396806e-07, 8.19514493335e-05
-4.17064316416e-09, -0.000110501556174, 7.08711898822e-07, 7.54849591217e-05
-6.54444709536e-09, -0.000130455580722, 1.36712371339e-06, 7.50743334148e-05
-1.02880234332e-08, -0.000153850862893, 1.99917110809e-06, 8.04347628871e-05
-1.5931932329e-08, -0.000181776262895, 2.57105596581e-06, 9.15556302249e-05
-2.43338709183e-08, -0.000215458452593, 3.04754771133e-06, 0.000108645746002
-3.51264605181e-08, -0.000256538379369, 3.68901357278e-06, 0.000118301141164
-4.94984597754e-08, -0.000306621100145, 4.48367092256e-06, 0.000120532583716
-6.99685359651e-08, -0.000368910975504, 5.45164546278e-06, 0.00011567120472
-8.79266560672e-08, -0.000414142545468, 6.332888599e-06, 0.000117757972302
-1.00625653476e-07, -0.000441313859088, 6.98454668816e-06, 0.000126540032148
-1.06645868359e-07, -0.000450140920573, 7.27637027399e-06, 0.000142055343422
-1.06049482751e-07, -0.000441039013025, 7.10581064386e-06, 0.000164623326765
-9.71915170567e-08, -0.000415395708984, 6.78187051542e-06, 0.000177062770984
-8.21736091394e-08, -0.000376440171092, 6.29763213078e-06, 0.000179354782575
-6.6011266564e-08, -0.000324306890624, 5.83199181462e-06, 0.000190738947808
-5.17646933096e-08, -0.000261517733098, 5.15747914652e-06, 0.000211374190833
-4.2671036482e-08, -0.000190878860614, 4.12183719718e-06, 0.00024178116401
-3.54130985647e-08, -0.00011579370332, 3.13344728955e-06, 0.000258797188245
-3.04698209996e-08, -4.08268498239e-05, 2.17147277083e-06, 0.000262365933465
-3.45824934245e-08, 3.31689295662e-05, 1.33798477044e-06, 0.000278623054738
-4.82620954312e-08, 0.000106706135176, 2.96884261958e-07, 0.000307742895976
-6.33076538969e-08, 0.000182316776174, -5.8071341517e-07, 0.000320847859001
-8.03561375218e-08, 0.000262975323052, -1.44401292184e-06, 0.000317996779672
-1.01478595083e-07, 0.000350133110442, -2.38759102738e-06, 0.000299876763204
-1.27853469256e-07, 0.000420587335553, -3.04654491187e-06, 0.000297273818338
-1.54707907485e-07, 0.000472356467021, -3.73558159782e-06, 0.000309594885639
-1.69138260175e-07, 0.000503735166706, -4.0063342216e-06, 0.000306723184291
-1.68628727759e-07, 0.000512871799393, -3.94778574128e-06, 0.000289434186096
-1.76773308103e-07, 0.000529873589884, -3.90878847149e-06, 0.000286937404453
-1.78441387888e-07, 0.000526270633144, -3.86964588801e-06, 0.000299123351616
-1.65465997348e-07, 0.000502554273268, -3.43838700772e-06, 0.000296525102263
-1.3971927193e-07, 0.000458977531068, -2.72715811271e-06, 0.000279890160082
-1.28845444647e-07, 0.000436231616349, -2.20083076885e-06, 0.000277409075355
-1.16249136428e-07, 0.000398095462437, -1.74505733283e-06, 0.000289107256763
-9.61534643018e-08, 0.000346169871256, -1.00498543215e-06, 0.000286426462595
-7.91426607583e-08, 0.000308511266198, -4.32914702236e-07, 0.000269580628841
-6.48994542551e-08, 0.000260935583147, 3.59086345134e-07, 0.000266981620465
-5.92506135266e-08, 0.000225943446059, 7.44297015601e-07, 0.000277521202143
-4.9652507883e-08, 0.000183576698163, 1.320780831e-06, 0.000274172671063
-3.93373342789e-08, 0.000148264874867, 1.80425744663e-06, 0.000257403821657
-3.47125578282e-08, 0.000120373757275, 2.33874172764e-06, 0.000253963761366
-3.4708430241e-08, 9.84848537093e-05, 2.57372258869e-06, 0.000263208582646
-3.20458246605e-08, 8.09983624974e-05, 2.85144207797e-06, 0.000259018477974
-2.66848717567e-08, 6.54314236004e-05, 3.08904773355e-06, 0.000242170844972
-2.49801347385e-08, 5.32387594315e-05, 3.47312019375e-06, 0.000238079041099
-2.6466242975e-08, 4.38760630081e-05, 3.62250881535e-06, 0.000246093564295
-2.50374924127e-08, 3.64847215869e-05, 3.83541218166e-06, 0.00024144756768
-2.09357347014e-08, 2.91424127143e-05, 4.01460921923e-06, 0.000224886327778
-1.97984414418e-08, 2.37908208089e-05, 4.38988422968e-06, 0.000220407343931
-2.12807585998e-08, 2.02832168945e-05, 4.55515487246e-06, 0.000227370066646
-2.01327462479e-08, 1.81136606654e-05, 4.76497592301e-06, 0.000222446558088
-1.66407526647e-08, 1.56280273055e-05, 4.91337131625e-06, 0.000206351442164
-1.56645929561e-08, 1.49667346884e-05, 5.27852500335e-06, 0.0002016063216
-1.69079913404e-08, 1.61717368184e-05, 5.43044837846e-06, 0.000207587948818
-1.59069325489e-08, 1.89259609699e-05, 5.5843169585e-06, 0.000202465495879
-1.29382075054e-08, 2.17425379299e-05, 5.63305392576e-06, 0.000186921733747
-1.21486284366e-08, 2.68444566985e-05, 5.89969787926e-06, 0.0001819604749
-1.33065334307e-08, 3.44069689203e-05, 5.93900866781e-06, 0.000186980598182
-1.27185442178e-08, 4.42805660015e-05, 5.93522962983e-06, 0.000181683466281
-1.06519505438e-08, 5.51695589848e-05, 5.78654332457e-06, 0.000166716902896
-1.06899022967e-08, 6.94106314944e-05, 5.84251952785e-06, 0.000161541396049
-1.27592202359e-08, 8.73927565059e-05, 5.66135256292e-06, 0.000165579842535
-1.3173173552e-08, 0.00010103472645, 5.50568904553e-06, 0.000160236723677
-1.17914266129e-08, 0.000108474037926, 5.29204115984e-06, 0.000146136987178
-1.14188799527e-08, 0.000111525680116, 5.37897292839e-06, 0.00014120424217
-1.18052420062e-08, 0.000110244745438, 5.35640370272e-06, 0.000144898854246
-1.03677150198e-08, 0.000103259319664, 5.38517319199e-06, 0.000140041892741
-1.03669318685e-08, 9.81527143705e-05, 5.57592359915e-06, 0.000143654467188
-1.13549851743e-08, 8.95646991609e-05, 5.61036622233e-06, 0.000155642050017
-1.13816908121e-08, 8.53694370492e-05, 5.5512646074e-06, 0.000158153132049
-1.02021345816e-08, 8.35634108164e-05, 5.33002168014e-06, 0.000151528233499
-1.0735233813e-08, 8.57300878349e-05, 5.30750240379e-06, 0.000153819500904
-1.29941057914e-08, 9.15450807451e-05, 5.07932033467e-06, 0.000164771657361
-1.40976248453e-08, 0.000100991563539, 4.81215314743e-06, 0.000165953564334
-1.40140636873e-08, 0.000112659190973, 4.42197731521e-06, 0.000157747484869
-1.61252032838e-08, 0.000128829922644, 4.22619630326e-06, 0.000158755111868
-2.06886976439e-08, 0.000149951867944, 3.82633846762e-06, 0.000168656397336
-2.49753653314e-08, 0.000176293806913, 3.39831866579e-06, 0.000168604461403
-2.93045137045e-08, 0.000207086359124, 2.84437969128e-06, 0.000159009323727
-3.44800793473e-08, 0.000230733321359, 2.62045875911e-06, 0.000159006963012
-4.39191002455e-08, 0.000263052035245, 2.15579303152e-06, 0.000167943344119
-5.55357608789e-08, 0.000304640057332, 1.62801968162e-06, 0.000166826534226
-6.22839931852e-08, 0.00033109871197, 1.22447368988e-06, 0.00015655003976
-7.58034313098e-08, 0.000370121262725, 8.95679496243e-07, 0.000155512361176
-8.60724399532e-08, 0.000393518198393, 6.2410603871e-07, 0.000163877086687
-1.01570082234e-07, 0.000431751299251, 2.16377989122e-07, 0.000162168775271
-1.08022533696e-07, 0.000450179067757, -1.6054706903e-08, 0.00015149802479
-1.24668568358e-07, 0.000486250837032, -2.49435186167e-07, 0.00014988319235
-1.33850164175e-07, 0.000502409464958, -3.81295606058e-07, 0.000157647339266
-1.52027760048e-07, 0.000538018743663, -7.24141322143e-07, 0.000155430347882
-1.56858526834e-07, 0.000549907352265, -8.59825807179e-07, 0.000144519834722
-1.51533764647e-07, 0.000540479946422, -5.21221782056e-07, 0.000143235648826
-1.59592149607e-07, 0.000553311515258, -6.10572697965e-07, 0.000150326501285
-1.54391507134e-07, 0.000544335053241, -4.21783971223e-07, 0.000148492259629
-1.59110049802e-07, 0.000555799423249, -5.83615484292e-07, 0.000137384582583
-1.53326718988e-07, 0.000545729412997, -2.72001006674e-07, 0.000135648580387
-1.61006205035e-07, 0.000558041850706, -3.91848053482e-07, 0.000142018703925
-1.55350186493e-07, 0.000548382708107, -2.43648627192e-07, 0.000139801587767
-1.59843940972e-07, 0.0005592006898, -4.53497106303e-07, 0.000128646914293
-1.53573131545e-07, 0.00054836269365, -1.82444912089e-07, 0.000126539920013
-1.60667823046e-07, 0.000559842210123, -3.3100562473e-07, 0.000132211948093
-1.54495770066e-07, 0.000549307251143, -2.11603509009e-07, 0.000129695043651
-1.58571229369e-07, 0.000559137983968, -4.45468683163e-07, 0.000118637006008
-1.51758984712e-07, 0.000547332592008, -1.90565188195e-07, 0.000116244281254
-1.5806740461e-07, 0.000557673442038, -3.33959510943e-07, 0.000121255076255
-1.51363468426e-07, 0.000546119804643, -2.05792390191e-07, 0.000118523497914
-1.54886122705e-07, 0.000554744668797, -4.2244220114e-07, 0.00010769486721
-1.4758152922e-07, 0.000541926487704, -1.43680884375e-07, 0.000105102269383
-1.53029255823e-07, 0.000551031765687, -2.40984887789e-07, 0.000109499827453
-1.46011730928e-07, 0.000538721470996, -7.03310160532e-08, 0.000106632082407
-1.49093830837e-07, 0.000546362180153, -2.4137054722e-07, 9.61443621072e-05
-1.6502034661e-07, 0.000575353034655, -4.36292059814e-07, 9.26129036637e-05
-1.68787346322e-07, 0.000581232581858, -4.40342659105e-07, 9.64932387236e-05
-1.86393006585e-07, 0.000609820764811, -9.16439601793e-07, 0.000102330652363
-1.87747774105e-07, 0.000612232533196, -1.16507702888e-06, 0.000101159626369
-2.04966911777e-07, 0.000638825288295, -1.47089178676e-06, 0.000106778547316
-2.07241315442e-07, 0.000640020299756, -1.56517979542e-06, 0.000120091394115
-2.24919469272e-07, 0.000666272975586, -1.94569664935e-06, 0.000124431560056
-2.23191968574e-07, 0.00066430966354, -2.06286911391e-06, 0.000120996247953
-2.40281584962e-07, 0.000688806147327, -2.28803670515e-06, 0.000125186890477
-2.40113097405e-07, 0.000686129230427, -2.3037095457e-06, 0.000137895968993
-2.5754646793e-07, 0.000710489708386, -2.62682711049e-06, 0.00014091888706
-2.52960061453e-07, 0.000705048565028, -2.66522771227e-06, 0.000135599650254
-2.69670373587e-07, 0.000727811650978, -2.85077379765e-06, 0.000138529914242
-2.67217539096e-07, 0.000722023581781, -2.83003100716e-06, 0.000150587961031
-2.84170509457e-07, 0.000744753164877, -3.13378342675e-06, 0.000152452057676
-2.77008991523e-07, 0.000736465806533, -3.13628718755e-06, 0.000145581505209
-2.93104435278e-07, 0.000757653948542, -3.3136452896e-06, 0.000147397719276
-2.88510147439e-07, 0.000749247397198, -3.28372038852e-06, 0.000158762575496
-3.04725952804e-07, 0.000770410726132, -3.58572076799e-06, 0.000159605944667
-2.95239054093e-07, 0.000759663179803, -3.56950525471e-06, 0.000151475812516
-3.10452455854e-07, 0.00077926995837, -3.74613346457e-06, 0.000152305295064
-3.0382470606e-07, 0.000768540521771, -3.7087659554e-06, 0.000162938088062
-3.19031981277e-07, 0.000788089405338, -4.00144762853e-06, 0.000162882557284
-3.07457719284e-07, 0.000775130639438, -3.95867086895e-06, 0.000153752898929
-3.21539187165e-07, 0.000793096760477, -4.11928586746e-06, 0.000153709531287
-3.13014234865e-07, 0.000780270702907, -4.05583865454e-06, 0.000163576713214
-3.27000688083e-07, 0.000798165396995, -4.31634703144e-06, 0.000162734220113
-3.13634827331e-07, 0.000783235894201, -4.2278661039e-06, 0.000152843070814
-3.26432568976e-07, 0.00079956196132, -4.34778100979e-06, 0.00015203482208
-3.16243597975e-07, 0.000784907213093, -4.23430830473e-06, 0.000161113694304
-3.28925382043e-07, 0.000801204489263, -4.44084052428e-06, 0.000159593515323
-3.14162534654e-07, 0.000784617243011, -4.29320050072e-06, 0.000149164707059
-3.25667707801e-07, 0.000799417633546, -4.35447839077e-06, 0.000147700996323
-3.14159254056e-07, 0.000783285961917, -4.17711983598e-06, 0.000155986704045
-3.25592757755e-07, 0.000798153452044, -4.32217823786e-06, 0.000153901215774
-3.09901725837e-07, 0.000780296626556, -4.11875566223e-06, 0.000143148017457
-3.20226430817e-07, 0.000793776974027, -4.12064041173e-06, 0.000141144195813
-3.0780396687e-07, 0.00077657081829, -3.88384953024e-06, 0.000148654996378
-3.18134757205e-07, 0.000790234063553, -3.97857372252e-06, 0.000146121517558
-3.01983703155e-07, 0.00077151150055, -3.7404208266e-06, 0.000135244659272
-3.11290803356e-07, 0.000783896740843, -3.69982151377e-06, 0.000132821345433
-2.9834039672e-07, 0.000765995349205, -3.42437581498e-06, 0.000139599040397
-3.07725933291e-07, 0.000778659452017, -3.49284638777e-06, 0.000136736310101
-2.91504690608e-07, 0.000759415236714, -3.24984206012e-06, 0.00012591672717
-2.99935493442e-07, 0.000770877350051, -3.19253102625e-06, 0.000123193363461
-2.86761634993e-07, 0.000752572080121, -2.90505362609e-06, 0.000129297338006
-2.95313900334e-07, 0.000764366342799, -2.97206444363e-06, 0.000126217126181
-2.7929511226e-07, 0.000744839350775, -2.74954429011e-06, 0.000115605868362
-2.86933231175e-07, 0.000755465303867, -2.69725605231e-06, 0.000112690143657
-2.73742814527e-07, 0.00073693933321, -2.41736370521e-06, 0.000118185949591
-2.8151582887e-07, 0.00074791187779, -2.49671914295e-06, 0.00011498241941
-2.65866376803e-07, 0.000728240893703, -2.30530241962e-06, 0.000104691729597
-2.72747034624e-07, 0.000738051599123, -2.26616799345e-06, 0.000101668506298
-2.59675309144e-07, 0.000719407898073, -1.99866817607e-06, 0.000106614358479
-2.66691538631e-07, 0.000729564348802, -2.08862774094e-06, 0.000103355181971
-2.51515762884e-07, 0.000709832178969, -1.92276710972e-06, 9.34549739751e-05
-2.57662163494e-07, 0.000718832448569, -1.89007662581e-06, 9.03791363954e-05
-2.44814560846e-07, 0.000700145927545, -1.62594921854e-06, 9.4815015018e-05
-2.51103785431e-07, 0.000709502027343, -1.71343405401e-06, 9.15381567778e-05
-2.36487418426e-07, 0.000689787060741, -1.55833498369e-06, 8.20606618483e-05
-2.41944789647e-07, 0.000698011994681, -1.51707725545e-06, 7.89573524733e-05
-2.2942653044e-07, 0.000679372279556, -1.2412665652e-06, 8.29009173926e-05
-2.3508808622e-07, 0.000687994496276, -1.31955101729e-06, 8.00358535822e-05
-2.21147332002e-07, 0.000668406407047, -1.16927016739e-06, 7.13716454935e-05
-2.26023052274e-07, 0.000675944236585, -1.11390461772e-06, 6.86439416637e-05
-2.1398275396e-07, 0.000657474517923, -8.23563413033e-07, 7.25246942515e-05
-2.19710007965e-07, 0.000665591178193, -1.0310687611e-06, 7.72986219816e-05
-2.21334896189e-07, 0.000668220216319, -1.28266506645e-06, 7.56150083467e-05
-2.41409373491e-07, 0.000697152444429, -1.61833355693e-06, 7.97642015394e-05
-2.43200007133e-07, 0.000698380472654, -1.70425467594e-06, 9.07168944272e-05
-2.63785458254e-07, 0.000726869271045, -2.11925453068e-06, 9.37827668549e-05
-2.61973905236e-07, 0.000724822199378, -2.26024199861e-06, 9.02396893832e-05
-2.81888990705e-07, 0.000751439287052, -2.52882165599e-06, 9.31573612532e-05
-2.80618749127e-07, 0.000748387091382, -2.53758473499e-06, 0.000103515847523
-3.00833969735e-07, 0.000774666986625, -2.89247348065e-06, 0.000105443498886
-2.95680387841e-07, 0.000768666062966, -2.94582743768e-06, 0.000100360765588
-3.14996543072e-07, 0.000793164011196, -3.16251061475e-06, 0.000102184273483
-3.10761427702e-07, 0.000786485810752, -3.11253150207e-06, 0.000111896959671
-3.30221778921e-07, 0.000810720391531, -3.42453845333e-06, 0.000112835973881
-3.21992506214e-07, 0.000801368670241, -3.41665658387e-06, 0.00010653299305
-3.40382985131e-07, 0.000823882105553, -3.59752398556e-06, 0.000107419632531
-3.33404042818e-07, 0.000814123179631, -3.50574162085e-06, 0.000116477128745
-3.51822898148e-07, 0.000836424222642, -3.78805534455e-06, 0.000116591731426
-3.40882820415e-07, 0.000824230657423, -3.73805276407e-06, 0.000109376250176
-3.58111237553e-07, 0.000844858507719, -3.89339887728e-06, 0.000109494654583
-3.4869627763e-07, 0.000832490297145, -3.77003974584e-06, 0.000117923341857
-3.65877995345e-07, 0.000852953358365, -4.02818014871e-06, 0.000117379676054
-3.52656734592e-07, 0.000838372725316, -3.94580450786e-06, 0.00010952962219
-3.68581084764e-07, 0.000857218037925, -4.07825705106e-06, 0.0001090432298
-3.57108795646e-07, 0.000842678247239, -3.92614570679e-06, 0.000116889732653
-3.72957348782e-07, 0.000861421247231, -4.15894665266e-06, 0.000115838186273
-3.57929832995e-07, 0.000844888629741, -4.04697019467e-06, 0.000107583233504
-3.72509532887e-07, 0.000862090035256, -4.15371195846e-06, 0.000106631297136
-3.59410535888e-07, 0.000845807367963, -3.97119677501e-06, 0.000113942342089
-3.73929720188e-07, 0.000862990828947, -4.17477576603e-06, 0.000112501065468
-3.5758984096e-07, 0.000844933579345, -4.03371087079e-06, 0.000104011147704
-3.70875270495e-07, 0.000860671381066, -4.11079584286e-06, 0.000102694048918
-3.56596649764e-07, 0.000843063423044, -3.89602763871e-06, 0.000109498160096
-3.69867813932e-07, 0.00085888182067, -4.06812124537e-06, 0.00010774390274
-3.52689176419e-07, 0.000839704750022, -3.90048778669e-06, 9.91298962506e-05
-3.64788308338e-07, 0.000854178893688, -3.94667348791e-06, 9.75044293188e-05
-3.49746342443e-07, 0.000835626630613, -3.70082180134e-06, 0.000103801683681
-3.61886946076e-07, 0.000850275997769, -3.84327654292e-06, 0.000101771838733
-3.44280739584e-07, 0.000830330209387, -3.65547794633e-06, 9.30995725161e-05
-3.55313945821e-07, 0.000843722141567, -3.67378473444e-06, 9.11866515298e-05
-3.39852315512e-07, 0.0008245370693, -3.40180729242e-06, 9.6950264445e-05
-3.50971715579e-07, 0.000838175936446, -3.52035194212e-06, 9.4656238057e-05
-3.33258445728e-07, 0.000817730182748, -3.32174872941e-06, 8.59702484675e-05
-3.43320269325e-07, 0.000830168204531, -3.31840413355e-06, 8.37732059606e-05
-3.27691022983e-07, 0.000810571517129, -3.0274400832e-06, 8.89627914161e-05
-3.37958088736e-07, 0.000823311761169, -3.14846446451e-06, 8.73595077271e-05
-3.2043774989e-07, 0.000802559087019, -2.96642165896e-06, 7.95820228088e-05
-3.296600255e-07, 0.000814120396443, -2.96668961617e-06, 7.80186536577e-05
-3.14140631619e-07, 0.000794264632754, -2.68337236262e-06, 8.35789821218e-05
-3.23460523921e-07, 0.000806116887711, -2.79074953879e-06, 8.15874212564e-05
-3.06153426277e-07, 0.000785140198803, -2.60914453473e-06, 7.36383617088e-05
-3.14447462291e-07, 0.000795811955857, -2.59636547787e-06, 7.16882457474e-05
-2.99053408148e-07, 0.00077575736641, -2.30430093319e-06, 7.66140610879e-05
-3.07579355541e-07, 0.000786740455532, -2.43299599286e-06, 7.58942793798e-05
-2.90723312868e-07, 0.000765634039726, -2.28570456972e-06, 6.93802782887e-05
-2.98219656525e-07, 0.000775427930669, -2.29282917091e-06, 6.86533321733e-05
-2.83216546326e-07, 0.00075526765475, -2.02648433152e-06, 7.46154423516e-05
-2.90783327528e-07, 0.000765336378365, -2.13947669164e-06, 7.34166869138e-05
-2.74305061887e-07, 0.000744139620565, -1.98852268907e-06, 6.65590599274e-05
-2.80879779768e-07, 0.000753024917369, -1.97907780212e-06, 6.53974515061e-05
-2.66233205592e-07, 0.000732816686885, -1.70336418723e-06, 7.07879337274e-05
-2.72891990449e-07, 0.000741992283433, -1.79945019144e-06, 6.92524985251e-05
-2.56943959331e-07, 0.000720816081848, -1.64589013521e-06, 6.22664349659e-05
-2.62670074469e-07, 0.00072883903168, -1.6192456859e-06, 6.08186869587e-05
-2.48514254064e-07, 0.000708713435173, -1.33342236704e-06, 6.57246079378e-05
-2.54572127267e-07, 0.000717117635552, -1.46791638264e-06, 6.6724215353e-05
-2.39476949271e-07, 0.000696159655657, -1.36522417591e-06, 6.23016862847e-05
-2.44653735604e-07, 0.000703465714537, -1.3756712586e-06, 6.33190031902e-05
-2.34161986912e-07, 0.00068768432587, -1.18774753931e-06, 7.05731206798e-05
-2.42332923506e-07, 0.000699424921309, -1.3476909687e-06, 7.09685881852e-05
-2.30197575224e-07, 0.000682368760659, -1.2753229067e-06, 6.58341448328e-05
-2.37479546583e-07, 0.000692914080551, -1.31061499922e-06, 6.6296192453e-05
-2.26811857407e-07, 0.000676634319913, -1.10560546493e-06, 7.31862501084e-05
-2.3420765094e-07, 0.000687479929293, -1.24219644177e-06, 7.31631034987e-05
-2.21992143112e-07, 0.000670065382258, -1.1523206371e-06, 6.75505857516e-05
-2.28568035276e-07, 0.000679802163883, -1.16632198025e-06, 6.76126099711e-05
-2.17942666025e-07, 0.000663291076834, -9.48922787926e-07, 7.41425683445e-05
-2.24673558424e-07, 0.00067340577405, -1.06726877981e-06, 7.37453695311e-05
-2.1259216576e-07, 0.00065586842995, -9.67258332739e-07, 6.77328734671e-05
-2.18563613763e-07, 0.000664943261839, -9.64689568134e-07, 6.74128806925e-05
-2.08129334323e-07, 0.000648396099794, -7.39152123559e-07, 7.35415915345e-05
-2.14282265376e-07, 0.000657902885319, -8.43575903451e-07, 7.27691946972e-05
-2.03793981912e-07, 0.000642457963398, -7.63717506394e-07, 6.6354299169e-05
-2.10588956051e-07, 0.000653025700648, -7.72726601274e-07, 6.55933984041e-05
-2.01510127362e-07, 0.000638370382915, -5.63173719267e-07, 7.12105355159e-05
-2.08466384266e-07, 0.000649306993094, -6.79654172479e-07, 7.00034342716e-05
-1.97876938945e-07, 0.000633496960588, -5.92313069641e-07, 6.32683000306e-05
-2.04100325196e-07, 0.000643361186507, -5.87162018139e-07, 6.20841095357e-05
-1.94899646755e-07, 0.000628377150349, -3.65715995084e-07, 6.71495903736e-05
-2.01434282587e-07, 0.000638648542435, -5.09456642788e-07, 6.75580740019e-05
-2.01236230346e-07, 0.000638891315493, -6.5035561848e-07, 6.21101702882e-05
-2.1785689408e-07, 0.000664395386074, -8.67242913809e-07, 6.21252672753e-05
-2.17706665362e-07, 0.000663554028392, -8.5013665036e-07, 6.83842163251e-05
-2.34684379041e-07, 0.000688722817156, -1.16118833902e-06, 6.77939864857e-05
-2.31712940391e-07, 0.000684972916565, -1.23977144675e-06, 6.16780576857e-05
-2.47984687674e-07, 0.000708384882697, -1.41977674214e-06, 6.10405192977e-05
-2.45118629283e-07, 0.00070381390172, -1.34566350836e-06, 6.67020880427e-05
-2.61577554839e-07, 0.00072692725167, -1.61883383363e-06, 6.55513553226e-05
-2.55946820404e-07, 0.000719706722937, -1.64211417978e-06, 5.89991586602e-05
-2.71508410421e-07, 0.000741104047415, -1.78670684533e-06, 5.78457820227e-05
-2.66069770993e-07, 0.000733309349306, -1.66064160851e-06, 6.2943631201e-05
-2.81899474208e-07, 0.000754500057287, -1.951068356e-06, 6.39727655895e-05
-2.7402821301e-07, 0.000744356467305, -1.97797083763e-06, 5.96127279862e-05
-2.88815387939e-07, 0.000763886263914, -2.14106788744e-06, 6.05943314622e-05
-2.81342084629e-07, 0.000753418386495, -2.0246880877e-06, 6.78860411191e-05
-2.96126132171e-07, 0.000772757117656, -2.27671401047e-06, 6.82731235557e-05
-2.8612384817e-07, 0.000760142699997, -2.25468394191e-06, 6.31933157962e-05
-2.99808967208e-07, 0.000777902817407, -2.38281731586e-06, 6.36173111029e-05
-2.90487034538e-07, 0.000765222710912, -2.22918996371e-06, 7.05053687747e-05
-3.04154974762e-07, 0.0007828850194, -2.44880646296e-06, 7.04464049618e-05
-2.92477152053e-07, 0.000768311751361, -2.39014423881e-06, 6.49103031636e-05
-3.05050274707e-07, 0.000784501653368, -2.4896456647e-06, 6.49553925719e-05
-2.94314003169e-07, 0.000770112644983, -2.30742915211e-06, 7.1532498174e-05
-3.06899225477e-07, 0.000786317448588, -2.5012102743e-06, 7.11671267296e-05
-2.94016617497e-07, 0.000770276531455, -2.41680004701e-06, 6.53388250067e-05
-3.05551979052e-07, 0.000785127968525, -2.4936215173e-06, 6.51115082003e-05
-2.93832179588e-07, 0.000769496847124, -2.29058459727e-06, 7.14242066628e-05
-3.05430940872e-07, 0.000784480068701, -2.4640084223e-06, 7.08133306969e-05
-2.91771970029e-07, 0.00076740659864, -2.36206557374e-06, 6.47547444157e-05
-3.02382387019e-07, 0.00078114990726, -2.42054377784e-06, 6.42762386863e-05
-2.90049059326e-07, 0.000764669008532, -2.2021341154e-06, 7.03013610843e-05
-3.00773207562e-07, 0.000778645097274, -2.35869995834e-06, 6.94288323052e-05
-2.86682123818e-07, 0.000760882362142, -2.2444439311e-06, 6.31264432696e-05
-2.96473045225e-07, 0.000773706292787, -2.28674830764e-06, 6.23468908255e-05
-2.83798712974e-07, 0.000756662252326, -2.05543729865e-06, 6.79937149274e-05
-2.93734350287e-07, 0.000769785822526, -2.19646767498e-06, 6.67934604234e-05
-2.79454327901e-07, 0.000751563102489, -2.0726033758e-06, 6.02077564753e-05
-2.884900695e-07, 0.000763581787272, -2.09890831966e-06, 5.90448431039e-05
-2.75643121439e-07, 0.000746144049711, -1.85446202587e-06, 6.41839072972e-05
-2.84969711717e-07, 0.000758518690099, -2.01711336688e-06, 6.4439580792e-05
-2.70762347654e-07, 0.00073998380623, -1.91973504099e-06, 5.9267970921e-05
-2.79176784246e-07, 0.00075125555592, -1.96526503646e-06, 5.94348957273e-05
-2.66416784633e-07, 0.000733526476571, -1.74507142632e-06, 6.58570434709e-05
-2.749427368e-07, 0.000745100076381, -1.88507425297e-06, 6.53873801239e-05
-2.60701953469e-07, 0.000726247520264, -1.76975887995e-06, 5.94393412193e-05
-2.68305934692e-07, 0.000736688635821, -1.79145100475e-06, 5.88747044702e-05
-2.55524608139e-07, 0.000718642037192, -1.55368452064e-06, 6.4561199713e-05
-2.63202326156e-07, 0.000729345389642, -1.67047247759e-06, 6.34419744415e-05
-2.49016224529e-07, 0.000710179763004, -1.54052856061e-06, 5.69430168839e-05
-2.55763564216e-07, 0.000719710326727, -1.53872173557e-06, 5.57631580702e-05
-2.43008373091e-07, 0.000701352429211, -1.28260455134e-06, 6.07256218076e-05
-2.50032595406e-07, 0.000711164857978, -1.44097793491e-06, 6.22525959617e-05
-2.42753405155e-07, 0.000701202855577, -1.472816297e-06, 5.81973053542e-05
-2.55644203695e-07, 0.000719251287314, -1.62389516608e-06, 5.94228882663e-05
-2.48805781311e-07, 0.000709019518575, -1.51773784374e-06, 6.68454051385e-05
-2.61670111246e-07, 0.00072688334051, -1.75521144731e-06, 6.7420112414e-05
-2.52477076801e-07, 0.000714570100122, -1.73939647844e-06, 6.2517399496e-05
-2.64294921282e-07, 0.000730871619466, -1.85476632824e-06, 6.3093559509e-05
-2.5580540064e-07, 0.000718518526261, -1.7117645592e-06, 7.00479991568e-05
-2.67574293167e-07, 0.000734707177015, -1.91610061481e-06, 7.01284273706e-05
-2.56881237615e-07, 0.000720510716552, -1.86391880032e-06, 6.47381740431e-05
-2.6760986771e-07, 0.000735233568227, -1.95018976798e-06, 6.49249547099e-05
-2.57877276755e-07, 0.000721246362018, -1.7792511329e-06, 7.15737092076e-05
-2.68592969421e-07, 0.000735972394356, -1.95757225416e-06, 7.13754728952e-05
-2.5686320404e-07, 0.000720395151876, -1.88069604879e-06, 6.57375023472e-05
-2.66601088206e-07, 0.000733790011098, -1.94481631236e-06, 6.57140125622e-05
-2.56065725845e-07, 0.000718670114664, -1.75500406217e-06, 7.21759040832e-05
-2.65863196014e-07, 0.000732211203482, -1.91398388115e-06, 7.1813651773e-05
-2.53538983919e-07, 0.000715739950373, -1.82164909341e-06, 6.60204323789e-05
-2.62448876742e-07, 0.000728097680662, -1.86933068148e-06, 6.58463876618e-05
-2.51505482218e-07, 0.000712299668767, -1.66785281525e-06, 7.21463123512e-05
-2.60553525866e-07, 0.000724943216362, -1.81238868576e-06, 7.16157865787e-05
-2.47991922442e-07, 0.000707984122306, -1.71055147206e-06, 6.56287204528e-05
-2.56237745244e-07, 0.000719571715801, -1.74516325447e-06, 6.52434958291e-05
-2.45171946744e-07, 0.0007034389497, -1.53585006917e-06, 7.12945105502e-05
-2.53611578072e-07, 0.000715415098755, -1.66821018516e-06, 7.04935070729e-05
-2.41046505312e-07, 0.000698238184294, -1.55948924334e-06, 6.42008364252e-05
-2.48738238562e-07, 0.000709234867758, -1.58160187279e-06, 6.34634130154e-05
-2.37698310923e-07, 0.000692956760522, -1.36433493514e-06, 6.90899479461e-05
-2.45598875903e-07, 0.000704383720764, -1.48406599334e-06, 6.78737953148e-05
-2.43101359154e-07, 0.000701469646167, -1.5387227967e-06, 6.08967655057e-05
-2.60734277391e-07, 0.000726297070586, -1.71722857129e-06, 5.93792239528e-05
-2.58335950964e-07, 0.000722581466391, -1.63997877131e-06, 6.41323554159e-05
-2.76535998545e-07, 0.000747263296836, -1.96738150583e-06, 6.50646140906e-05
-2.71572736521e-07, 0.00074098351265, -2.02993616033e-06, 6.04359290533e-05
-2.88985862129e-07, 0.000764063193568, -2.23540851282e-06, 6.11708188178e-05
-2.84184330845e-07, 0.000757150355338, -2.16824704839e-06, 6.82276171867e-05
-3.01742773878e-07, 0.000780000890187, -2.45454156303e-06, 6.81603428317e-05
-2.94089578357e-07, 0.000770613469198, -2.45619694671e-06, 6.24156017752e-05
-3.1064491246e-07, 0.000791824452069, -2.62065303949e-06, 6.21666052159e-05
-3.03277887359e-07, 0.000781947866631, -2.50126130062e-06, 6.83721395313e-05
-3.19809588034e-07, 0.000802887803516, -2.74655963361e-06, 6.74573493062e-05
-3.09667226306e-07, 0.000790682660358, -2.69637405161e-06, 6.09574114865e-05
-3.25025175996e-07, 0.000809948947855, -2.82140348365e-06, 5.99397784135e-05
-3.15286528774e-07, 0.000797409250598, -2.65303881738e-06, 6.53620368748e-05
-3.30503864276e-07, 0.000816387226269, -2.86054000602e-06, 6.38680067857e-05
-3.18213340567e-07, 0.000801706009007, -2.7699903629e-06, 5.70453419312e-05
-3.32161499861e-07, 0.000819020046669, -2.86030834342e-06, 5.55757170597e-05
-3.20415948996e-07, 0.000804202932812, -2.65032461297e-06, 6.04169086716e-05
-3.34475822594e-07, 0.000821339696799, -2.90433914894e-06, 6.2545900617e-05
-3.20746599614e-07, 0.000804690700642, -2.85893162696e-06, 5.93766622574e-05
-3.33508867967e-07, 0.000820239707124, -2.99738382924e-06, 6.15081467964e-05
-3.20650503371e-07, 0.000803713634592, -2.83836500517e-06, 7.00359213169e-05
-3.3326367721e-07, 0.00081912200708, -3.05711296556e-06, 7.15878730558e-05
-3.18281543787e-07, 0.000800965602175, -2.97480064242e-06, 6.76463593609e-05
-3.29684830325e-07, 0.000814935637302, -3.08272038747e-06, 6.93379036057e-05
-3.16007901957e-07, 0.000797204558134, -2.90406959281e-06, 7.77171270851e-05
-3.27365223818e-07, 0.000811207697076, -3.09658149808e-06, 7.89342317901e-05
-3.11731082614e-07, 0.000792133914477, -2.99051893516e-06, 7.44632476521e-05
-3.22025379251e-07, 0.000804891351309, -3.07675899867e-06, 7.58873494371e-05
-3.08083239142e-07, 0.000786531850984, -2.88892258374e-06, 8.42227634127e-05
-3.18462646143e-07, 0.000799517469239, -3.0632315337e-06, 8.51787104001e-05
-3.02687796716e-07, 0.000780065008267, -2.9428163196e-06, 8.02073150276e-05
-3.12157584559e-07, 0.000791994818834, -3.01360377139e-06, 8.13510046084e-05
-2.98370276042e-07, 0.000773482146347, -2.82314363732e-06, 8.95859978482e-05
-3.08033339946e-07, 0.000785806634228, -2.98380140336e-06, 9.01853908563e-05
-2.92455431428e-07, 0.000766365459765, -2.85340513832e-06, 8.45837239561e-05
-3.01320369656e-07, 0.000777771135082, -2.91079072136e-06, 8.52761761783e-05
-2.87900925544e-07, 0.000759392507915, -2.71851988022e-06, 9.31943453532e-05
-2.97007023864e-07, 0.000771285718754, -2.86577720048e-06, 9.3230230589e-05
-2.81764962251e-07, 0.000752032516859, -2.72531324987e-06, 8.68176289477e-05
-2.90114410273e-07, 0.000763054490255, -2.76718929689e-06, 8.68142433147e-05
-2.77063547771e-07, 0.000744871169945, -2.5683228746e-06, 9.41018151067e-05
-2.85630017305e-07, 0.000756376394406, -2.69882056912e-06, 9.33552797859e-05
-2.72863777129e-07, 0.000740201043163, -2.58009215247e-06, 8.59710868667e-05
-2.82876693958e-07, 0.000753715541331, -2.63612307278e-06, 8.50119425015e-05
-2.71841260169e-07, 0.000738177547523, -2.45292858837e-06, 9.13133437715e-05
-2.81955512382e-07, 0.000751958959234, -2.59456646722e-06, 8.96087398424e-05
-2.68692930128e-07, 0.00073506610083, -2.45296803574e-06, 8.13964812927e-05
-2.77894006806e-07, 0.000747684053965, -2.48111771005e-06, 7.94866341742e-05
-2.66235727575e-07, 0.00073134365238, -2.26767131179e-06, 8.4678763399e-05
-2.75431222829e-07, 0.000744096165489, -2.38078641347e-06, 8.21303050574e-05
-2.61693486214e-07, 0.000726336767246, -2.21785337615e-06, 7.33803420272e-05
-2.69883052795e-07, 0.000737790336012, -2.2159924697e-06, 7.06705822641e-05
-2.57585327845e-07, 0.000720516572996, -1.96886305331e-06, 7.47687773504e-05
-2.66003404303e-07, 0.000732048095632, -2.12827647664e-06, 7.53364651393e-05
-2.76722060155e-07, 0.000747132373631, -2.41449314605e-06, 6.92763977079e-05
-2.66230991031e-07, 0.00073287551229, -2.17197466654e-06, 7.01317773156e-05
-2.77880406463e-07, 0.000747972386095, -2.36276961253e-06, 7.65522806208e-05
-2.67124281472e-07, 0.000733425145169, -2.20107024648e-06, 7.68048977265e-05
-2.76412037592e-07, 0.000746638692815, -2.44589914875e-06, 7.01175293926e-05
-2.6454636004e-07, 0.000730546802161, -2.16751656579e-06, 7.04067525444e-05
-2.74757391061e-07, 0.000743812009711, -2.32213246208e-06, 7.62941517586e-05
-2.62875086809e-07, 0.000727667152699, -2.13094979136e-06, 7.62487218775e-05
-2.70809011993e-07, 0.000739154133245, -2.3484768892e-06, 6.95082122913e-05
-2.58107216822e-07, 0.000721747635125, -2.04863238199e-06, 6.97015810615e-05
-2.6702852518e-07, 0.000733434602692, -2.17765329837e-06, 7.54566732236e-05
-2.814143929e-07, 0.000752859509966, -2.39698113528e-06, 7.47884232007e-05
-2.7218924481e-07, 0.000741089814602, -2.3446543274e-06, 6.87502281055e-05
-2.85554867641e-07, 0.000758936290761, -2.45754764141e-06, 6.84624687539e-05
-2.7708418382e-07, 0.000747083267938, -2.3109394625e-06, 7.48153060028e-05
-2.90486755761e-07, 0.000764850856887, -2.5121873364e-06, 7.44182218492e-05
-2.79771685263e-07, 0.000751255437206, -2.44180872059e-06, 6.87050704024e-05
-2.92285763481e-07, 0.00076773231817, -2.54312188773e-06, 6.87011685941e-05
-2.8265920804e-07, 0.000754458552988, -2.38474598525e-06, 7.53175271162e-05
-2.95361108238e-07, 0.000771131236938, -2.57660186678e-06, 7.50992327418e-05
-2.83751271923e-07, 0.000756465968066, -2.49536978895e-06, 6.94497256714e-05
-2.95702359154e-07, 0.000772096972066, -2.58947919532e-06, 6.95124448383e-05
-2.85431779323e-07, 0.00075803567277, -2.42576412717e-06, 7.62056467873e-05
-2.97682079431e-07, 0.000774061507237, -2.61008174969e-06, 7.58540027592e-05
-2.85551711166e-07, 0.000758805295622, -2.51828873636e-06, 6.98520675768e-05
-2.97124546744e-07, 0.000773930557332, -2.60336584629e-06, 6.95809537936e-05
-2.86443307074e-07, 0.000759394475376, -2.43194656927e-06, 7.59502290221e-05
-2.98334840165e-07, 0.000774982219215, -2.60474794218e-06, 7.5054350846e-05
-2.85803957056e-07, 0.000759277796257, -2.49779635468e-06, 6.83125925638e-05
-2.96989933646e-07, 0.000773960308067, -2.56699762048e-06, 6.72786745059e-05
-2.85858766436e-07, 0.000758929526668, -2.3784527109e-06, 7.28392513209e-05
-2.97278608397e-07, 0.000773996071182, -2.53193684801e-06, 7.1053421234e-05
-2.84275796791e-07, 0.000757690314582, -2.40394664963e-06, 6.33948742679e-05
-2.94867946615e-07, 0.000771711070144, -2.44842590837e-06, 6.1315779146e-05
-2.83085484387e-07, 0.000755923921203, -2.23053839814e-06, 6.56713612123e-05
-2.93963071774e-07, 0.000770187528756, -2.4111687863e-06, 6.55683071583e-05
-2.80509371398e-07, 0.000753011098987, -2.30967153963e-06, 5.96272017629e-05
-2.90349268184e-07, 0.000766008482681, -2.37518370576e-06, 5.90897965084e-05
-2.77960186978e-07, 0.000749182699079, -2.17544604638e-06, 6.48740033803e-05
-2.87666435561e-07, 0.000762144713021, -2.31548598487e-06, 6.34874204403e-05
-2.73397716133e-07, 0.000743755041983, -2.17678891357e-06, 5.6452151151e-05
-2.81915527034e-07, 0.000755244283917, -2.20055926963e-06, 5.47721903648e-05
-2.83132389867e-07, 0.000756540850364, -2.18424787113e-06, 5.89377570075e-05
-3.0711945409e-07, 0.000787351472942, -2.62904832449e-06, 6.2268361552e-05
-3.05055936289e-07, 0.000784901938788, -2.77304287149e-06, 6.00068752057e-05
-3.27950853363e-07, 0.000813315301399, -3.09208602235e-06, 6.30717666376e-05
-3.25157631376e-07, 0.000809075760882, -3.11442098039e-06, 7.25924192649e-05
-3.47862426753e-07, 0.000836467049435, -3.49190875796e-06, 7.48545477118e-05
-3.41245573354e-07, 0.000828824420635, -3.54133350655e-06, 7.13887798092e-05
-3.62551337285e-07, 0.000853944127309, -3.80159230648e-06, 7.37245370707e-05
-3.55724951273e-07, 0.000845053041442, -3.75803063769e-06, 8.29987907279e-05
-3.76719855422e-07, 0.00086935975999, -4.08357299984e-06, 8.48780889473e-05
-3.66276299513e-07, 0.000857642465484, -4.06626017727e-06, 8.09513484279e-05
-3.85855229545e-07, 0.000879966111996, -4.28551680957e-06, 8.318278242e-05
-3.75912228123e-07, 0.000867627327132, -4.20101758281e-06, 9.27214993843e-05
-3.95301399836e-07, 0.000889487892273, -4.49269571792e-06, 9.4665398933e-05
-3.82092241735e-07, 0.000874942334762, -4.43285455049e-06, 9.06001487472e-05
-4.00259383193e-07, 0.000895215625324, -4.62788732186e-06, 9.30266717251e-05
-3.88328641576e-07, 0.000880666915631, -4.52531120991e-06, 0.0001031029919
-4.06558409272e-07, 0.000900886424004, -4.797851544e-06, 0.000105190654999
-3.91639442321e-07, 0.000884677302698, -4.71125368089e-06, 0.000100848372272
-4.0891643649e-07, 0.000903711046101, -4.89294977284e-06, 0.000103358110208
-3.95977948764e-07, 0.000887993899508, -4.7866364082e-06, 0.000113874722497
-4.1355869107e-07, 0.000907330405884, -5.04749052126e-06, 0.000115806121226
-3.97687337506e-07, 0.000890316484406, -4.93962130576e-06, 0.000110699880215
-4.14516016845e-07, 0.000908759978965, -5.11015655907e-06, 0.000112822151579
-4.01123462557e-07, 0.000892516187351, -5.00207970236e-06, 0.000123306073455
-4.18364122456e-07, 0.000911461542999, -5.24978168017e-06, 0.000124523710697
-4.01851025122e-07, 0.000894039352057, -5.11707863424e-06, 0.000118055622145
-4.18371908895e-07, 0.000912188781671, -5.26991147601e-06, 0.00011914397343
-4.04550189681e-07, 0.000895562012438, -5.14979892534e-06, 0.000128880432261
-4.21401553208e-07, 0.000914196274845, -5.37528473371e-06, 0.000128790509793
-4.04150047539e-07, 0.000896276157139, -5.20928368603e-06, 0.000120538931806
-4.20123083211e-07, 0.000913990329805, -5.33220760023e-06, 0.000120029261581
-4.05476368592e-07, 0.00089667907468, -5.18194105706e-06, 0.000128297102276
-4.21533101425e-07, 0.000914657330099, -5.37262082174e-06, 0.000126518446872
-4.03235827395e-07, 0.000895793478818, -5.16579579049e-06, 0.000116475915017
-4.18122633072e-07, 0.000912556345389, -5.24619414488e-06, 0.0001141327045
-4.02114860742e-07, 0.00089401356915, -5.04724537844e-06, 0.000120464153787
-4.16764352473e-07, 0.000910700980066, -5.19255536454e-06, 0.000117017445306
-3.97169025668e-07, 0.000890343108873, -4.94388211342e-06, 0.00010569006157
-4.10336564616e-07, 0.00090546271877, -4.97442149864e-06, 0.000101751019364
-3.92633797475e-07, 0.000885184025811, -4.7158575945e-06, 0.000106123659283
-4.05290110472e-07, 0.000899902703423, -4.8123746128e-06, 0.000101487984907
-3.84429462708e-07, 0.000877690291514, -4.53060939625e-06, 8.9809755907e-05
-3.95397018349e-07, 0.000890573769521, -4.51334683279e-06, 8.49685822083e-05
-3.7612529602e-07, 0.000868379077199, -4.19758426486e-06, 8.7854413718e-05
-3.87218046738e-07, 0.000880818930857, -4.40018501146e-06, 9.02351477655e-05
-3.66103321991e-07, 0.000856938341464, -4.24113476551e-06, 8.60987260781e-05
-3.75389155871e-07, 0.000867476445711, -4.3316715599e-06, 8.83844581037e-05
-3.56065789964e-07, 0.000843820536496, -4.13090978402e-06, 9.82297294403e-05
-3.6474335785e-07, 0.000853835869723, -4.28485716331e-06, 0.000100001596122
-3.81889929124e-07, 0.000874297855977, -4.61598870124e-06, 9.44957831311e-05
-3.69744448392e-07, 0.000860008028848, -4.40874422823e-06, 9.70736935034e-05
-3.88030055642e-07, 0.000879958534015, -4.70485043406e-06, 0.0001062007171
-3.75126506746e-07, 0.000864866715907, -4.56826974754e-06, 0.00010865245689
-3.90095023173e-07, 0.000882630809895, -4.86106896908e-06, 0.000103425852104
-3.75718926526e-07, 0.000865810109653, -4.62878673719e-06, 0.000106568895717
-3.92372543456e-07, 0.000883575347317, -4.90955964302e-06, 0.000116547088242
-3.77971154042e-07, 0.00086670467393, -4.75896546984e-06, 0.000119625726727
-3.91506274067e-07, 0.000882832269625, -5.03343515921e-06, 0.000114725898479
-3.76323897822e-07, 0.00086495102863, -4.79932968926e-06, 0.000118541669574
-3.92284642659e-07, 0.000881660430481, -5.08646979144e-06, 0.000129560540004
-3.77638665339e-07, 0.00086435946971, -4.93950501483e-06, 0.000133053693358
-3.90560543351e-07, 0.000879946418995, -5.20383510095e-06, 0.000127890355524
-3.75574180089e-07, 0.000862147039917, -4.97731762828e-06, 0.000131885239059
-3.91668862787e-07, 0.000878791824267, -5.28029433694e-06, 0.000143535392806
-3.77450715572e-07, 0.000861924032299, -5.13929303355e-06, 0.00014672977876
-3.9031185417e-07, 0.000877762166022, -5.39020700073e-06, 0.000140341976941
-3.75834962263e-07, 0.000860575892616, -5.16445359312e-06, 0.000143596774125
-3.92408126437e-07, 0.000877690231419, -5.47617690035e-06, 0.000154963727162
-3.78569980364e-07, 0.000861428745585, -5.328462036e-06, 0.000156906755585
-3.91457427917e-07, 0.000877745252112, -5.55391515703e-06, 0.000148374249984
-3.77112426619e-07, 0.000860987233807, -5.30936992323e-06, 0.00014988426716
-3.93855521197e-07, 0.00087846445269, -5.6078934477e-06, 0.000159835644231
-3.79764712011e-07, 0.000862301064972, -5.43150034578e-06, 0.000159701099359
-3.92303593388e-07, 0.000878676307395, -5.61670774918e-06, 0.00014856386275
-3.77282515451e-07, 0.000861573235197, -5.32935961757e-06, 0.000147634128152
-3.93329176784e-07, 0.00087869453578, -5.58523701742e-06, 0.00015521180962
-3.78126193246e-07, 0.000861678857412, -5.35826203279e-06, 0.000152646219327
-3.89645609999e-07, 0.000877187002236, -5.4929802064e-06, 0.000139182065782
-3.73135132459e-07, 0.000858711937479, -5.14466664217e-06, 0.000135739660874
-3.87386916434e-07, 0.000874394757765, -5.33158172485e-06, 0.000140523498063
-3.70428444918e-07, 0.00085553770569, -5.04195065223e-06, 0.000135846805109
-3.80209554174e-07, 0.000869077776962, -5.12635883671e-06, 0.000121096204926
-3.61814836203e-07, 0.000848389868618, -4.71345438009e-06, 0.00011580045198
-3.73366546125e-07, 0.000861584371408, -4.81844219448e-06, 0.00011810967544
-3.54947058412e-07, 0.000840346517303, -4.52827603793e-06, 0.000115147753864
-3.62753046157e-07, 0.000851107253636, -4.62854430398e-06, 0.000103289733377
-3.43026982264e-07, 0.000827996781786, -4.22170633374e-06, 0.000100125633085
-3.51875139692e-07, 0.000838152479648, -4.31126709758e-06, 0.00010392198179
-3.87748336994e-07, 0.000880429298698, -4.72317983321e-06, 9.94296436361e-05
-3.90558255958e-07, 0.000884763264405, -4.75539167871e-06, 8.86312623292e-05
-4.25264162329e-07, 0.000923528999482, -5.04881053972e-06, 8.46441330002e-05
-4.26452170799e-07, 0.000924459694665, -5.01519417305e-06, 8.84368115149e-05
-4.61408418584e-07, 0.000961344087858, -5.47671242072e-06, 9.03989131059e-05
-4.57593678171e-07, 0.000957701494147, -5.5393517472e-06, 8.67876689673e-05
-4.90915702978e-07, 0.000991633666443, -5.89953467262e-06, 8.9592527995e-05
-4.86145880996e-07, 0.000985797690195, -5.90936578714e-06, 0.000100136446595
-5.19189727655e-07, 0.00101845494068, -6.33139293902e-06, 0.000103229947332
-5.09548131244e-07, 0.00100920628984, -6.3351504252e-06, 0.000100629630893
-5.41261193088e-07, 0.00103973666837, -6.67496994359e-06, 0.000104847448947
-5.32105260964e-07, 0.00102955091603, -6.66500925917e-06, 0.000117296703483
-5.64094209565e-07, 0.00105967575951, -7.07586326793e-06, 0.000121626916626
-5.50702591418e-07, 0.00104720580358, -7.04766713735e-06, 0.000119511521557
-5.81992101067e-07, 0.00107606526276, -7.3882796236e-06, 0.00012482233759
-5.70613750028e-07, 0.00106367777247, -7.38929686758e-06, 0.00013903221921
-6.02812793904e-07, 0.00109290462721, -7.80284563329e-06, 0.000143845768201
-5.87266924534e-07, 0.0010789756977, -7.74848313384e-06, 0.000140899603491
-6.19290274506e-07, 0.00110757381564, -8.09254110124e-06, 0.000146159873002
-6.06961184313e-07, 0.00109428819362, -8.10843985547e-06, 0.000161112977058
-6.40211436309e-07, 0.00112368808867, -8.51918166654e-06, 0.000165053793475
-6.23015035672e-07, 0.00110906473459, -8.42491632924e-06, 0.000159693166116
-6.56164328539e-07, 0.00113804292022, -8.75568444225e-06, 0.000163332988111
-6.42760563774e-07, 0.00112406964963, -8.762805129e-06, 0.000177423616231
-6.76912631281e-07, 0.00115380223691, -9.14818854106e-06, 0.000179023188492
-6.5742871358e-07, 0.001138168897, -8.98946057483e-06, 0.000170045686765
-6.90982868812e-07, 0.00116718727772, -9.27717575932e-06, 0.000170648297727
-6.7510522328e-07, 0.00115173488943, -9.23354098979e-06, 0.000182206657029
-7.08916878867e-07, 0.00118099413081, -9.56276796199e-06, 0.000180450714917
-6.85846615833e-07, 0.00116322298944, -9.31708111991e-06, 0.000167588839754
-7.18117672993e-07, 0.00119107736754, -9.53056197105e-06, 0.000164458177244
-6.97820114359e-07, 0.00117278165547, -9.39228154303e-06, 0.000172344145001
-7.29321869897e-07, 0.00120007906887, -9.63863975536e-06, 0.000167117688539
-7.01468907405e-07, 0.0011787832608, -9.29806481948e-06, 0.000151290058359
-7.30356357059e-07, 0.0012038371975, -9.4174543183e-06, 0.000144800838779
-7.04195723733e-07, 0.00118140429679, -9.15665779375e-06, 0.000148858267527
-7.31365751516e-07, 0.00120511545085, -9.30894943397e-06, 0.000141098725916
-6.98365318463e-07, 0.00117931432306, -8.88763328129e-06, 0.000124244419444
-7.22104355977e-07, 0.00120011653937, -8.91367406789e-06, 0.000115830989483
-6.90027605055e-07, 0.00117296821267, -8.53165814114e-06, 0.000117026944422
-7.13019153942e-07, 0.00119216325156, -8.81787525164e-06, 0.000119476420387
-6.76897279783e-07, 0.00116201202316, -8.55325344938e-06, 0.000114091148082
-6.95960015507e-07, 0.00117807975558, -8.71922356298e-06, 0.000116358929025
-6.61197561147e-07, 0.0011469731067, -8.47740910252e-06, 0.000127840917033
-6.77989031361e-07, 0.00116129820422, -8.67925699481e-06, 0.00012983275207
-6.38894582128e-07, 0.00112771711185, -8.35751130406e-06, 0.000124662795525
-6.52382432187e-07, 0.00113930004303, -8.46281382438e-06, 0.000127499099976
-6.16356686911e-07, 0.00110574004047, -8.18990432181e-06, 0.000139830866263
-6.28508723177e-07, 0.00111624842589, -8.35364186978e-06, 0.00014319395558
-5.89706784515e-07, 0.001081388932, -8.03026682544e-06, 0.00013969431875
-5.99828005043e-07, 0.00109006765493, -8.12477577653e-06, 0.000144602679937
-5.66055411211e-07, 0.00105651167026, -7.88533903396e-06, 0.000159371274232
-5.7616967708e-07, 0.00106519590848, -8.05779262927e-06, 0.00016492288997
-5.40646379998e-07, 0.00103160786657, -7.77267573197e-06, 0.000163049231101
-5.50167501223e-07, 0.00103963843157, -7.89688208773e-06, 0.000170270547345
-5.49101068503e-07, 0.00103564232614, -8.04511158851e-06, 0.000187482993508
-5.88610852392e-07, 0.00107191354549, -8.55871617519e-06, 0.000194209284914
-5.81479481454e-07, 0.0010656355776, -8.58904325721e-06, 0.000192024628449
-6.21532335043e-07, 0.00110117242925, -9.04814700701e-06, 0.000199923696823
-6.19024833726e-07, 0.00109517072032, -9.2261016659e-06, 0.000219392446127
-6.61130313162e-07, 0.00113162186918, -9.75519163839e-06, 0.000226196285959
-6.51620941094e-07, 0.00112403793106, -9.74656293554e-06, 0.000221930125765
-6.94746144947e-07, 0.00116041381316, -1.02134266012e-05, 0.000228899682074
-6.91465864455e-07, 0.0011535102757, -1.04056868934e-05, 0.000248605722448
-7.3670492573e-07, 0.00119110577012, -1.0927221983e-05, 0.000253228627309
-7.24325129986e-07, 0.00118248955521, -1.08466305747e-05, 0.0002445778538
-7.70217631452e-07, 0.00121994446655, -1.12838504906e-05, 0.000248214890951
-7.64546870147e-07, 0.00121160831793, -1.14384114277e-05, 0.000265584998075
-8.11719401139e-07, 0.00124984292294, -1.19095711519e-05, 0.000266001432805
-7.94489728895e-07, 0.00123897997608, -1.17172101439e-05, 0.000251670302943
-8.41062330337e-07, 0.00127629697744, -1.20758697523e-05, 0.000250223781484
-8.29668771019e-07, 0.00126474698073, -1.21243890863e-05, 0.00026300706598
-8.75980698756e-07, 0.00130180237883, -1.24989220087e-05, 0.00025823005762
-8.5144081996e-07, 0.00128661488524, -1.21679654996e-05, 0.000238584956659
-8.95355865893e-07, 0.0013215304361, -1.24066727956e-05, 0.000231693979307
-8.74746183599e-07, 0.00130456271565, -1.22912351444e-05, 0.000238797900567
-9.16645768512e-07, 0.00133794259396, -1.25379689959e-05, 0.000229370661406
-8.83743371594e-07, 0.0013169109795, -1.20754289571e-05, 0.000206527013166
-9.22145047433e-07, 0.00134740002228, -1.21826568859e-05, 0.000195503954905
-8.92903583849e-07, 0.00132523445437, -1.19004169511e-05, 0.000197449184032
-9.29885989431e-07, 0.00135455773287, -1.20377869303e-05, 0.000185384311993
-8.92306737832e-07, 0.0013295110316, -1.15105289707e-05, 0.000162629619569
-9.26934008549e-07, 0.00135674754261, -1.1536182579e-05, 0.000150126509505
-8.92554336218e-07, 0.00133129480068, -1.11352298251e-05, 0.000149016190813
-9.30052490689e-07, 0.00135828677388, -1.16064021572e-05, 0.00015682549729
-8.93093449528e-07, 0.00133093424352, -1.14418550019e-05, 0.00015568241327
-9.28303483194e-07, 0.00135618386174, -1.18185482888e-05, 0.000163705677071
-8.94769212723e-07, 0.00132873577379, -1.17628964292e-05, 0.000182834054702
-9.29491044355e-07, 0.00135352097881, -1.21805019846e-05, 0.000190739636934
-8.8976708823e-07, 0.00132396484443, -1.19646845135e-05, 0.000189934490547
-9.22381565571e-07, 0.00134699243687, -1.23157772552e-05, 0.000199473722289
-8.87472533129e-07, 0.00131734431749, -1.22599102459e-05, 0.000221281972102
-9.19470911631e-07, 0.00133968425641, -1.26658350036e-05, 0.000231504722558
-8.77588413162e-07, 0.00130789113593, -1.24323070143e-05, 0.000232400643877
-9.0742657799e-07, 0.00132824387553, -1.27898740102e-05, 0.000244999485371
-8.73827163073e-07, 0.00129749271402, -1.27919108886e-05, 0.000271238595023
-9.04241625466e-07, 0.0013179939258, -1.32166558163e-05, 0.000284196329426
-8.64326834771e-07, 0.00128700433238, -1.3001142315e-05, 0.000285782312689
-8.9509803225e-07, 0.00130731153631, -1.34017460648e-05, 0.000300865406002
-8.58770923706e-07, 0.0012786092927, -1.29702027858e-05, 0.000303478087581
-8.83210823699e-07, 0.00130022969934, -1.29368874204e-05, 0.000291931537146
-8.41082731906e-07, 0.00127252909032, -1.22908564952e-05, 0.000268795822866
-8.67826229323e-07, 0.00129531206375, -1.22534351887e-05, 0.000259299065071
-8.38101604672e-07, 0.00127111249993, -1.19384735958e-05, 0.000264387559067
-8.68460461101e-07, 0.00129662471198, -1.20223616058e-05, 0.000255162254365
-8.33623009289e-07, 0.00127356090678, -1.15017033987e-05, 0.000233930417931
-8.6639642527e-07, 0.00130063243728, -1.15553491905e-05, 0.000224903592529
