-0.1, -0.1, 0.1, -0.1, -0.1, -0.1
-135.0, -135.0, 135.0, -24.6880593664, -0.0819015151875, -0.100005370354
135.0, -135.0, 135.0, -25.1369678789, 0.0988924846099, 0.119886496501
135.0, -135.0, 135.0, -25.2, 0.0391517796914, 0.117906129727
-135.0, -135.0, 135.0, -25.2, -0.0129978925273, -0.11444405588
135.0, -135.0, 135.0, -25.2, 0.105965929483, 0.11922479901
135.0, -135.0, 135.0, -25.2, 0.0382841952147, 0.112643825629
135.0, -135.0, 135.0, -25.2, -0.00701707685313, 0.101992201873
-135.0, -135.0, 135.0, -25.2, -0.0467094778955, -0.112092332088
135.0, -135.0, 135.0, -25.2, 0.109228133231, 0.10132863282
135.0, -135.0, 135.0, -25.2, -0.00233667207077, 0.106927526586
135.0, -135.0, 135.0, -25.2, -0.0467168993739, 0.116256085353
-135.0, -135.0, 135.0, 25.2, -0.0771409491889, -0.167204389985
135.0, -135.0, 135.0, 25.2, 0.0987892370906, 0.147468877273
135.0, -135.0, 135.0, 25.2, -0.0335730710939, 0.159050205606
135.0, -135.0, 135.0, 25.2, -0.0539631338259, 0.176094608007
-135.0, -135.0, 135.0, 25.2, -0.0647553033182, -0.262066701038
135.0, -135.0, 135.0, 25.2, 0.0830303316417, 0.229015232216
135.0, -135.0, 135.0, 25.2, -0.0185565124367, 0.24893421216
135.0, -135.0, 135.0, 25.2, -0.0364117887879, -0.357635522063
-135.0, -135.0, 135.0, 25.2, -0.0470621557958, -0.367069033075
135.0, -135.0, -135.0, 25.2, 0.0639428532961, 0.339934491663
135.0, -135.0, -135.0, 25.2, -0.0313004000995, -0.399822430846
-135.0, -135.0, -135.0, 25.2, -0.0667085679597, -0.391251262669
135.0, -135.0, -135.0, 25.2, 0.0116773794962, 0.38205363662
-135.0, -135.0, -135.0, 25.2, -0.049021293335, -0.39205444618
-135.0, -135.0, -135.0, 25.2, 0.0144612624649, -0.340518872458
135.0, -135.0, -135.0, 25.2, 0.0696730958973, 0.376238177198
-135.0, -135.0, -135.0, 25.2, 0.00592302471474, -0.344380734658
135.0, -135.0, -135.0, 25.2, 0.0525749770355, 0.350607336266
-135.0, -135.0, -135.0, 25.2, -0.00586309850366, -0.320407166745
135.0, -135.0, -135.0, 25.2, 0.0471439936733, 0.326422305352
-135.0, -135.0, -135.0, 25.2, -0.0159947556812, -0.297788512488
135.0, -135.0, -135.0, -25.2, 0.0496799929409, 0.303611280466
-135.0, -135.0, -135.0, -25.2, -0.030003280998, -0.276461762664
135.0, 135.0, -135.0, -25.2, 0.0567945681367, 0.282090727189
-135.0, 135.0, -135.0, -25.2, -0.118168341217, -0.256382301638
-135.0, -135.0, -135.0, -25.2, -0.0515804783135, 0.261806795756
135.0, 135.0, -135.0, -25.2, 0.12747982513, 0.247241197558
-135.0, 135.0, 135.0, -25.2, -0.124966397864, -0.252683127823
135.0, 135.0, -135.0, 25.2, 0.0525973375775, 0.247484067974
-135.0, 135.0, -135.0, -25.2, -0.199497272968, -0.252270120703
-135.0, 135.0, -135.0, -25.2, -0.0613846277199, -0.236656202079
135.0, -135.0, 135.0, -25.2, 0.059796147318, 0.24231931039
-135.0, 135.0, -135.0, 25.2, -0.0482428806831, -0.218239269268
135.0, 135.0, -135.0, -25.2, 0.0534543845938, 0.223599441146
-135.0, 135.0, -135.0, -25.2, -0.16646436198, -0.200895744974
-135.0, -135.0, 135.0, -25.2, -0.0631890539205, -0.180270778586
135.0, 135.0, -135.0, 25.2, 0.156510786183, 0.193814525385
-135.0, 135.0, -135.0, 25.2, -0.0704335249902, -0.150187233305
-135.0, 135.0, 135.0, -25.2, 0.0142878786097, -0.126532282941
135.0, 135.0, -135.0, 25.2, 0.11165370531, 0.14574195752
-135.0, 135.0, 135.0, -25.2, -0.0542333056979, -0.0885683003755
-135.0, 135.0, -135.0, 25.2, 0.0451200133637, 0.135147750273
135.0, 135.0, -135.0, 23.7944761541, 0.101882528983, 0.144312710832
-135.0, -135.0, 135.0, -25.2, -0.0712756180039, -0.127963923809
135.0, 135.0, -135.0, 20.3104564105, 0.0962641658678, 0.167238654396
-135.0, -135.0, 135.0, -22.0187558296, -0.0893999262161, -0.15159956018
135.0, 135.0, -135.0, 17.064468507, 0.101918523123, 0.188101127104
-135.0, 135.0, -135.0, -18.7250009798, -0.105753356627, -0.173147861729
-135.0, -135.0, 135.0, -16.8387796009, -0.0194805620784, -0.179636085742
135.0, 135.0, -135.0, 14.1810161888, 0.157872066597, 0.234489360563
-135.0, 135.0, -135.0, 12.4780169238, -0.0492893341752, -0.212650272203
135.0, -135.0, 135.0, -14.0039129357, 0.04578320355, 0.263661807138
-135.0, 135.0, -135.0, 9.88268098435, -0.0559331602435, -0.24273284809
135.0, 135.0, -135.0, -11.3691758278, 0.0465538832992, 0.29015435318
-135.0, -135.0, 135.0, -9.93244729743, -0.160963744685, -0.270083900581
-135.0, 135.0, -135.0, 7.23610991362, 0.0710846638599, 0.314143084666
102.930897264, -135.0, 135.0, -8.27611272975, 0.160848579506, 0.306544229759
86.2314199571, 135.0, -135.0, 5.71792686802, 0.0531952832694, 0.28762779053
-135.0, -134.71761074, -135.0, -6.73427609453, -0.168688488158, -0.294399151497
61.7970630827, 135.0, 135.0, -5.89358677046, 0.0653701146107, 0.265190717475
-135.0, 135.0, -135.0, 4.16860235817, -0.044490052143, -0.271610049177
44.2110843009, -135.0, 118.032399873, -4.92535352977, 0.0750542676683, 0.244076687578
32.9161143531, 135.0, -135.0, 3.2775685528, 0.0688058344831, 0.219020247774
-135.0, -79.4834391118, -135.0, 2.63845880202, -0.0890063863917, -0.235344706966
20.7940656833, 135.0, 91.2061283654, -3.53153333346, 0.114884268521, 0.182400653216
13.5877234744, -25.2780371747, -135.0, 1.58474010784, 0.0328674639747, 0.016541505548
-135.0, 1.19269137478, 76.4965752896, -2.46026702529, -0.0311083519109, -0.176842649099
9.91468918297, 135.0, -135.0, -1.92114895616, 0.161927862822, 0.123575899385
7.41775475435, 38.8675413745, 64.5828779042, -1.46867184039, 0.0395978415423, 0.0986503264778
4.56605052289, 53.7231496644, 53.8867834577, -1.08255166166, 0.0206726049125, 0.0797160591067
1.74500135184, 65.1157995104, -135.0, -0.256592018099, 0.00566179529667, 0.103208083071
-1.0260373411, 72.748496115, 40.7539627729, -0.755132850083, -0.0437740950866, -0.193612989427
-3.67498554329, 76.6269066331, 30.9334693727, 0.0583595997901, -0.0405845856615, -0.208570431828
-6.04071467343, 76.5803894603, 19.7951946036, 0.33677869369, -0.0388868166126, -0.21498003612
-8.07592067056, 72.8405832186, 7.808943254, 0.624213721873, -0.0418699113733, -0.212955909385
-135.0, 65.7147836708, -4.53212941147, 0.931263599978, -0.0437000412439, -0.202929114243
-0.8972712228, 55.6249453763, -135.0, 1.26886107308, 0.0809111564985, 0.204307527359
2.31427372986, 43.0722603791, -18.9053807321, 1.64851150343, 0.0257622486214, 0.195492924843
5.29173678664, 28.7922202536, -25.7542832241, 2.08389162814, 0.00197942873893, 0.194445768699
7.97028519934, 13.1330139123, -31.9091774379, 2.58820533819, -0.020893143862, 0.200827519986
10.2378033246, -3.13909639393, -37.1513017907, 3.17843571963, -0.0413809732882, -0.259636012947
12.0247887667, -19.383793915, -41.3215099252, 3.87369858972, -0.0571980195268, -0.260301981274
-135.0, -34.9894193129, -44.308414432, 4.69636880484, -0.0677973177711, -0.251049368203
25.8459231167, -49.3942024921, -46.0501992795, -8.48196734152, 0.136868407643, 0.249188123645
30.5766487041, -62.1268243588, -46.5516586842, -8.97836636458, 0.0700162621114, 0.241282677081
34.0502823059, -72.7252507883, -45.8115607412, -9.11914026666, 0.00715254247903, 0.242863584892
36.0890370234, -80.9024514118, -43.9274499977, -8.91407465229, -0.0441201464008, 0.253611745763
36.6733165794, -86.4495459133, -41.0190380842, -8.38549906126, -0.0818611084458, -0.336127070527
-135.0, -89.2654004938, -37.2395080053, -7.56709440241, -0.103605862265, -0.338873269772
47.3428944065, -89.3561241008, -32.7684174238, -6.50213667439, 0.192237441339, 0.32004121338
49.285935891, -86.8495947035, -27.8170247268, -5.24162797306, 0.0614724233592, 0.324012447507
49.3839646585, -81.89810395, -22.564662372, -3.84129403542, -0.0300089053701, 0.340135775743
47.6001345389, -74.8214957072, -17.2361985594, -2.3603869839, -0.0923162078113, -0.455905856453
-123.244403434, -65.9769946016, -12.0364998007, -0.858581035151, -0.126395046572, -0.460796688687
52.4119694234, -55.7743966898, -7.15725010674, 0.606161502627, 0.193344308919, 0.433973109729
51.3092906013, -44.6686210211, -2.7762693824, 0.4229504598, 0.025668709594, 0.440518894408
48.3682160859, -33.0887766142, 0.972537922723, -0.982870672173, -0.0737308191945, -0.547427524903
43.7096088456, -21.51709008, 3.96809514876, -2.36600505354, -0.12929909009, -0.543371357478
-135.0, -10.3944857685, 6.12795161655, -3.77985223807, -0.153373187283, -0.518830032036
44.0876232989, -0.127074706042, 7.40474768602, 8.36220264077, 0.198131883102, 0.520549459607
41.3552276375, 8.9273662069, 7.77998385055, 9.31373097001, 0.017133562271, 0.499161384152
37.2045158353, 16.4832223826, 7.28638379172, 9.8647089354, -0.0766921963501, -0.534051961511
-135.0, 22.3082299666, 5.97656482404, 10.0110020396, -0.123396748448, -0.508627955468
38.7918360074, 26.2534194208, 3.93463789631, -3.34502156071, 0.192861211233, 0.511904248841
36.9576010916, 28.2441130481, 1.26093872184, 10.1983168814, 0.0172249519216, 0.489624280161
33.8331240796, 28.301073807, -1.90439112419, 9.66960224049, -0.0822302743094, -0.51985661614
-135.0, 26.4924167477, -5.42374055502, 8.78896298063, -0.131916142854, -0.493999821879
37.5108314243, 22.9651507562, -9.14812146271, -9.6614642781, 0.186370701701, 0.498578710602
36.7386912346, 17.9190308117, -12.9403426732, 7.55552965781, 0.0112036481303, 0.475816121663
34.6586950441, 11.6268884563, -16.6321066169, 6.4896238462, -0.0917949281986, -0.501784568486
-135.0, 4.37091705409, -20.0963867629, -7.66653802703, -0.141417400792, -0.475886482182
40.3106100912, -3.53688955458, -23.2111438036, 4.82003852535, 0.194284653826, 0.48148199534
40.2942671312, -11.7802996634, -25.8901969788, -5.96328418112, 0.0126640280369, 0.458590732332
38.8266913672, -20.0017745651, -28.0212986022, 3.27380427005, -0.0937973522315, -0.480729652395
-135.0, -27.9130072361, -29.5584384745, -4.38474906, -0.143199453205, -0.455114379898
45.5059520748, -35.2255220643, -30.4706497121, -3.57437125607, 0.212608874664, 0.461421255587
45.6538074718, -41.6980243571, -30.768361101, -2.92418233528, 0.0202159076104, 0.438691392306
44.1589191883, -47.0891767734, -30.4310902739, -2.40297192393, -0.0899614377972, -0.457439559433
-135.0, -51.2612276671, -29.5143958182, -1.98619539745, -0.141302159375, -0.432359453368
50.5953656754, -54.1071186089, -28.077935063, -1.65408816696, 0.229492004027, 0.439092918672
50.3208026296, -55.5832564829, -26.2158154816, -1.39110869833, 0.0266139342784, 0.416761862767
48.2474267731, -55.6589159157, -23.9829141166, -1.18420968863, -0.0877205656607, -0.432503982046
-135.0, -54.411715244, -21.4944745763, -1.02353752994, -0.142186816791, -0.408150413523
53.4306150821, -51.9439731528, -18.8557303146, -0.901257492394, 0.238939949737, 0.415081690821
52.3980022238, -48.4079621794, -16.1867739507, -0.811521605928, 0.0258539091441, 0.393333822639
49.5078278988, -43.9531933512, -13.5641368034, -0.749298396385, -0.0935596831167, -0.406375360355
-135.0, -38.8087152138, -11.0966754276, -0.711274982522, -0.15062072084, -0.382891784299
53.0811140739, -33.199098882, -8.87163787464, -0.695106582116, 0.240840362609, 0.389872051796
51.3150474296, -27.3633748523, -6.97397877938, -0.699568439519, 0.0168865666524, 0.368856754996
47.7451331597, -21.5088975737, -5.44343861148, -0.723718454307, -0.105663571832, -0.379411509974
-135.0, -15.8784839106, -4.33023997073, -0.767784281424, -0.162152116372, -0.356910268417
50.0792421309, -10.6775963173, -3.65934721888, -0.832700948231, 0.236447705767, 0.363877640479
47.9107291161, -6.09073483842, -3.44797382702, -0.92034181836, 0.00566792711378, 0.343717677763
44.0717877989, -2.24790410588, -3.66844983621, -1.03288019312, -0.115344494032, -0.351927925701
-135.0, 0.719658263563, -4.30019100815, -1.17368812886, -0.167762817987, -0.330504395194
46.0218499654, 2.73524899077, -5.30211613206, -1.34705990026, 0.228290438312, 0.337467348847
43.9126380306, 3.75905350149, -6.63301001266, -1.55854522428, 0.000581884298498, 0.318265876575
40.2809288238, 3.80933733178, -8.20847471652, 2.10459297657, -0.11404222221, -0.324245408929
-135.0, 2.91126435278, -9.96570875684, 2.2315524738, -0.160855510333, -0.303987223846
42.7616039147, 1.13876619337, -11.8307819918, 2.26169689911, 0.219531702404, 0.310987604197
41.0920668498, -1.40685093084, -13.7436339608, 2.19781036731, 0.00659745239051, 0.292828919653
-107.407348041, -4.58137090399, -15.6036112139, 2.04648414746, -0.100681724433, -0.296715861494
45.2239261611, -8.25113997612, -17.3528573666, -0.793968641568, 0.182855422683, 0.291265396862
44.2613859647, -12.2639983601, -18.9425506958, 1.73018677522, -0.0140070688311, 0.284770367134
41.7201218109, -16.4297247686, -20.2975451636, -2.21088465067, -0.117810646264, -0.321735274072
-135.0, -20.6007731415, -21.3853462552, -2.02530423855, -0.162386152454, -0.311322405671
46.2406607601, -24.619427629, -22.1760942277, -1.86697518077, 0.21978412066, 0.307901522517
45.322151974, -28.3451527012, -22.6706082273, -1.73464001075, 0.0101146362489, 0.299235193277
42.8057002689, -31.6265847743, -22.8306967833, -1.90570862985, -0.098869001341, -0.332332736201
-135.0, -34.3752056504, -22.6782619412, -1.99133038645, -0.145825552369, -0.320094638083
47.3313370026, -36.5093328149, -22.2326802474, -2.14269965309, 0.223954591388, 0.318444446958
46.3465065291, -37.9789806983, -21.5405358046, -2.36332295928, 0.0211807372504, 0.308056173365
43.7304814884, -38.7337821629, -20.6068102248, -2.65856627604, -0.0854352790246, -0.337576191076
-135.0, -38.7923335449, -19.4910156988, -3.03692284529, -0.133502352752, -0.323962972262
48.0300156391, -38.1816944761, -18.2434005922, 3.44807996427, 0.221056855955, 0.323763651314
46.9005642587, -36.9584306383, -16.9318532137, -4.09129468754, 0.0264889979845, 0.312046302958
44.1194302708, -35.173419985, -15.5816502385, -4.53523747803, -0.077923358433, -0.338343689253
-135.0, -32.9326359591, -14.256855973, 6.36333136931, -0.127824548929, -0.323734116039
48.0884408175, -30.3420808458, -13.0072188909, -5.886217472, 0.214945601785, 0.324635041663
46.8071041676, -27.5230104777, -11.8903942969, 7.56403512389, 0.0247509762419, 0.311921101855
43.8743265863, -24.5645582667, -10.9192889078, -7.12341503666, -0.0782609538078, -0.335352853963
-135.0, -21.6081438836, -10.1354930395, 8.65966066849, -0.12981890216, -0.320053849389
47.5630996095, -18.760649073, -9.55963963064, -8.25338328444, 0.207152584007, 0.321726884561
46.1866499354, -16.1377733178, -9.21792411106, 9.65675611466, 0.018546378889, 0.308299284088
43.1788087381, -13.8015786275, -9.09223147672, -9.28327535929, -0.0845446400264, -0.329151708364
-135.0, -11.8521619447, -9.18764944548, 10.561885619, -0.136187577579, -0.313409747618
46.750420471, -10.3425790246, -9.48978192101, 10.3440493519, 0.200574855967, 0.315600389101
45.3687259238, -9.32240350245, -9.99235294837, -10.45202561, 0.0132351160794, 0.301701166686
42.385321373, -8.78574247988, -10.6467056212, 10.3916043584, -0.0913678395774, -0.320147975522
-135.0, -8.74762922556, -11.4285706891, -10.5092843559, -0.14040864964, -0.304165795029
46.0343522299, -9.19350494425, -12.3050079799, 10.420667485, 0.19605715215, 0.306734854815
44.7276129891, -10.0879540743, -13.2505049946, -10.5468520667, 0.00946643658599, 0.292570977517
41.8446885645, -11.3602655707, -14.20511099, 10.4322137128, -0.0939573550516, -0.308672464505
-135.0, -12.9606544516, -15.1394953208, -10.5659377142, -0.140638892586, -0.292629943146
45.7054955579, -14.817071604, -16.0214727393, 10.4276460567, 0.195895240866, 0.295550597448
44.5131115121, -16.8515567296, -16.8329355992, -10.5680669665, 0.0114664342709, 0.281314026992
41.7543081404, -18.9607529367, -17.5217658973, 10.4076037917, -0.0899028007409, -0.295054535488
-135.0, -21.076141245, -18.0758645843, -10.554198828, -0.135178406631, -0.279124259364
45.8544894562, -23.1197660601, -18.4826077501, 10.37323663, 0.19638302218, 0.282458093332
44.7620018798, -25.0194095077, -18.7463711606, -10.5256826994, 0.0170347161478, 0.268323238671
42.0948673648, -26.6915303297, -18.8372769089, 10.3249902959, -0.0824317582418, -0.27968022789
-135.0, -28.0950501526, -18.7689499731, -10.4833033159, -0.127853970036, -0.264037606977
46.356671936, -29.1927418929, -18.5534922197, 10.2639251392, 0.196829335166, 0.267871748254
45.3098086883, -29.9556902791, -18.2182097504, -10.4282910744, 0.0224743247129, 0.254001201756
42.6672812835, -30.3535012454, -17.7556060941, 10.1036450934, -0.0761598378929, -0.263022112021
-135.0, -30.3966800607, -17.1982276124, -10.3613433721, -0.122991121053, -0.247843012752
46.9549869476, -30.1059818713, -16.5738616325, -10.1322060852, 0.196973783958, 0.252220586048
45.8874581535, -29.5041800098, -15.9207325635, 11.0704453132, 0.023224873287, 0.238761628996
43.2003404473, -28.6093761203, -15.2406053436, -10.8263561969, -0.0737078599225, 0.0821484748665
-135.0, -27.4887455048, -14.5725199068, 11.6677211376, -0.123992792508, -0.257290773005
47.3836971516, -26.1869816228, -13.9391421789, -11.4488991507, 0.196279820886, 0.248387516761
46.2469958215, -24.7752191897, -13.3784946236, 12.1983157076, 0.0216224711738, 0.246925915378
43.474655427, -23.2805104359, -12.8835075759, -12.0049186828, -0.0759669650049, -0.290903740136
-135.0, -21.7895991599, -12.4821166405, 12.6670025753, -0.126517243637, -0.28492087067
47.4861303705, -20.3504713905, -12.1834282778, -12.4983241793, 0.193503806147, 0.278546691853
46.2650026076, -19.0304739306, -12.0093457471, 13.0779351462, 0.0174672248107, 0.27402002966
43.4075430536, -17.8436334119, -11.937354736, -12.9338270701, -0.080995930864, -0.314045326392
-135.0, -16.8555351327, -11.9769884803, 13.4355995692, -0.131489959974, -0.3053811702
47.2596909991, -16.08776178, -12.1198324276, -13.3149641335, 0.191000421658, 0.301071187725
45.9767728175, -15.5735180044, -12.3714526768, 13.7438320326, 0.0131414016358, 0.294002351953
43.0703280932, -15.2928466474, -12.6933151539, -13.6460571576, -0.0851802958665, -0.330467755906
-135.0, -15.2705903343, -13.0815434216, 14.0067381338, -0.134644921591, -0.319629794323
46.8412132224, -15.490921313, -13.5162990178, -13.9302446359, 0.189204560871, 0.31689803286
45.5421953191, -15.9462348159, -13.9955594421, 14.2276996352, 0.0113818892653, 0.307741528304
42.6389152339, -16.5831829242, -14.47293581, -14.1714336387, -0.0856397144404, -0.340999728689
-135.0, -17.391956901, -14.9427389417, 14.4103191172, -0.133771991368, -0.328406024181
46.4305717374, -18.3299468412, -15.3849737028, -14.3723245503, 0.187980583895, 0.326830003059
45.1622269885, -19.3657910927, -15.801574099, 14.5573962393, 0.0129812524327, 0.315979379292
42.306087513, -20.431018635, -16.1494056129, -14.5363785909, -0.0821400419167, -0.346256058354
-135.0, -21.5055736696, -16.4317554247, 14.671936196, -0.12935896075, -0.332253659269
46.1984102579, -22.5430951953, -16.637980743, -14.6658322698, 0.187021563613, 0.331548511961
44.9889890231, -23.5161633662, -16.7815427971, 14.7561020466, 0.0166899791077, 0.319349645835
42.1984788404, -24.3643763996, -16.8301490405, -14.7636902218, -0.0767638341868, -0.346703914935
-135.0, -25.0839070863, -16.8002736749, 14.8122872913, -0.123843637479, -0.331596393232
46.2189772729, -25.6457267, -16.693522666, -14.8317382173, 0.186142102894, 0.331651075619
45.0688314702, -26.0478894403, -16.5349863168, 14.8420706277, 0.0203057024653, 0.318417640838
42.3327004287, -26.2529174089, -16.3037705689, -14.8725556444, -0.0723621861493, -0.342766166767
-135.0, -26.2869831364, -16.0259226702, 14.8473222194, -0.120003640514, -0.326841967107
46.4520873661, -26.1465618373, -15.7110929442, -14.8875410455, 0.185351524717, 0.327701475887
45.3368930611, -25.8597397371, -15.3897627755, 14.8291900373, 0.0220020800464, 0.313727938079
42.6227023518, -25.4118353228, -15.0468015014, -14.8789287076, -0.0709741586197, -0.334927509195
-135.0, -24.8545205013, -14.7095767647, 14.7892003155, -0.119520890302, -0.318479883815
46.7743192986, -24.2027032674, -14.38788657, -14.8478359711, 0.184751643944, 0.320275494075
45.6580216457, -23.5021588335, -14.1093972343, 14.7282885312, 0.0211374110289, 0.305843556791
42.9282988119, -22.7483481168, -13.8569311082, -14.7962677111, -0.0729411848907, -0.323805543976
-135.0, -22.0008794586, -13.6514691154, 14.6478646621, -0.122257460933, -0.307137176774
47.0404807144, -21.2770008591, -13.4962237569, -14.7251832846, 0.184447030884, 0.309985546406
45.8916528975, -20.6201949901, -13.4106217431, 14.5488754257, 0.0184245974991, 0.295362054625
43.1201360791, -20.0197635752, -13.370004852, -14.6364794846, -0.0768778400655, -0.310158750398
-135.0, -19.5241632161, -13.3858968851, 14.4328236484, -0.126432702141, -0.293569154728
47.1466846753, -19.1380430316, -13.4528345516, -14.5310642003, 0.184498025051, 0.297474008555
45.9511478439, -18.8870088733, -13.5818733068, 14.3008282678, 0.0154992708376, 0.282901266532
43.1323253109, -18.7437875433, -13.7403882533, -14.410817016, -0.0804834939083, -0.294823929454
-135.0, -18.7356739947, -13.9329623868, 14.1546047775, -0.129670157342, -0.278583780586
47.0685071541, -18.8489415219, -14.1484350952, -14.2766533212, 0.184844400178, 0.283375646911
45.8332529218, -19.0879091969, -14.3938944373, 13.9954883964, 0.0139797129111, 0.269057933903
42.9819806454, -19.4090470513, -14.6327049811, -14.1304671953, -0.0818707815401, -0.27860069335
-135.0, -19.8215330746, -14.8683682227, 13.8253924622, -0.130374670092, -0.262922309112
46.8611309835, -20.298421031, -15.0896680282, -13.9731759138, 0.185275663947, 0.268260905583
45.6088921684, -20.8314012948, -15.3055470659, 13.6457783477, 0.0145311875998, 0.254352647174
42.7515812918, -21.3699430808, -15.4809169594, -13.8066511158, -0.0805914137725, -0.262121227879
-135.0, -21.9174232012, -15.6236799612, 13.4586088014, -0.128529256525, -0.24713655687
46.6264099032, -22.4452957039, -15.7273859326, -13.6317456964, 0.185560654925, 0.252579786005
45.3843279408, -22.9466855843, -15.806674173, 13.2652750927, 0.0165991050916, 0.239180669833
42.5465521948, -23.3758434723, -15.831902468, -13.4502183676, -0.0776884194041, -0.245752056824
-135.0, -23.7437281325, -15.8175556627, 13.0675565047, -0.125466261222, -0.231507716816
46.4649815657, -24.0309891037, -15.7634666138, -13.2627561748, 0.185619306368, 0.236627523297
45.2527967, -24.2431419245, -15.6900570791, 12.8665374322, 0.0189117121183, 0.223787754649
42.4488672944, -24.3467228264, -15.5735341116, -13.0708965334, -0.0749034583223, -0.215283434318
-135.0, -24.3672806974, -15.4331829362, 12.6635790222, -0.122989009968, -0.217183007071
46.4349146045, -24.2989123415, -15.273034053, -12.875063475, 0.185542291133, 0.221089937688
45.2575802461, -24.1619144825, -15.1161693482, 12.4592661715, 0.0202586704251, 0.209324759272
42.4860385002, -23.9348921946, -14.9418945152, -12.676491032, -0.0736869371366, 0.0482389133306
-135.0, -23.6558241165, -14.7701351438, 1.83252836289, -0.122784452649, -0.224772083337
46.5329143442, -23.3286615618, -14.6051080824, -12.4752875143, 0.184679776463, 0.216995906304
45.3801731854, -22.9804079866, -14.4679780286, 13.2787740698, 0.0186813477105, 0.214893622781
42.6258209, -22.5998878953, -14.3380904338, -13.0640965223, -0.0740965772454, -0.252240001709
-135.0, -22.2252299903, -14.2318016428, 13.7833462568, -0.121833604309, -0.246472766159
46.701072716, -21.8635906903, -14.1499123462, -13.587652938, 0.183709494106, 0.240075281006
45.5541080049, -21.5411171991, -14.1101463228, 14.2283145557, 0.0177982474364, 0.235442735939
42.7974477702, -21.2397402381, -14.0868798884, -14.050381053, -0.0749408538494, -0.269519008058
-135.0, -20.9946516299, -14.0923786538, 14.6170957114, -0.122809306134, -0.261379945666
46.8629850424, -20.8055132893, -14.1228633499, -14.4554693288, 0.181512998807, 0.256556113358
45.7020807593, -20.6904954146, -14.1919469467, 14.9523493717, 0.0162578691333, 0.249818743994
42.9264505623, -20.6219391136, -14.2699068692, -14.8068255373, -0.0763024107041, -0.280225635116
-135.0, -20.6253605103, -14.3655756545, 15.2370433605, -0.123942228054, -0.270176708892
46.9517341553, -20.6901832188, -14.4721060818, -15.1072089388, 0.179913096825, 0.267171067706
45.7657459286, -20.824609604, -14.6011798308, 15.4735690811, 0.0152610135473, 0.258751835329
42.9644263807, -20.9918763987, -14.7209245048, -15.360195551, -0.0768513481073, -0.285268735867
-135.0, -21.2091107593, -14.8396687246, 15.6648055351, -0.124080739646, -0.27379398837
46.9393790623, -21.4582827735, -14.9503647459, -15.5683016312, 0.178737021124, 0.272747150957
45.7289972122, -21.7417915167, -15.0656957187, 15.8132020507, 0.0153150929358, 0.263053604885
42.9067624717, -22.0187537062, -15.1544162792, -15.7349397073, -0.0760894463462, -0.285771286516
-135.0, -22.3039602527, -15.2271342226, 15.9218193054, -0.122928166225, -0.273344968734
46.8434408422, -22.5779238851, -15.2790799719, -15.8625216595, 0.177762989115, 0.274167106898
45.6194992674, -22.8442731408, -15.3258917156, 15.9933556643, 0.0162775375106, 0.26357112701
42.7892249603, -23.0641607671, -15.3389407524, -15.9543932642, -0.0743501052781, -0.282929610765
-135.0, -23.2567396891, -15.332245808, 16.0311446557, -0.120977150188, -0.26997061122
46.7141302828, -23.4066069007, -15.3041446274, -16.0129141934, 0.176859988542, 0.272292532868
45.4918400564, -23.5241723007, -15.2732810249, 16.0381227904, 0.0175596570241, 0.261108177535
42.668169505, -23.5765135599, -15.2139137491, -16.0413630002, -0.07246458487, -0.277816902778
-135.0, -23.5906602499, -15.1425842483, 16.0177745366, -0.11911000964, -0.264645539381
46.6094774968, -23.5575378822, -15.0597455603, -16.0420006118, 0.176029620289, 0.267871279704
45.4014812437, -23.495547852, -14.985451268, 15.9730608816, 0.018507240758, 0.256339208224
42.5945088, -23.3776203285, -14.8955439663, -16.0179464493, -0.0712527055655, -0.271197402203
-135.0, -23.2375045745, -14.8069641098, 15.9073216178, -0.118090100716, -0.258011129216
46.5700952797, -23.0707687199, -14.7203030337, -15.971238469, 0.175365803385, 0.261461266841
45.3814204261, -22.9006296032, -14.6548906243, 15.8231977861, 0.0187337898775, 0.249746571334
42.5930199236, -22.7025269963, -14.5862445529, -15.9046911422, -0.071119147783, -0.263419305748
-135.0, -22.5124000363, -14.5296746371, 15.7235194203, -0.118201834003, -0.250298445676
46.6042089848, -22.326417994, -14.4841824457, -15.8199671026, 0.174977618341, 0.253399718777
45.4310607628, -22.1674067632, -14.4669309389, 15.6102572994, 0.0182625837557, 0.241605753774
42.6551012688, -22.0090512748, -14.4517376141, -15.7194345912, -0.0719169288896, -0.254431783725
-135.0, -21.8845178184, -14.4514180741, 15.4854333069, -0.119175167123, -0.241376479294
46.6881254052, -21.7867791132, -14.4628089009, -15.6042631737, 0.174920287911, 0.243832961102
45.5205919056, -21.7341295216, -14.5008185044, 15.3501279594, 0.0174543434975, 0.232028221588
42.7464993968, -21.6958068743, -14.5373872219, -15.4762984406, -0.0730933483591, -0.211402935935
-135.0, -21.6995270858, -14.5834152831, 15.2054449789, -0.120449376379, -0.233521182402
46.7801708433, -21.7335762395, -14.6342851485, -15.3361881628, 0.175129158809, 0.234037489787
45.6072068043, -21.8106687879, -14.7037569328, 15.0515839885, 0.0167601827179, 0.223424819166
42.8249680645, -21.8957510067, -14.7628126627, -15.1852847822, -0.0740285949921, -0.23783058638
-135.0, -22.0117383795, -14.8219161955, 14.888871457, -0.121228290471, -0.225655167105
46.8404898462, -22.1435330759, -14.8764209598, -15.0238004872, 0.175564848847, 0.226223272612
45.6547853732, -22.3003638577, -14.940421107, 14.716887827, 0.0165753417349, 0.215388637258
42.8591113338, -22.4453852104, -14.9853041107, -14.8527354259, -0.0743029638107, -0.172936577893
-135.0, -22.5997850067, -15.0225244477, 14.5355509564, -0.121471097218, -0.219571099894
46.8478561266, -22.7480776103, -15.0486444195, -14.6720529722, 0.175927145027, 0.218467183919
45.6484796788, -22.8995511683, -15.0791348556, 14.3442692706, 0.016843475508, 0.209492582647
42.8404569964, -23.0187833692, -15.0867489254, -14.4826191537, -0.0739697304017, -0.225403931
-135.0, -23.1286216451, -15.0845531441, 14.1430401132, -0.120927484686, -0.214389614433
46.8062257293, -23.2160188892, -15.0707622131, -14.2843833098, 0.176273819366, 0.214806902295
45.5982279098, -23.2931749617, -15.0622627856, 13.9315915441, 0.0174682519749, 0.205364890569
42.7840642408, -23.3281480494, -15.033330012, -14.0783066496, -0.073295868309, -0.217909502456
-135.0, -23.3472752234, -14.9982351908, 13.7104484646, -0.120254248769, -0.206650870045
46.7400626471, -23.3411371866, -14.9563570905, -13.8645326456, 0.176424587107, 0.208819411572
45.5315216973, -23.3255361326, -14.9252329675, 13.4800266326, 0.0180240808455, 0.199186509846
42.7192412137, -23.272043573, -14.8800181996, -13.6442830448, -0.0727529255022, -0.114980332404
-135.0, -23.2099771264, -14.835146529, 13.2416267686, -0.119975699391, -0.205022240621
46.6811666329, -23.1327305805, -14.7901653409, -13.4180048879, 0.176416157082, 0.204827836414
45.4792811964, -23.05819531, -14.7622211326, 11.0675302555, 0.0182223840232, 0.198516689848
42.6750326034, -22.9597908178, -14.7263912902, -13.1872221182, -0.0727726884957, -0.216832290043
-135.0, -22.8672231663, -14.6961695198, 12.9741641501, -0.119718387753, -0.208343594728
46.653622394, -22.7755910373, -14.6705863798, -13.0991914032, 0.176488433701, 0.209759759953
45.4618183462, -22.7016701818, -14.6655723632, 12.8527683726, 0.0179779616669, 0.202607337191
42.6673834533, -22.61875548, -14.6554255155, -12.9973743031, -0.0728112508559, -0.218963579666
-135.0, -22.5550602607, -14.6524810327, 12.7199315366, -0.119824582029, -0.210027474601
46.6651321219, -22.5037053155, -14.6545476946, -12.8832920626, 0.176259474572, 0.212138191553
45.4818231547, -22.4795787752, -14.6764664894, 12.5782191859, 0.0176849569847, 0.204356717517
42.6946004367, -22.4538194742, -14.6916877084, -12.7593128311, -0.0732755169096, -0.219770563848
-135.0, -22.4519459791, -14.7115451316, 12.4304754407, -0.120316249388, -0.210514382921
46.7050394094, -22.464816365, -14.7331546459, -12.6267400894, 0.176232395584, 0.212398218297
45.5251777167, -22.5045553986, -14.7707174283, 12.2787318199, 0.017316301754, 0.204110808311
42.7396491549, -22.5401741266, -14.797294061, -12.4875952871, -0.0738146363726, -0.219254014796
-135.0, -22.5947580168, -14.8239374219, 11.1423532331, -0.120818309989, -0.209666254927
46.7515407072, -22.6575438707, -14.8477710546, -12.3427228758, 0.176360004874, 0.210682979676
45.5692228837, -22.738663952, -14.8830610753, 12.0863627521, 0.0169790817845, 0.201952389177
42.779807471, -22.8066926735, -14.9032084592, -12.2682485403, -0.0741170672915, -0.216923680467
-135.0, -22.8834012966, -14.9196720238, 11.9986650733, -0.120934419996, -0.206925659687
46.7826644609, -22.9580375855, -14.9301786986, -12.1837885939, 0.176494483354, 0.20692761587
45.59394362, -23.0406625897, -14.9496925851, 11.9051872462, 0.0170008633898, 0.197799908557
42.7976356662, -23.1002047611, -14.9522186589, -12.0905547546, -0.0740585055361, -0.142866206136
-135.0, -23.1593571736, -14.9500325431, 4.02450074233, -0.120925442793, -0.207162545985
46.7866434444, -23.2084917115, -14.9416626587, -11.9885419104, 0.176108235727, 0.203642752606
45.5909075883, -23.2577011574, -14.9424497153, 12.618385408, 0.0163270268859, 0.196614838297
42.7878003939, -23.2808722038, -14.9277337067, -12.4695620161, -0.0734017237779, -0.217504623884
-135.0, -23.299850689, -14.9101684734, 13.0354899781, -0.119174202956, -0.208279716872
46.7642043855, -23.3079183153, -14.8887050651, -12.8947355104, 0.175059577325, 0.205424166089
45.5646456094, -23.3171404146, -14.8795515116, 13.3998170921, 0.0168353706561, 0.19742876215
42.7586728163, -23.3004922082, -14.8575365151, -13.267261346, -0.0721156745868, -0.215139177063
-135.0, -23.2831984946, -14.8359075061, 13.7130544974, -0.117818328192, -0.204956119696
46.7308856992, -23.2588644268, -14.813514986, -13.5892642561, 0.173106926259, 0.203659160591
45.5315388389, -23.2414344667, -14.806498536, 13.9764588761, 0.0171759220969, 0.194990414991
42.7271024667, -23.2038917918, -14.7895094001, -13.8637151058, -0.0711183279132, -0.120250430204
-135.0, -23.1726914439, -14.7754972893, 14.1919856651, -0.116941309778, -0.205195197745
46.7037682471, -23.1408957988, -14.7628121993, -14.0926871727, 0.171370465127, 0.202397245727
45.5083920271, -23.1230327225, -14.7671450425, 14.3614891535, 0.0173215527438, 0.196477453397
42.7086911022, -23.0911674336, -14.7626730343, -14.2792521791, -0.070458526986, -0.216907388052
-135.0, -23.0717182751, -14.7617992377, 14.4877720725, -0.116082718693, -0.20826761003
46.6953244423, -23.0564136436, -14.7622874593, -14.425704593, 0.170100581681, 0.208418676978
45.505365434, -23.0593281702, -14.7792772373, 14.5736912744, 0.0174309770328, 0.20146247948
42.7110169154, -23.051013409, -14.7865244857, -14.5354048879, -0.0700573970127, -0.218007995575
-135.0, -23.0571526945, -14.7959842383, 14.6230893749, -0.115675472635, -0.208805264689
46.7079139853, -23.0679358573, -14.8050398994, -14.6109544701, 0.16907737192, 0.211328302462
45.5220369532, -23.0966446505, -14.8285444104, 14.6397805919, 0.0173874487526, 0.203700351494
42.731009567, -23.112465444, -14.8401027039, -14.6559784662, -0.0699189874182, -0.217686907584
-135.0, -23.1404068825, -14.8515634092, 14.6283640001, -0.115529831692, -0.208324958966
46.7333936427, -23.1695867421, -14.860311967, -14.6732506418, 0.168376111816, 0.212092529951
45.5483569697, -23.212879808, -14.8812769533, 14.5931076073, 0.0172867877453, 0.204038333673
42.7571493245, -23.2388406107, -14.888265233, -14.666427797, -0.0699345789469, -0.217025645603
-135.0, -23.2724184101, -14.893360575, 14.5386835375, -0.115533338382, -0.207678509282
46.757866419, -23.3025000389, -14.8942775631, -14.6381439837, 0.167970611282, 0.211326544037
45.5702120977, -23.3422653495, -14.9062705699, 14.4690071362, 0.0171860308825, 0.2029617994
42.7756320255, -23.3605144988, -14.903576018, -14.5917242476, -0.0700155045954, -0.216240895708
-135.0, -23.3828047217, -14.8986577747, 14.3879644377, -0.115591528277, -0.20685695194
46.7687364259, -23.3985351641, -14.8896674706, -14.5292819513, 0.167797853729, 0.209212918763
45.5764576791, -23.4217106156, -14.89219477, 14.2982849287, 0.017123685563, 0.200549136819
42.7771386714, -23.4219347761, -14.8809016805, -14.4534471769, -0.0700912121703, -0.214698318743
-135.0, -23.4256412286, -14.8685228381, 14.2023388049, -0.115633811708, -0.205075901673
46.760691605, -23.423026215, -14.8535128523, -14.3655040508, 0.167777931684, 0.205556238876
45.5641178615, -23.4289219477, -14.851588335, 14.1011169066, 0.0171217757444, 0.196556906046
42.7610914014, -23.4137428276, -14.8376361912, -14.2671648782, -0.0701131513775, -0.147629766914
-135.0, -23.4045174087, -14.8243890412, 13.9951554683, -0.115729164202, -0.206221538462
46.7379626663, -23.3920036535, -14.810333401, -14.1587741197, 0.167781264443, 0.202381689079
45.5394993612, -23.3913590129, -14.8110415481, 13.8836645027, 0.0171471170036, 0.1952548904
42.7356137107, -23.3733845674, -14.8013512306, -14.0411439581, -0.0700821203163, -0.216801757246
-135.0, -23.3650540282, -14.7937292481, 13.7655955289, -0.115526107508, -0.207654147004
46.7118586487, -23.3571550226, -14.7864773901, -13.9138306253, 0.167911161274, 0.203580943323
45.5148059298, -23.3645101694, -14.7947890336, 13.6389098312, 0.0173156236877, 0.195452785752
42.7133287015, -23.3577168641, -14.7933119157, -13.777024429, -0.0699439131741, -0.214215675107
-135.0, -23.3630938469, -14.7941171914, 13.5017544058, -0.115360225454, -0.203906145589
46.6954244691, -23.3710041498, -14.7952447541, -13.629880375, 0.167957722484, 0.20098297507
45.5023983418, -23.3954619984, -14.8114939135, 13.3518100229, 0.0174900661952, 0.192118297208
42.7054604647, -23.4065324961, -14.8173330456, -13.4724337696, -0.0697827611776, -0.0990877520349
-135.0, -23.429612629, -14.8245018551, 8.68719883319, -0.115391154167, -0.204196029088
46.6971881254, -23.454538043, -14.8308775094, -13.303946606, 0.167728941572, 0.199221564436
45.5088708539, -23.4936034315, -14.8508541307, 13.5383540736, 0.0171428787988, 0.193732614125
42.7162542375, -23.5185661019, -14.8591863858, -13.4666885106, -0.0694588377, -0.216090714131
-135.0, -23.552489583, -14.8673719257, 13.6487242137, -0.114373189293, -0.207458417545
46.71635987, -23.5857327819, -14.8732770394, -13.5912558225, 0.16722518375, 0.206406378172
45.531563857, -23.6303072539, -14.8915278036, 13.7176873147, 0.0174034369369, 0.199701106146
42.7414582266, -23.6562824609, -14.8966079346, -13.6803952387, -0.0689119023332, -0.216695655444
-135.0, -23.6877484878, -14.9003416851, 13.748374598, -0.113827143138, -0.207365049242
46.7457655033, -23.7147182044, -14.9007577187, -13.7363041073, 0.166252404033, 0.209972470152
45.5612413596, -23.7497888086, -14.9126642119, 13.7443308109, 0.0174838828682, 0.202533150739
42.7703451039, -23.7630319961, -14.9108382452, -13.7623933175, -0.068638709744, -0.215657073172
-135.0, -23.7792935968, -14.9073236791, 13.710332421, -0.113570381344, -0.206250560584
46.7720199868, -23.7888043412, -14.9004080791, -13.7614573637, 0.165523351428, 0.211291422015
45.584520591, -23.8050189841, -14.9050949086, 13.6512704809, 0.0174364818063, 0.203464361709
42.7897920431, -23.7984735306, -14.8964839364, -13.7373569832, -0.0686026228449, -0.214908654423
-135.0, -23.7948684438, -14.886783102, 13.5728113754, -0.113554552134, -0.20575816304
46.7829629718, -23.7849273008, -14.8744949698, -13.6931235157, 0.165052964874, 0.211358367737
45.5904446671, -23.7828818713, -14.8747128223, 13.48016144, 0.0172926422748, 0.203310200332
42.7904560879, -23.7598438165, -14.8627554107, -13.6325863953, -0.0687437685254, -0.215269356342
-135.0, -23.7420945567, -14.8508474416, 13.3786542894, -0.113695647689, -0.206364273684
46.7728112719, -23.7207710676, -14.8375713645, -13.5584535404, 0.164823620288, 0.210578334037
45.5753465846, -23.7104689848, -14.8379517132, 13.2725028697, 0.0171158653971, 0.202304384018
42.770935621, -23.682656416, -14.8273617388, -13.4739326148, -0.0689569142809, -0.216227614413
-135.0, -23.6636733799, -14.8178874551, 13.1654297493, -0.113874889816, -0.207271508517
46.7447885879, -23.6447503196, -14.8080502607, -13.3808423923, 0.164789710552, 0.208735340183
45.5445755356, -23.6402995083, -14.8126772127, 13.0595257539, 0.0169871356904, 0.200121005718
42.7385273765, -23.6217698727, -14.8070617098, -13.2812812956, -0.069120678243, -0.216173834756
-135.0, -23.6150362106, -14.803062545, 6.10141658555, -0.113975559306, -0.206738953389
46.7099222755, -23.6110756792, -14.7990659586, -13.1758191667, 0.16468010968, 0.205169531597
45.5103618468, -23.62244341, -14.8093989784, 13.6632515459, 0.0163152422494, 0.196089133336
42.7059357634, -23.6233457115, -14.8097018665, -13.5859878722, -0.0687974919001, -0.112149951572
-135.0, -23.6365520793, -14.8114556481, 14.0292999369, -0.113002780596, -0.21083888912
46.6815878859, -23.6537764978, -14.8127990898, -13.948708448, 0.163786386072, 0.202949433473
45.48639723, -23.6870735496, -14.8283337159, 14.3543038905, 0.0164840316907, 0.196889910644
42.6869874789, -23.7078145294, -14.8328901443, -14.2661604118, -0.0679670108543, -0.224463957439
-135.0, -23.7398898058, -14.8382206715, 14.6374282106, -0.111824120819, -0.215674904711
46.6733110829, -23.773733321, -14.8423101309, -14.5391641815, 0.16246482476, 0.208297359346
45.4839157237, -23.8216751186, -14.8597541207, 14.8768543329, 0.0168481913853, 0.200713429789
42.6905450936, -23.8540196547, -14.8653355759, -14.7691092603, -0.0671042036859, -0.223642834972
-135.0, -23.8950568927, -14.8708731168, 15.0711109479, -0.110860644226, -0.213109627825
46.6891204023, -23.9343379124, -14.8743181215, -14.9564035843, 0.161250045442, 0.208413473044
45.5049931465, -23.9847428503, -14.8903370804, 15.2185875972, 0.0171847682529, 0.199737926381
42.7162818009, -24.0159325902, -14.8937970118, -15.102420426, -0.0663537685993, -0.216188855076
-135.0, -24.0528892157, -14.8966220682, 15.3188457876, -0.110078251121, -0.204657689227
46.7237870423, -24.0847301364, -14.8968252223, -15.2079362065, 0.16018893832, 0.204329546322
45.5422504111, -24.1251399883, -14.9091599375, 15.372043442, 0.0174465184772, 0.195099498223
42.7549172562, -24.143567277, -14.9086661512, -15.2750250633, -0.0657977767349, -0.0718129753035
-135.0, -24.1658632152, -14.907357754, 15.3800842117, -0.109780532813, -0.203699216033
46.7644504731, -24.1810818722, -14.9033368826, -15.3054205288, 0.159197307995, 0.202671070511
45.58167035, -24.2037595118, -14.9114437965, 15.3458276679, 0.017479249529, 0.198066184308
42.7917818066, -24.203495228, -14.9068822795, -15.3023030382, -0.0655662472099, -0.217956104357
-135.0, -24.2069321454, -14.9017083468, 15.273980036, -0.10934913672, -0.210245188433
46.7952417241, -24.2032604337, -14.8941335218, -15.2685440919, 0.15863692568, 0.214014549215
45.6077410242, -24.2077278879, -14.8989641481, 15.1700327092, 0.017500997711, 0.208299873417
42.8122421318, -24.1901907607, -14.8915820395, -15.2083637725, -0.0655641260023, -0.224473362572
-135.0, -24.1778376467, -14.8840057177, 15.0408834508, -0.109391260178, -0.216593747082
46.8038074107, -24.1600490907, -14.8745153167, -15.1254576497, 0.158203733496, 0.222800832652
45.6097944493, -24.1524391318, -14.8778505001, 14.8935380303, 0.017314060701, 0.216350098795
42.8076956178, -24.1251322599, -14.8695078922, -15.0245444158, -0.0658293902541, -0.232178979394
-135.0, -24.1054612382, -14.8614207066, 14.7355453815, -0.109665662388, -0.224372169165
46.7858434536, -24.0829413062, -14.8519107265, -14.9094177872, 0.158032792313, 0.230045010964
45.5859368943, -24.0731579427, -14.8556190446, 14.5735878139, 0.0170586968214, 0.222964140217
42.7787362515, -24.0464250833, -14.8481081063, -14.7844450123, -0.0662074724668, -0.241292058497
-135.0, -24.0298356734, -14.8412092427, 14.4138861031, -0.110009185812, -0.233309621228
46.7469801914, -24.01294375, -14.8332710924, -14.6526180961, 0.158118577306, 0.23582789091
45.5440381149, -24.010985736, -14.8388285172, 14.2608538013, 0.0168458294568, 0.228005242426
42.7352170373, -23.9943482904, -14.8334780122, -14.5170841337, -0.0665471861061, -0.250119088832
-135.0, -23.9896233936, -14.8289547072, 14.1176511617, -0.110271992967, -0.241381197651
46.700919311, -23.9863186164, -14.823627675, -14.3792780236, 0.158393674931, 0.239395324079
45.4990320515, -23.9991462709, -14.8319287096, 13.9850707317, 0.0167655485948, 0.230623139483
42.6928077323, -23.9984558675, -14.8294743354, -14.2405588978, -0.0667237467142, -0.255706907709
-135.0, -24.0102405311, -14.8279128019, 12.4642856417, -0.110351182453, -0.245581186399
46.6645539262, -24.0239137615, -14.8256273218, -14.1004850998, 0.158722825342, 0.239551801709
45.4675522526, -24.053358297, -14.8368971562, 13.911506608, 0.0167362898312, 0.229681715101
42.6672721719, -24.0695066142, -14.8374463936, -14.0648082626, -0.0666061946487, -0.25498733586
-135.0, -24.0972824974, -14.8388066631, 13.8936040692, -0.110001208534, -0.243098113287
46.6516205003, -24.1262529079, -14.8393433456, -14.0167747052, 0.1588482782, 0.235230288524
45.4617907141, -24.1699250262, -14.8533068714, 13.8646816938, 0.017000893435, 0.224308709997
42.6688896022, -24.1985477116, -14.8563184123, -13.9551798586, -0.0662232335828, -0.246040271545
-135.0, -24.237058641, -14.8598861854, 13.8192582672, -0.109565364365, -0.232498802299
46.668326583, -24.2747806372, -14.8623529693, -13.8776788166, 0.15874590269, 0.226047252595
45.4852615468, -24.3251065423, -14.8778678655, 13.7513785885, 0.0173505070894, 0.214383263528
42.69844498, -24.3580678944, -14.8820922884, -13.7827792354, -0.0657564957982, -0.101935511907
-135.0, -24.3985435408, -14.8864470751, -2.42778344551, -0.109333239484, -0.22466734871
46.7099462738, -24.4357699051, -14.8892609113, 14.0507167884, 0.158139443668, 0.217471139615
45.5307277706, -24.4804202705, -14.904044807, -13.9558395353, 0.0167493695373, 0.210053163087
42.7464517865, -24.5131767329, -14.9085684329, 14.0658301267, -0.0649193786144, -0.230836976613
-135.0, -24.5411268908, -14.9108254958, -13.9736721997, -0.106927329092, -0.219423648803
46.7628269165, -24.573735779, -14.9129958414, 14.0337052137, 0.156302929238, 0.219592853039
45.5824708919, -24.6041665856, -14.9252191615, -13.9576388575, 0.0171768308263, 0.211187484507
42.7961411044, -24.6229716776, -14.9271061735, 13.9558718179, -0.0643447612403, -0.222627117731
-135.0, -24.6351082961, -14.9262842394, -13.9095318864, -0.106516092406, -0.211115405046
46.8075106932, -24.6505716879, -14.9249492583, 13.8366110331, 0.155560152975, 0.218401330941
45.6223107653, -24.662591586, -14.9332848492, -13.8324978024, 0.017224437453, 0.20976425439
42.8298677113, -24.6623205642, -14.9310145778, -3.7625854881, -0.0642107757945, -0.214965977265
-135.0, -24.6549032612, -14.9258466048, 14.1542207222, -0.10685623758, -0.204451404156
46.8266709831, -24.6477794651, -14.9193435979, -14.0740782975, 0.155746228333, 0.216385544459
45.634923175, -24.6459156414, -14.9240699174, 14.2123390604, 0.0172189361105, 0.208007503884
42.8340504732, -24.6226404151, -14.9164266931, -14.2001584574, -0.0643074946114, -0.211742246066
-135.0, -24.6035036373, -14.907919856, 14.2362066627, -0.107248980218, -0.202715020708
46.8145662762, -24.5790649291, -14.8971115816, -14.2918591326, 0.154668361925, 0.215275690983
45.6148939474, -24.5637013038, -14.8982047225, 14.236738582, 0.016923284287, 0.207277390435
42.8066950276, -24.5290474195, -14.8874317121, -14.3560823177, -0.0644656202866, -0.214431599516
-135.0, -24.5012214017, -14.8763654644, 14.2247343282, -0.107391396005, -0.206644528891
46.7725041156, -24.4707451141, -14.8636577415, -14.3984751184, 0.154046523365, 0.215525859934
45.56740502, -24.4524116101, -14.863554901, 14.2092286335, 0.0165889941122, 0.20766686178
42.7552697772, -24.417934504, -14.8523822325, -14.4247810697, -0.0647477943334, -0.221542824131
-135.0, -24.3936127503, -14.8417283999, 14.1977009408, -0.107593994535, -0.214115788049
46.7136715224, -24.3698544241, -14.8302798656, -14.4388578943, 0.153818135198, 0.216219381504
45.5076995869, -24.3614839675, -14.8322583643, 14.1946549014, 0.0163540641189, 0.208027312976
42.6966195129, -24.3400951541, -14.8239917151, -14.4441349571, -0.0649523032088, -0.22906930341
-135.0, -24.3317900959, -14.8170134307, 14.2021628494, -0.107664476299, -0.220825690561
46.6579897505, -24.3266666697, -14.8099629965, -14.4418006735, 0.153849426571, 0.215435087655
45.4562698692, -24.3392443294, -14.8169588843, 14.2188794609, 0.0163271133014, 0.206420324746
42.6511716542, -24.3407141883, -14.8142445254, -14.4324587, -0.0649183964724, -0.231871784635
-135.0, -24.3567117692, -14.8132309126, 14.2410726425, -0.107479003043, -0.221798387816
46.6254912192, -24.3768147654, -14.812439692, -14.4145484318, 0.153966132302, 0.210994650182
45.4319505721, -24.4150455421, -14.8258251215, 14.2621465298, 0.0165484323716, 0.200880230627
42.6359568181, -24.4419685351, -14.8295038862, -14.386226687, -0.0645806243111, -0.132928553441
-135.0, -24.4826727389, -14.8347264518, 14.2741461257, -0.107173637237, -0.220655201313
46.6293137935, -24.5261195722, -14.8398643786, -14.344007034, 0.153934815976, 0.204870273809
45.4452126119, -24.5858331665, -14.8587102669, 14.2676879568, 0.0169148584055, 0.196994659906
42.6584249172, -24.6317477535, -14.867262425, -14.2848131243, -0.0640285308075, -0.22605800125
-135.0, -24.6885271693, -14.8766247252, 14.2337525873, -0.106395485492, -0.214107672938
46.6704462287, -24.7446125804, -14.8850782058, -14.2047435618, 0.153876374466, 0.203017313659
45.4937932321, -24.8132652992, -14.9062435951, 4.90172656083, 0.0174728577836, 0.193608908862
42.7130689276, -24.8639768351, -14.916130456, -14.1011747399, -0.0634842732427, -0.00908783402695
-135.0, -24.9195298757, -14.9254169148, 15.1443100264, -0.105504705002, -0.213426836637
46.7359682989, -24.9725501884, -14.9329345855, -14.6751326696, 0.152979833097, 0.202676128075
45.5624554339, -25.0330274316, -14.9521201463, 15.6165358968, 0.0169231500337, 0.199728471457
42.781938562, -25.0720995667, -14.9588749525, -15.1661221047, -0.0620893261275, -0.227854330235
-135.0, -25.1131677472, -14.9643873071, 15.9891749289, -0.103482262787, -0.219252170369
46.8052874105, -25.1457903717, -14.966839469, -15.5775266006, 0.150790107238, 0.220215057298
45.6284807181, -25.182827149, -14.9800582641, 16.2676995607, 0.0173835590441, 0.215378625826
42.842638283, -25.1946999075, -14.9801025196, -15.9149364831, -0.0610708782141, -0.231499659341
-135.0, -25.206566381, -14.978330839, 16.4612684072, -0.102491343331, -0.22258353673
46.8541222298, -25.2074290425, -14.9730202933, -16.1844593584, 0.148742427475, 0.233283368884
45.6687223483, -25.2118777145, -14.9781679497, 16.5815400196, 0.0173634889797, 0.227589312234
42.8729480351, -25.1901882245, -14.9700780065, -16.3942173709, -0.0607224973366, -0.237690632376
-135.0, -25.1691835416, -14.9602813879, 16.6429375312, -0.102182182554, -0.229796543538
46.8634351592, -25.1377519456, -14.9472225186, -16.5523874134, 0.147192935664, 0.245231061287
45.6667627534, -25.1119846596, -14.945055602, 16.6609106272, 0.0170175104308, 0.23922423203
42.8596444203, -25.0623676449, -14.9303375637, -16.6684500335, -0.0609191179783, -0.250814294164
-135.0, -25.0169758513, -14.914727981, 16.6517605435, -0.102389606294, -0.244232758487
46.8267920961, -24.9647720593, -14.8968279919, -16.7510436125, 0.146236192918, 0.257858128753
45.6199539292, -24.9228237162, -14.8908858458, 16.630621237, 0.0164934993291, 0.251510539656
42.8040289106, -24.8618576792, -14.8736237268, -16.8090960209, -0.0614495050578, -0.271072109067
-135.0, -24.8105482499, -14.8567455878, 16.6111906108, -0.102849745383, -0.265007926953
46.75366176, -24.7578297286, -14.8389248737, -16.8496584215, 0.145856588971, 0.270903179808
45.5414629609, -24.7210562748, -14.8344035467, 16.6038254077, 0.0160000324316, 0.263713000855
42.7226272996, -24.6709167468, -14.8199219271, -16.879101815, -0.0620099843749, -0.294325268134
-135.0, -24.6359744729, -14.8071250664, 16.6155851898, -0.103241828417, -0.287230401712
46.6673136354, -24.6048154562, -14.7946360756, -16.9011178932, 0.145927279883, 0.282217115777
45.456843463, -24.5944286214, -14.7965810859, 16.6488268047, 0.0157455646097, 0.273473060127
42.6425145313, -24.5750139502, -14.7895696323, -16.9181522425, -0.0622994201561, -0.31347437793
-135.0, -24.574468613, -14.7850959163, 16.7018866964, -0.103296359126, -0.303664829588
46.597617268, -24.5806564717, -14.7816210866, -16.9297156657, 0.146228133639, 0.288614321315
45.3959026913, -24.6097846415, -14.793070107, 16.768412304, 0.0158611175857, 0.27774408986
42.5924879899, -24.6311495385, -14.7958309927, -16.934152682, -0.0621257885412, -0.321000149363
-135.0, -24.6717495245, -14.8011945395, 16.8388035429, -0.102891427531, -0.307358183256
46.5708920709, -24.718484685, -14.8074052791, -16.927307529, 0.146505060136, 0.287149209013
45.3823800142, -24.786722503, -14.8281527639, 16.900272418, 0.0163492632258, 0.274033840033
42.5928995379, -24.8446754694, -14.8396115948, -16.9046119879, -0.0614745021235, -0.31184318009
-135.0, -24.9185943812, -14.8528717697, 16.9388995816, -0.102093816296, -0.294359434488
46.6001924612, -24.9944438681, -14.8659902974, -16.8600271656, 0.146552760779, 0.276392433815
45.4249472375, -25.0870547158, -14.8924488397, 16.9401507827, 0.0170782170149, 0.26153117922
42.647673089, -25.1637251624, -14.9083218551, -16.7883165372, -0.0605163591061, -0.285612372986
-135.0, -25.2504206643, -14.9245541325, 16.8911699203, -0.101136147951, -0.265560309126
46.6795420097, -25.332510511, -14.939125859, -16.6840800523, 0.146284764998, 0.257246957798
45.5128631522, -25.4248237069, -14.9653904928, 16.7812949017, 0.0178200314949, 0.241701887192
42.7415485353, -25.4942594531, -14.9795092413, -16.5439989194, -0.0595575525072, 0.00558310380006
-135.0, -25.5670801325, -14.9923706056, 16.6040916902, -0.100731626403, -0.247151325359
46.7846252943, -25.6286531533, -15.0020171823, -16.3657316198, 0.145577946022, 0.242581477898
45.6183038195, -25.6943085326, -15.021836868, 16.357376256, 0.0181591441508, 0.236544525951
42.8440426216, -25.7313612346, -15.0282232708, -16.1499087921, -0.0590459683837, -0.254445212829
-135.0, -25.7667880074, -15.032118139, -5.70413712112, -0.100039210079, -0.242415559985
46.8794830918, -25.7866134876, -15.0318344809, 16.6334108766, 0.145155254229, 0.253971272747
45.7043260233, -25.803041874, -15.0401318366, -16.2859110708, 0.0168611731164, 0.246991833238
42.9185653931, -25.7989953411, -15.0360296501, 16.629468244, -0.0580573505026, -0.2517879344
-135.0, -25.7794227154, -15.0272343228, -16.3929805544, -0.0981002680672, -0.241390598866
46.9294536566, -25.7568161202, -15.0160620769, 16.5564027485, 0.14253247364, 0.263884779431
45.7383549081, -25.7226188935, -15.0123837474, -16.4479427466, 0.0166496227076, 0.257022816839
42.9361037216, -25.6720933571, -14.997054535, 16.4343086624, -0.0581866976475, -0.259206113805
-135.0, -25.6085820698, -14.9777349271, -16.4617442989, -0.0984305967507, -0.251583024482
46.9124415081, -25.5461138567, -14.956958212, 16.2854492767, 0.141431288868, 0.276122999118
45.704425969, -25.4766001784, -14.9448328872, -16.4462408868, 0.0159286757481, 0.269637372704
42.8861221171, -25.3967298399, -14.9224485411, 16.1316141018, -0.05901142538, -0.280253256399
-135.0, -25.3102710177, -14.8976601306, -16.4126720117, -0.0993258303935, -0.274893318028
46.8297539538, -25.2320105706, -14.8731101507, 15.9933374155, 0.141019479876, 0.291704318041
45.6090817265, -25.1542359509, -14.8590635325, -16.3716157338, 0.0150722323889, 0.285039007774
42.7809824708, -25.0741365614, -14.8366528223, 15.8872586021, -0.0600664591959, -0.311799554799
-135.0, -24.9956102974, -14.8138089243, -16.3314887162, -0.100296813422, -0.306739340335
46.7056740219, -24.9332735708, -14.7931315598, 15.8256400632, 0.141258480325, 0.308544259128
45.4814800349, -24.8793726795, -14.7848869225, -16.2986653602, 0.0144162115964, 0.300603919116
42.6538998879, -24.8305987928, -14.7700453844, 15.8143291407, -0.0608688485898, -0.344890097158
-135.0, -24.7904547877, -14.7564542499, -16.2762793515, -0.100877699168, -0.337441452081
46.5813864065, -24.772579663, -14.7465183234, 15.8531223936, 0.141914107523, 0.322217622113
45.3648112699, -24.7686161908, -14.7503314358, -16.2647495096, 0.014227600609, 0.311843725206
42.5487492642, -24.7739827476, -14.7485490965, 15.9347694339, -0.0610400920869, -0.36775293293
-135.0, -24.791259199, -14.7487927028, -16.2610730681, -0.100769150672, -0.355535370129
46.5015789347, -24.8326672868, -14.7531691824, 16.0464684609, 0.142633141674, 0.327605348517
45.3019330433, -24.8887844183, -14.7714732764, -16.2598726568, 0.0146153267951, 0.31409987508
42.5051679596, -24.9534506868, -14.7839993742, 16.1700129789, -0.0604357450715, -0.370046152044
-135.0, -25.0280276221, -14.7980738857, -16.2532100067, -0.0999385702845, -0.3519773885
46.4986480537, -25.1233915203, -14.8154891827, 16.2843176434, 0.14306416032, 0.320905693969
45.3199099092, -25.2289073861, -14.8457143241, -16.2320890063, 0.0154920334523, 0.304418188318
42.5439269878, -25.3371111776, -14.8687639908, 16.3664055422, -0.0591926981772, -0.346913365898
-135.0, -25.4482390057, -14.8917078649, -16.1866336473, -0.0986222429365, -0.323798441642
46.5800015837, -25.5723904392, -14.9161035252, 16.3944827906, 0.142986789892, 0.301314409172
45.4189420925, -25.6979926014, -14.951189198, -16.1078114934, 0.0165989733797, 0.282942622173
42.6578697621, -25.8170494728, -14.9768870729, 16.3491371615, -0.0576881670699, -0.203259744394
-135.0, -25.9291781921, -15.0001538434, -15.9876762662, -0.0973966206258, -0.283694467094
46.7233450734, -26.0445749189, -15.0224575997, 16.2162421918, 0.142305822166, 0.275470097825
45.5700752428, -26.1513766121, -15.0530226158, -15.8209765595, 0.0175323631414, 0.260445545433
42.8121829133, -26.2420825143, -15.0718907149, -15.4158783203, -0.0564804329891, -0.262850997877
-135.0, -26.3164830744, -15.0861205713, 17.3872995222, -0.0962430034368, -0.240988704259
46.8792463351, -26.380361911, -15.0963182256, -16.3731147564, 0.142217706543, 0.255930179029
45.7224004175, -26.4394697477, -15.1146303228, 18.0919520155, 0.0177053639751, 0.241698259739
42.9528993935, -26.4648645228, -15.1179590781, -17.1890989394, -0.05565390604, -0.0389853178894
-135.0, -26.480302539, -15.117074559, 18.6261678859, -0.0946790356946, -0.217580856247
46.9967852572, -26.4747918584, -15.1103188788, -17.8754914694, 0.13811636272, 0.244462274999
45.8218547195, -26.4626955278, -15.1110484069, 19.0136701378, 0.0175041858747, 0.239028623267
43.0308827374, -26.4147530641, -15.0965609766, -18.4476670377, -0.0549955936128, -0.229925642584
-135.0, -26.3583068639, -15.0780463703, 19.2842505145, -0.0939015429419, -0.222618486738
47.0290080272, -26.2819716986, -15.0541859343, -18.9224549909, 0.135210539304, 0.259696343745
45.8289197165, -26.2034495227, -15.0387076205, 19.4710311111, 0.0167827413029, 0.255281154524
43.0121792419, -26.0937261908, -15.0093747273, -19.3188266147, -0.0554491231196, -0.251644702908
-135.0, -25.9830355604, -14.9777147464, 19.6089720864, -0.0944452181052, -0.248837122218
46.9570455868, -25.859952397, -14.9427148143, -19.6552085148, 0.133272355959, 0.28156010144
45.7331667688, -25.7444977734, -14.9183925756, 19.7314369672, 0.0155676427773, 0.277815856164
42.8953212172, -25.607976384, -14.882785539, -19.9498822521, -0.0566844695747, -0.294562384424
-135.0, -25.4821915681, -14.8476019153, 19.8684271852, -0.0955670596699, -0.294242977936
46.7979822214, -25.3554993306, -14.8119609712, -20.2182170046, 0.132441700002, 0.30908996417
45.5603664469, -25.2488096226, -14.7899720961, 20.0433363518, 0.0144018861455, 0.304604036944
42.7141266207, -25.1332045815, -14.7596385529, -20.4731919152, -0.0579820716387, -0.349240380707
-135.0, -25.0405564495, -14.7326383848, 20.2718342136, -0.0965059888666, -0.347652328522
46.6018732348, -24.9583608801, -14.7079584828, -20.7229742943, 0.132527463693, 0.337010241254
45.3663735979, -24.9070183929, -14.699565987, 20.559697793, 0.0137757836134, 0.329880684247
42.528582593, -24.8564346317, -14.6851042526, -20.9719610892, -0.0586575039388, -0.399250610101
-135.0, -24.8373402998, -14.676016755, 20.9031072091, -0.0966413300086, -0.392255694947
46.436444107, -24.8355465101, -14.670902112, -21.2190400326, 0.133098225317, 0.357567529608
45.2194693694, -24.870018941, -14.6833872757, 21.2881253584, 0.0139837573571, 0.346186323344
42.4053505754, -24.9085209405, -14.6905383874, -21.4593896547, -0.058288479366, -0.426804400011
-135.0, -24.9801098066, -14.7034320872, 21.692719517, -0.0957079663613, -0.411478382746
46.3640590961, -25.068279091, -14.7201334556, -21.683542714, 0.133615089139, 0.363386644294
45.176679465, -25.1904135349, -14.7538344927, 22.0879134363, 0.0150250285702, 0.347165571249
42.3941826304, -25.3115795593, -14.7810097304, -21.8799283177, -0.0568457782602, -0.419306528584
-135.0, -25.4594928838, -14.8123552333, 22.4412507195, -0.0938601162626, -0.395210343493
46.4186774503, -25.6151973259, -14.8454367674, -22.0345782839, 0.133630817668, 0.350401110785
45.2621679532, -25.7951905812, -14.8930559084, 22.7190425994, 0.0166119668762, 0.330174727568
42.5084757767, -25.9619844285, -14.9313118805, -22.1341242682, -0.0546855536175, -0.374546341462
-135.0, -26.1430394526, -14.9706330262, 22.8904451295, -0.0915934855694, -0.344189568066
46.5911664238, -26.3174622315, -15.0083081438, -22.1657440902, 0.132954207406, 0.319807992119
45.4557253244, -26.5021472377, -15.0569215672, 22.9297847137, 0.0182583985208, 0.297743140211
42.7173693737, -26.6579576973, -15.092589956, -22.1201375956, -0.0524462696057, 0.0735523335541
-135.0, -26.8135235261, -15.125677622, 22.8201315886, -0.0901217117368, -0.300897662203
46.8291637004, -26.9471304498, -15.1535161702, -21.9911918846, 0.131466651004, 0.292555478701
45.6964806719, -27.0773646859, -15.1888004616, 22.5545758224, 0.0191731764078, 0.284709256218
42.953309432, -27.1650529806, -15.2080324713, -21.778427788, -0.0510291973658, -0.295271850041
-135.0, -27.2410995496, -15.2217633158, 22.138268177, -0.0886395443311, -0.276886305864
47.0516487715, -27.2843954967, -15.2278019774, -21.4859223051, 0.13032211782, 0.303967247023
45.900929558, -27.3161297872, -15.2390331834, 21.5878071952, 0.0196043053095, 0.295686719731
43.1328963108, -27.2986518329, -15.2327973409, -21.1238642243, -0.0507653670524, -0.278297761322
-135.0, -27.2655925144, -15.2199703451, 20.9311906172, -0.0890020060272, -0.264963572396
47.1771381352, -27.1978430475, -15.199058341, -20.7065071109, 0.129139919246, 0.316666269063
45.9923703574, -27.1191019453, -15.1833303405, 20.2050837874, 0.0187591120004, 0.310106048022
43.1867616546, -26.9945739697, -15.1510483498, -20.252762198, -0.0521498598004, -0.288010818842
-135.0, -26.8599643592, -15.1134527108, 19.4528297616, -0.0909706415253, -0.28220189896
47.1522796536, -26.698978038, -15.0697845764, -19.7832838316, 0.128657959577, 0.338946844308
45.9284176115, -26.5367794323, -15.0336754998, 5.80244800192, 0.0170050938357, 0.334487938385
43.0850615643, -26.3418785458, -14.9841301353, -19.3203702547, -0.0546332938387, -0.332808025053
-135.0, -26.1474032245, -14.9323260407, 19.5762220695, -0.0929061389334, -0.333300537573
46.9720916921, -25.9474339888, -14.8785637956, -19.8659499452, 0.128954147908, 0.372963477164
45.7184993624, -25.7610451716, -14.8365425693, 19.8923764728, 0.0139410838543, 0.369161506214
42.850399481, -25.5623478231, -14.7853756898, -20.3787822527, -0.056838779971, -0.406040350617
-135.0, -25.3837832793, -14.7367710169, 20.2706705657, -0.0944204265937, -0.408273571265
46.6909356678, -25.2154637729, -14.69040785, -20.8770184505, 0.128229121279, 0.413858318339
45.4274736837, -25.0787337993, -14.6602620127, 20.7344006522, 0.0125184018393, 0.40800827945
42.5587278272, -24.9465759926, -14.625109922, -21.3736579735, -0.0583254032028, -0.487572768306
-135.0, -24.850630267, -14.5964939125, 21.2931629512, -0.0951890358972, -0.485231774654
46.4019400349, -24.7790134548, -14.5736766756, -21.8741524621, 0.128555906039, 0.451305869472
45.1542246745, -24.7516105495, -14.5702993495, 21.9411118893, 0.0121554721268, 0.440511901883
42.3103536364, -24.7388173716, -14.5643730713, -22.3776480928, -0.0585212595465, -0.550318359362
-135.0, -24.7701706754, -14.5670022884, 22.6581675011, -0.0944869648048, -0.537646716518
46.2085603501, -24.830695275, -14.5767098014, -22.8757571676, 0.129222045069, 0.473147230658
44.9985786665, -24.9380174845, -14.6065639186, 23.4108876144, 0.0130858224653, 0.455510132057
42.1982188653, -25.0587749767, -14.6336179329, -23.354986748, -0.0570894274879, -0.569771081052
-135.0, -25.2202700918, -14.6684151769, 24.1561927035, -0.0922554966947, -0.54385117425
46.1881928911, -25.4038148408, -14.7086378455, -23.7966580196, 0.129456975413, 0.469941111152
45.0260947266, -25.625224783, -14.7667361097, 24.8444581474, 0.0150786089149, 0.445469625621
42.2737277761, -25.8469748949, -14.8189452174, -24.1803009539, -0.0542813649841, -0.533354778467
-135.0, -26.0952740099, -14.875320959, 25.2, -0.0889941628122, -0.495530096571
46.3621951491, -26.3478732991, -14.9328906741, -24.4842952771, 0.128774823768, 0.438880905377
45.2416788899, -26.6203231889, -15.003651905, 25.2, 0.0175388103164, 0.409771684231
42.5248576434, -26.8716812754, -15.0634871476, -24.7067298013, -0.0507962486368, -0.446201423015
-135.0, -27.1288240999, -15.1221980252, 25.2, -0.0854845355125, -0.402059856338
46.683530069, -27.3674579822, -15.1766166267, -24.8647949644, 0.127086783264, 0.385611539852
45.5828195683, -27.6044707609, -15.2386103469, 25.2, 0.019595379039, 0.355747063926
42.8752365782, -27.797764589, -15.2843546043, -24.9700623987, -0.0475932831359, 0.340301401045
-135.0, -27.9765039357, -15.3237608001, 25.2, -0.0834823153265, -0.342499301998
47.0485185315, -28.1164878756, -15.3539348369, -25.0283059919, 0.124154302403, 0.348631010776
45.9368842506, -28.2375240726, -15.3871917763, 25.2, 0.0201355260677, 0.345881626912
43.2067774817, -28.2987568551, -15.4004266251, -25.0420218309, -0.0459274396959, -0.350187067295
-135.0, -28.3331499184, -15.4040807759, 25.2, -0.0814251922086, -0.334216202151
47.3284779849, -28.3181655034, -15.3960913766, -25.0095623953, 0.121793764482, 0.388995670513
46.1766967069, -28.2779741638, -15.389303528, 25.2, 0.0199449073338, 0.385788575693
43.3979377281, -28.1742950328, -15.3618489245, -24.927076271, -0.0461076217965, -0.362780740846
-135.0, -28.0448058316, -15.3248660669, 25.097617437, -0.0822390986837, -0.355192028988
47.4161626433, -27.8694059487, -15.2772773056, -24.7870937118, 0.119351528437, 0.435270488517
46.2070655071, -27.6768218947, -15.2326802666, 24.464686916, 0.0180007519598, 0.433825423153
43.3689399995, -27.4318585114, -15.1703578546, -24.5876957678, -0.0486939364778, -0.421386984212
-135.0, -27.1760919632, -15.1020873075, 23.8247675002, -0.0853895038354, -0.423532138317
47.2644681497, -26.8920366243, -15.0276890268, -24.3633317168, 0.118137785678, 0.496203582271
46.0000813244, -26.611077899, -14.9613124846, 23.2471295589, 0.0150707337188, -0.459688202508
43.1123248121, -26.3013540113, -14.882998366, -24.1479064299, -0.0515225733765, -0.452084297381
-135.0, -26.0054112892, -14.8049027207, 22.7941027483, -0.0887087417494, -0.429550024044
46.9080516706, -25.7079809831, -14.7272121939, -23.9705370425, 0.118850401945, 0.500528677523
45.6107026295, -25.4402163029, -14.6642214862, 22.5146861714, 0.0125873416481, 0.468935729368
42.7017630168, -25.1719713716, -14.5961230419, -23.8545896665, -0.0564731897214, -0.457777132253
-135.0, -24.9438013094, -14.5348295843, 22.4407275536, -0.0929705221788, -0.443358792921
46.4596552711, -24.7410958163, -14.4804624026, -23.8141523204, 0.120530034332, 0.451151669816
