0.101311393498, -0.580285112039, 0.323438795757, 0.00954507122573, -0.00529483801076, -0.999885831299, -0.0104489556438
0.101226937072, -0.580206816509, 0.323342688341, 0.00954566033239, -0.00528849014897, -0.999886414666, -0.0103956725206
0.101174180122, -0.580048972802, 0.323158625174, 0.00954640466999, -0.00528510803197, -0.999887554988, -0.0102864557345
0.101153129242, -0.579811473936, 0.322886659647, 0.00954742311345, -0.00528463116513, -0.999889234452, -0.0101211764161
0.101046977542, -0.579495331451, 0.322529106004, 0.00954877751203, -0.00528029798978, -0.999891441196, -0.00990177375149
0.100972667562, -0.579099131957, 0.322083901339, 0.0095503132984, -0.00527890903748, -0.999894123718, -0.0096263175497
0.10093025299, -0.578622605657, 0.321551223917, 0.00955215821579, -0.0052802707841, -0.999897235429, -0.00929481547362
0.100919804841, -0.578065428995, 0.320931288037, 0.00955438618371, -0.00528407144168, -0.999900721428, -0.00890727690774
0.100824222503, -0.577428364406, 0.320226631621, 0.00955707986018, -0.00528408313093, -0.999904532108, -0.00846565763662
0.100760871675, -0.576709848037, 0.319435261694, 0.00955998081839, -0.00528651493269, -0.9999085809, -0.00796802168971
0.100729859146, -0.575909413852, 0.318557501909, 0.00956329320617, -0.00529152826334, -0.999912781267, -0.00741437867037
0.100731326979, -0.575026545664, 0.31759371205, 0.00956707989591, -0.00529939436975, -0.999917038033, -0.00680473747001
0.100648277621, -0.574052677088, 0.31655993653, 0.00957074318112, -0.00530287394732, -0.999920625895, -0.00624678411348
0.100598814568, -0.572986366082, 0.315454062411, 0.00957395146053, -0.00531113054872, -0.999923597364, -0.0057385346545
0.100583052292, -0.571827264091, 0.314276422714, 0.00957693019789, -0.00532450180047, -0.999926024109, -0.0052799997476
0.100601147476, -0.570575002191, 0.313027372642, 0.00957969267753, -0.00534348561074, -0.999927971499, -0.00487118712131
0.100534323091, -0.569230292166, 0.311709933643, 0.0095822432552, -0.00535531805306, -0.999929559199, -0.00451418022814
0.100501758644, -0.567791642316, 0.310321880353, 0.00958433219249, -0.00537430910981, -0.999930777229, -0.00420691423461
0.100503615404, -0.566258643305, 0.308863636402, 0.00958613826899, -0.00540103984919, -0.999931666157, -0.00394939726097
0.100539806433, -0.564630875737, 0.307335658203, 0.00958761593054, -0.00541781344213, -0.999932359671, -0.00374179106622
0.10049050316, -0.562909010499, 0.305741314544, 0.0095888073912, -0.00542437440171, -0.999932883069, -0.00358612491485
0.100504133639, -0.561199734958, 0.304228639782, 0.00958952024313, -0.00544138121233, -0.999933140046, -0.00348538511752
0.100580356246, -0.55950371643, 0.302797429863, 0.00958986409208, -0.00544725026542, -0.999933262858, -0.00343973842589
0.100598016436, -0.55782272188, 0.301450610606, 0.00958990778332, -0.00544225107174, -0.999933250078, -0.00345122595144
0.100678665623, -0.556156170249, 0.300184869506, 0.00958959522026, -0.0054489262196, -0.999932985463, -0.00351759153988
0.100700038909, -0.554505787015, 0.299003314728, 0.00958895098243, -0.00544470973081, -0.999932572499, -0.00364110019726
0.100661824404, -0.552872079626, 0.297905871139, 0.00958783290983, -0.00543110565631, -0.999931983078, -0.00382174940428
0.100686689416, -0.55125428538, 0.296889061885, 0.00958624262938, -0.00542900626939, -0.999931081888, -0.00405725499335
0.100651279251, -0.54965402414, 0.295956230095, 0.00958417393537, -0.00541740613913, -0.999929934335, -0.0043499127469
0.100679008255, -0.548070424285, 0.29510380213, 0.00958166887257, -0.00541656208156, -0.999928390814, -0.00469741647755
0.100645815754, -0.546505030885, 0.294335268382, 0.00957869093738, -0.00540691583635, -0.999926488667, -0.00510207832876
0.100675845027, -0.544956863521, 0.293646971093, 0.00957529340478, -0.00540731903701, -0.999924068876, -0.00556157714543
0.100644337148, -0.543427391653, 0.293042538791, 0.00957142600809, -0.00539957870137, -0.999921140558, -0.00607824149913
0.100675960288, -0.541923880091, 0.292505151197, 0.00956789187937, -0.00540020866051, -0.999918230939, -0.00654405278491
0.100645297897, -0.54044773136, 0.292038521784, 0.00956466720463, -0.00539230465676, -0.999915486281, -0.00696135675085
0.100705680822, -0.539058405824, 0.29161601473, 0.00956179369294, -0.0053921318177, -0.999912905858, -0.00732650767733
0.100731115633, -0.53775717984, 0.291241320462, 0.00955945186955, -0.00538399814911, -0.999910611715, -0.00764185989854
0.100693841492, -0.536483517345, 0.290937342154, 0.0095575850917, -0.0053830360653, -0.999908560637, -0.00790859371486
0.100748270633, -0.535296669892, 0.290677014453, 0.00955591785079, -0.00538879042495, -0.999906825548, -0.00812315178666
0.100740133824, -0.53408998916, 0.29031703767, 0.00955481844934, -0.00538664447643, -0.999905537345, -0.00828286744803
0.100824169677, -0.532961380448, 0.290013726944, 0.00955332316079, -0.00539223236026, -0.999903732641, -0.00849607540889
0.10087273935, -0.531920673978, 0.28975780834, 0.00955251607566, -0.00538997914538, -0.999902350608, -0.00865949244279
0.100885810083, -0.530967854482, 0.289549205211, 0.00955211378053, -0.00538034328346, -0.999901415869, -0.00877311636423
0.100935873554, -0.529933570982, 0.289260321024, 0.00955204631692, -0.00537724369561, -0.999900925336, -0.00883080816687
0.100950278246, -0.528978494884, 0.289031931163, 0.009551632775, -0.00536831023513, -0.999899967679, -0.00894439442078
0.101057699719, -0.528109710593, 0.288846498747, 0.00955154134387, -0.00536540223459, -0.999899433447, -0.00900574863382
0.10112931709, -0.527328615785, 0.288708168185, 0.00955205979145, -0.00535615322229, -0.999899373941, -0.00901730388428
0.101109130315, -0.526467691566, 0.288493942135, 0.00955301209609, -0.00534113170462, -0.999899822504, -0.00897536783113
0.101182355323, -0.525684288845, 0.288335775068, 0.00955335051472, -0.00533227907105, -0.99989976314, -0.00898687749049
0.101219540053, -0.524979874019, 0.288237898637, 0.00955342428595, -0.00531957765101, -0.999899222108, -0.00905427003748
0.101193515966, -0.524255876488, 0.288040247326, 0.00955379257606, -0.00530266002806, -0.999899194764, -0.00906681608791
0.101261241562, -0.523609196829, 0.28789849553, 0.00955363252023, -0.00529050808475, -0.999898660137, -0.00913280279788
0.101265662343, -0.522942889523, 0.287656976935, 0.00955391112917, -0.00527524620535, -0.999898636345, -0.00914393765087
0.101233960179, -0.522355303462, 0.287475661154, 0.00955376642636, -0.00526446231769, -0.999898080029, -0.00921089238398
0.101296321109, -0.521845116732, 0.287349703494, 0.00955313791805, -0.00525837406683, -0.999897029407, -0.00932832471263
0.10126606918, -0.521255337891, 0.287148284242, 0.0095529559408, -0.00524803920061, -0.99989648658, -0.00939229693091
0.10133006067, -0.520743455367, 0.287001231465, 0.00955235698528, -0.00524299874655, -0.999895506702, -0.00949942718512
0.101301253316, -0.520151464493, 0.286779659544, 0.00955218914202, -0.00523308568884, -0.999894985005, -0.0095597834179
0.101366874105, -0.519637829396, 0.286611515138, 0.00955164500732, -0.00522901060242, -0.999894082378, -0.00965647718195
0.101396010366, -0.519210259912, 0.286491778564, 0.00955149508143, -0.00521953497767, -0.999893547395, -0.00971695803391
0.101332109541, -0.518701768828, 0.286299033181, 0.00955155872258, -0.00520447440252, -0.999893386032, -0.00974154716052
0.101362911557, -0.518272030907, 0.286158822708, 0.00955118107054, -0.00519654823164, -0.999892894912, -0.00979640401311
0.101356961923, -0.517922949235, 0.28607521802, 0.00955064659709, -0.00518269614408, -0.999892144483, -0.00988049653498
0.101389343477, -0.517490884897, 0.28591487768, 0.00955031139527, -0.00517622718846, -0.999891669874, -0.00993210660935
0.101384896339, -0.517139868025, 0.285810429461, 0.00954985932613, -0.00516290248184, -0.999890991151, -0.0100075191672
0.10147553029, -0.516871868679, 0.285751575905, 0.00954955982169, -0.0051578214102, -0.999890497715, -0.0100595906422
0.101472619433, -0.516521889081, 0.285621755683, 0.00954963297692, -0.00514465238391, -0.999890255479, -0.0100902953198
0.101433117713, -0.516253354282, 0.285547065291, 0.0095495375965, -0.00514082376157, -0.999889782225, -0.0101391156154
0.101416495892, -0.515901085858, 0.285397801572, 0.00954934476527, -0.00514574936188, -0.999889468042, -0.0101677420138
0.10147124213, -0.515629107402, 0.285299421438, 0.00954905271675, -0.00515919183712, -0.999888978139, -0.0102092961979
0.101459387552, -0.515381282684, 0.285277271752, 0.0095490671246, -0.00516394906259, -0.999888626912, -0.010241226486
0.101479954087, -0.515109315634, 0.285157053683, 0.00954913627678, -0.00517629000412, -0.999888401389, -0.0102569383862
0.101463482086, -0.514919240698, 0.285091094933, 0.00954913624515, -0.00518081840106, -0.999888095015, -0.0102844817858
0.101442875519, -0.514651948734, 0.28496175288, 0.0095491393046, -0.00519235213574, -0.999887878248, -0.0102997257114
0.101467662772, -0.514465616701, 0.284883467974, 0.00954902018169, -0.00521035706207, -0.999887542863, -0.0103232756391
0.101431728369, -0.514314017538, 0.284878842445, 0.00954894232062, -0.00522158656238, -0.999887140813, -0.0103565617352
0.101412608477, -0.514155382873, 0.284801179356, 0.00954875721612, -0.00523804414208, -0.999886815657, -0.0103797882433
0.101411672151, -0.514042687062, 0.284789274093, 0.00954847536929, -0.00525504067805, -0.999886427214, -0.0104088346675
0.101337698986, -0.513899980514, 0.284727712088, 0.00954823313017, -0.00526682590709, -0.999886120259, -0.0104325597058
0.101297881303, -0.513839233146, 0.284716168792, 0.00954772339027, -0.00528219745544, -0.999885820957, -0.0104539187477
0.101260346132, -0.513760432373, 0.284655689136, 0.00954719536337, -0.00530040420302, -0.999885554211, -0.0104706855794
0.101226390944, -0.513671014184, 0.284550842963, 0.00954667477, -0.00532090251187, -0.999885312659, -0.0104838220661
0.101214805893, -0.513647874991, 0.284503054471, 0.009546164091, -0.00534442724173, -0.999885037749, -0.0104985300822
0.101207316164, -0.513623478345, 0.284416427651, 0.00954569927441, -0.00536227639421, -0.999884820258, -0.0105105582977
0.101204024391, -0.513602416155, 0.284296181365, 0.00954525652517, -0.00537403176463, -0.999884643109, -0.0105218028137
0.101204878213, -0.513589022924, 0.284148462423, 0.00954482493024, -0.00537951416672, -0.999884499037, -0.0105330779168
0.101209667136, -0.513587152139, 0.283980213037, 0.00954440508341, -0.00537879085077, -0.999884378671, -0.0105452467937
0.10115656915, -0.513600815448, 0.283801093909, 0.00954398789345, -0.005372174135, -0.999884258477, -0.0105603830455
0.101123555088, -0.51367847489, 0.28368024851, 0.00954343953649, -0.00537156620458, -0.99988405606, -0.0105803343354
0.101099175299, -0.513771416143, 0.283556144134, 0.00954287545609, -0.00537669609212, -0.99988378549, -0.0106037814201
0.101083988145, -0.513879110837, 0.283433874679, 0.0095423353209, -0.0053875431388, -0.999883434593, -0.0106318127497
0.101078187624, -0.51400044645, 0.283318311861, 0.009541858666, -0.00540430478648, -0.99988298825, -0.0106656566532
0.10108137934, -0.514133811427, 0.283213934232, 0.0095413339111, -0.00541356021535, -0.999882503178, -0.0107068273344
0.101093056419, -0.514277157235, 0.283124665026, 0.00954078121682, -0.00541530498888, -0.999881961248, -0.0107569296949
0.10103975503, -0.514428980341, 0.283056403759, 0.00954019395161, -0.0054098393914, -0.999881324896, -0.0108191709702
0.100999265572, -0.514588068118, 0.283005065302, 0.00953953045871, -0.00541148488649, -0.999880831664, -0.0108644217742
0.100972529397, -0.514751877411, 0.282971896622, 0.00953893093568, -0.00541999971949, -0.999880494744, -0.0108916771286
0.100959987316, -0.51491778813, 0.282957391747, 0.00953852372949, -0.00543542592445, -0.999880317078, -0.0109006527573
0.100961536479, -0.515083207337, 0.282961317753, 0.00953841023892, -0.00545807999293, -0.999880291594, -0.0108917664009
0.100976258421, -0.515245674239, 0.282982768956, 0.00953846839267, -0.0054707662113, -0.999880499409, -0.0108662431347
0.100919497248, -0.515403937556, 0.283023216634, 0.0095387223924, -0.00547343492732, -0.999880904713, -0.0108273115137
0.100880384412, -0.515554942252, 0.283077299587, 0.00953879298913, -0.00548532035073, -0.999881400868, -0.0107752905491
0.100859600364, -0.515697052681, 0.283142410276, 0.00953891929771, -0.00550655967722, -0.999881955449, -0.0107127020982
0.100857179558, -0.51582903909, 0.283215618591, 0.00953926295278, -0.00553764828898, -0.999882531685, -0.0106423561319
0.100872074358, -0.515950117237, 0.28329382854, 0.00953967571263, -0.00555538941678, -0.999883223939, -0.0105674368044
0.10082126561, -0.516060902723, 0.283376800743, 0.00954020317767, -0.00555968338362, -0.999883984135, -0.01049250753
0.100791711489, -0.516160445539, 0.2834582265, 0.00954047464594, -0.00557665361828, -0.999884659135, -0.0104186709141
0.100783597737, -0.516249500509, 0.283534671845, 0.00954082163636, -0.00560648284576, -0.999885249653, -0.0103454143932
0.100795870412, -0.516329407363, 0.283602732513, 0.00954116148721, -0.0056203170988, -0.999885946874, -0.0102699326652
0.100827209916, -0.516401795779, 0.283659424384, 0.0095416270072, -0.00561824515324, -0.999886779507, -0.0101892513638
0.100791403664, -0.516469523498, 0.28370528996, 0.00954229787405, -0.00560096886595, -0.999887756102, -0.0101019253556
0.10077741352, -0.516531270275, 0.283738744965, 0.00954261044998, -0.00559904544263, -0.999888473419, -0.0100314505642
0.100784781477, -0.51658874542, 0.283759042722, 0.00954289614631, -0.00561186629177, -0.999888915661, -0.0099798010166
0.100811817644, -0.516643758272, 0.283765988941, 0.00954303050035, -0.00560929717758, -0.999889241743, -0.00994839690476
0.100775270315, -0.516699067301, 0.283762790604, 0.00954310421541, -0.00559209675276, -0.999889429874, -0.00993909660913
0.100761229082, -0.516757618133, 0.283743582894, 0.00954300116275, -0.00558976208598, -0.999889612985, -0.00992207305002
0.100769145689, -0.516818633833, 0.283713246887, 0.00954285376328, -0.00560191183393, -0.999889509484, -0.00992579209893
0.100797293436, -0.516883502473, 0.28367342568, 0.00954257547063, -0.00559908307343, -0.999889292523, -0.0099494833709
0.100763494044, -0.516954324819, 0.283628899043, 0.00954226924915, -0.00558202679979, -0.999888957843, -0.00999290039519
0.100752534675, -0.517033931019, 0.283574080753, 0.00954188951337, -0.00557932344882, -0.999888749207, -0.0100156229328
0.100763710557, -0.517119812835, 0.283516064924, 0.00954151371211, -0.00559065159293, -0.999888305687, -0.0100538689362
0.100795180535, -0.517212252035, 0.283457208716, 0.00954107701792, -0.00558746785363, -0.999887804467, -0.0101057671408
0.10076388452, -0.517314370619, 0.283399264628, 0.00954088070611, -0.00557025860833, -0.999887522681, -0.0101432638623
0.100755215582, -0.517422558314, 0.28334487556, 0.00954036813348, -0.00556719759131, -0.999887061124, -0.0101908136501
0.100768508831, -0.517537881157, 0.283293399789, 0.00954005827078, -0.00557739797783, -0.999886648974, -0.0102259044904
0.100801825757, -0.517657838319, 0.283249250298, 0.00953974138264, -0.00557363946982, -0.999886239116, -0.0102682375935
0.100769860655, -0.517783569838, 0.283214991536, 0.0095396203538, -0.00555653049014, -0.999885973903, -0.0103033879967
0.100760342503, -0.517912661831, 0.283188842531, 0.00953926968092, -0.00555281904432, -0.999885710415, -0.0103312459742
0.100772585442, -0.518043697625, 0.283171738513, 0.00953905408838, -0.00556185142721, -0.999885434964, -0.0103532218641
0.100804762658, -0.518175286433, 0.283164186708, 0.00953891284836, -0.00555749200637, -0.999885279756, -0.0103706678635
0.100769191526, -0.518307084617, 0.283169302919, 0.0095389338347, -0.00554049525794, -0.999885213977, -0.0103860735307
0.100756219275, -0.518436782056, 0.283183416522, 0.00953865717213, -0.00553628353934, -0.999885113622, -0.0103982277993
0.100765282472, -0.518563270956, 0.283205735946, 0.00953847364258, -0.0055442062125, -0.99988497327, -0.0104076667003
0.100794686992, -0.518685632928, 0.283235174934, 0.00953834848153, -0.0055394879797, -0.999884924111, -0.010415013995
0.100755286399, -0.518804153971, 0.283273486758, 0.0095383812931, -0.00552285669858, -0.999884940939, -0.0104221983822
0.100739150279, -0.518917243196, 0.283315764915, 0.00953808122491, -0.00551832323049, -0.999884913467, -0.0104275086116
0.100745809038, -0.519024611642, 0.283360282123, 0.00953786178676, -0.00552524994362, -0.999884840024, -0.0104310831335
0.1007736492, -0.519126214989, 0.283405293873, 0.00953771494099, -0.0055203041027, -0.999884846588, -0.0104332065712
0.100733413694, -0.519223229824, 0.283452178834, 0.00953774794477, -0.00550418556744, -0.999884910792, -0.0104355391171
0.100717283677, -0.519314954008, 0.283495953758, 0.00953743592803, -0.00549943086637, -0.999884933482, -0.0104361569872
0.100724757273, -0.519401935297, 0.283535081873, 0.00953721512329, -0.00550542171811, -0.99988491459, -0.0104350100086
0.100754177216, -0.519484892483, 0.28356826614, 0.009537100216, -0.0055003245364, -0.999884972977, -0.0104322080313
0.100717390777, -0.519565648101, 0.283597510073, 0.00953719901079, -0.00548480893961, -0.999885088189, -0.0104292437015
0.100705147485, -0.519644066823, 0.283618750275, 0.00953695721712, -0.00547989416257, -0.999885171117, -0.0104240964314
0.100716782013, -0.519721107904, 0.283631462188, 0.00953682537927, -0.00548498547913, -0.999885222761, -0.0104165828955
0.100750491003, -0.519797757804, 0.283635461612, 0.00953683220617, -0.0054797832372, -0.999885354547, -0.0104066598514
0.100719842595, -0.519875938816, 0.283633847148, 0.00953707959612, -0.00546492388179, -0.999885548265, -0.0103956284814
0.100713360983, -0.519955520152, 0.283623803302, 0.00953700225991, -0.00545988431044, -0.999885724987, -0.0103813399315
0.100730180101, -0.520037306729, 0.28360593522, 0.00953704592304, -0.00546409581544, -0.999885887692, -0.010363397425
0.100768336405, -0.520121349606, 0.283582136337, 0.00953718512411, -0.00545888514231, -0.999886056646, -0.0103497051843
0.100742983947, -0.520209101807, 0.283556473474, 0.00953750667964, -0.0054448602631, -0.99988620842, -0.0103421310244
0.100740655992, -0.520299921349, 0.283527062424, 0.00953745513758, -0.00543995630259, -0.999886267642, -0.0103390331125
0.100760376573, -0.520394029733, 0.283495184452, 0.009537445881, -0.00544363850017, -0.999886234082, -0.010340349042
0.100729763023, -0.520492322057, 0.283464653359, 0.00953750488684, -0.00543871512509, -0.999886188534, -0.0103472874784
0.100722881345, -0.520594313995, 0.283433373285, 0.00953730346338, -0.0054422765518, -0.999886117857, -0.0103524289928
0.100738908513, -0.520699337659, 0.283403259102, 0.00953718925222, -0.00545418042889, -0.999885963953, -0.0103611306197
0.100775982178, -0.520807695201, 0.28337444463, 0.0095372443336, -0.00545665179825, -0.999885906222, -0.0103653490574
0.100748254057, -0.52091984899, 0.283350972253, 0.0095375443551, -0.00545001273591, -0.999885921515, -0.0103670904837
0.100743471498, -0.521034192896, 0.28333056749, 0.00953753144634, -0.00545232465487, -0.999885931268, -0.0103649457991
0.100760758602, -0.521150086219, 0.28331389459, 0.00953761433341, -0.00546333343658, -0.999885929572, -0.010359234775
0.100798215522, -0.521266918739, 0.283301357848, 0.00953781906442, -0.00546460816015, -0.999886018365, -0.0103497992252
0.100769580937, -0.521385025596, 0.283296138796, 0.00953823313092, -0.00545651846153, -0.999886180115, -0.0103380525376
0.100763133369, -0.521502766424, 0.283295026918, 0.00953833267191, -0.00545768235605, -0.999886339768, -0.0103218922109
0.100778093542, -0.521619584303, 0.283297744821, 0.00953851708131, -0.00546778827175, -0.99988649964, -0.0103008650183
0.100812673146, -0.521735011588, 0.283303841421, 0.00953880600074, -0.00546799222266, -0.999886766795, -0.0102745232792
0.100780440078, -0.521849646491, 0.283315659203, 0.00953929696482, -0.00545869785775, -0.999887129769, -0.0102436396787
0.100770121098, -0.521961023504, 0.283331049579, 0.00953939555952, -0.00545892351756, -0.99988736956, -0.0102199941538
0.100781122197, -0.522070154395, 0.283347220843, 0.00953959548754, -0.00546817216248, -0.999887646048, -0.0101877618669
0.100811807818, -0.522176992056, 0.283363225378, 0.00953991443612, -0.00546745788687, -0.999888069872, -0.0101461650165
0.100775822959, -0.522280679913, 0.283384054568, 0.00954028508086, -0.00545743929206, -0.999888390186, -0.0101196090867
0.100762115525, -0.522382313694, 0.283402437496, 0.00954041781924, -0.00545677756231, -0.99988878678, -0.0100805792042
0.100770144658, -0.522479840216, 0.283421082742, 0.00954047790788, -0.00546536743738, -0.999888974085, -0.0100572632347
0.10079841301, -0.522575995745, 0.28343538229, 0.00954070074209, -0.00546402843047, -0.999889363252, -0.010019015872
0.100760866547, -0.522669481674, 0.28345182832, 0.00954094696125, -0.00545353718423, -0.999889603667, -0.0100004870577
0.100746234563, -0.522762501317, 0.283462278918, 0.00954100593028, -0.00545226918806, -0.999889970271, -0.0099644025837
0.100753975487, -0.522852529272, 0.283471055109, 0.00954097095458, -0.00546018801007, -0.999890087543, -0.00994831911442
0.100782589911, -0.522943206805, 0.283472944358, 0.00954114810395, -0.005458314645, -0.999890449928, -0.00991269073471
0.100746388773, -0.523032684094, 0.283476057317, 0.00954133474965, -0.00544752024548, -0.99989062583, -0.00990069857461
0.100733535521, -0.523120450926, 0.283477274062, 0.00954105959792, -0.00544614271266, -0.999890542681, -0.00991011449599
0.100743511723, -0.523210399372, 0.283471313065, 0.00954100678962, -0.00545335612241, -0.999890630284, -0.0098973515163
0.100774606848, -0.523299472272, 0.283464037786, 0.00954088479354, -0.00545143446564, -0.999890553207, -0.00990631050015
0.100741556147, -0.523392434702, 0.283453344873, 0.00954110189206, -0.00544043914924, -0.999890725583, -0.00989474051094
0.10073189506, -0.523485069249, 0.283442197357, 0.00954086185664, -0.00543860400257, -0.999890638314, -0.00990479451262
0.100744978445, -0.523581045672, 0.283425685016, 0.00954084982586, -0.00544509213131, -0.999890724398, -0.00989254356789
0.100778993505, -0.52367700784, 0.283410031932, 0.00954077603619, -0.00544278155417, -0.999890642284, -0.00990218128959
0.100748839043, -0.523777428304, 0.283393330583, 0.00954104506382, -0.00543173357994, -0.999890807922, -0.00989125691427
0.10074166606, -0.523877776568, 0.283378703082, 0.00954085353588, -0.00542952057962, -0.999890714693, -0.00990207506328
0.100756747519, -0.523981415954, 0.283361264946, 0.0095408819282, -0.0054353030456, -0.999890796084, -0.00989065013542
0.100792230574, -0.524084703665, 0.283347168405, 0.00954084470987, -0.00543268465847, -0.999890706647, -0.00990116056487
0.100763033391, -0.52419183597, 0.283334352906, 0.0095411419759, -0.00542172413901, -0.999890861646, -0.00989122412521
0.100756226617, -0.524298065041, 0.283325685789, 0.00954097471065, -0.00541921637875, -0.99989076021, -0.00990300675239
0.100771090473, -0.524406543426, 0.283316000564, 0.0095410108864, -0.00542432676889, -0.999890834041, -0.00989271408513
0.100805822015, -0.524513510006, 0.283311049292, 0.00954097254902, -0.00542148392043, -0.999890735712, -0.00990424107963
0.100775261789, -0.524623041714, 0.283308411249, 0.00954125659821, -0.00541074109485, -0.999890877612, -0.00989551265758
0.100766670606, -0.524730381258, 0.283310480748, 0.00954107293659, -0.00540802357069, -0.999890767373, -0.00990830618202
0.100779411575, -0.524838654233, 0.283311718616, 0.00954107598908, -0.00541250852346, -0.999890832842, -0.0098992433456
0.100811794768, -0.524944215104, 0.283317373707, 0.00954100060422, -0.00540952185933, -0.999890728048, -0.00991152583965
0.100778553476, -0.5250511875, 0.283324729635, 0.00954124070413, -0.00539911003732, -0.999890858734, -0.00990378496042
0.100767298439, -0.525158348091, 0.283330429234, 0.00954131876558, -0.00539585764933, -0.999891162588, -0.00987476250988
0.100777401113, -0.525262074501, 0.283339663255, 0.00954125108506, -0.00539979368335, -0.999891199662, -0.00986892061065
0.100807538121, -0.525365924927, 0.283346269438, 0.00954151451013, -0.00540590818331, -0.999891445312, -0.00984038870349
0.100772103862, -0.525467145751, 0.283358678894, 0.00954176256551, -0.005404762902, -0.999891472989, -0.0098379647018
0.100759001855, -0.525568586927, 0.28336729522, 0.0095418685859, -0.0054106381108, -0.999891700957, -0.00981142681529
0.100767669539, -0.525666443063, 0.283377925631, 0.00954181740236, -0.00542396181686, -0.999891639742, -0.0098103584868
0.100796645353, -0.525764861293, 0.28338385867, 0.00954201327552, -0.00542855594879, -0.999891869759, -0.00978414803459
0.100760489613, -0.525860915162, 0.283394194358, 0.00954217674841, -0.00542510352285, -0.999891868052, -0.00978607773004
0.100747162487, -0.525957955999, 0.283398972658, 0.00954222816194, -0.00542952976562, -0.999892082582, -0.0097616226713
0.100756087378, -0.526051999529, 0.283404723876, 0.00954212521694, -0.00544221200664, -0.9998919873, -0.00976442050814
0.100785748668, -0.526147589651, 0.283404522687, 0.00954228748826, -0.0054454703818, -0.999892205317, -0.00974008977138
0.100750795086, -0.526241586424, 0.283408189137, 0.00954241033574, -0.00544010024278, -0.999892180861, -0.00974547936632
0.100739005713, -0.526337630773, 0.283405658759, 0.00954244448894, -0.00544324929381, -0.999892384713, -0.00972274569116
0.100749729932, -0.526431491555, 0.283404153725, 0.00954232843916, -0.00545525051341, -0.999892263002, -0.00972864832779
0.100781354702, -0.526527892895, 0.283396686691, 0.00954249210094, -0.00545733443294, -0.999892470782, -0.00970593734644
0.10074868922, -0.52662341116, 0.283393677426, 0.00954261036877, -0.00545038562711, -0.999892427721, -0.00971415824129
0.100739183504, -0.526721779597, 0.283385013271, 0.00954265632537, -0.00545240564046, -0.999892621711, -0.00969298874654
0.100752099507, -0.526818468533, 0.28337841459, 0.00954255223032, -0.00546368867089, -0.999892478541, -0.0097015030209
0.100785732182, -0.526918221925, 0.283366800547, 0.00954273311069, -0.00546473701536, -0.999892676115, -0.00968034838911
0.100755087096, -0.527017315548, 0.283360939393, 0.00954285887863, -0.00545650510815, -0.999892616525, -0.00969101729192
0.100747279759, -0.52711946216, 0.283350581634, 0.00954292280205, -0.00545752340574, -0.999892800107, -0.00967141957486
0.100761521543, -0.527219857548, 0.283343666442, 0.00954283124019, -0.00546805221784, -0.999892638647, -0.00968224954244
0.100796064732, -0.527323206703, 0.283332902527, 0.00954302075825, -0.00546818626325, -0.999892825212, -0.00966270065165
0.10076610079, -0.527425553241, 0.283329131331, 0.00954314214663, -0.00545893357162, -0.999892750151, -0.00967557114368
0.10075852782, -0.527530578682, 0.283321852391, 0.00954320788184, -0.00545906329745, -0.999892922499, -0.00965760566221
0.100772569032, -0.527633307882, 0.283318977175, 0.00954310936876, -0.00546880631141, -0.999892745333, -0.00967052486165
0.100806498399, -0.527738437337, 0.283312923027, 0.00954328371545, -0.00546813736557, -0.99989292031, -0.00965262264318
0.100775641249, -0.527841908618, 0.283314415478, 0.00954337781942, -0.00545810399139, -0.999892830919, -0.00966745663956
0.100766845036, -0.527947426993, 0.283312670631, 0.00954341955243, -0.00545745285083, -0.999892991854, -0.00965112395305
0.100779396614, -0.528049985861, 0.283315446969, 0.00954328896059, -0.00546638967652, -0.999892801897, -0.0096658643924
0.100811636654, -0.528154338148, 0.283314902152, 0.00954342489373, -0.00546502731791, -0.999892965592, -0.00964955324058
0.10077895039, -0.52825645828, 0.283321595089, 0.00954347425912, -0.00545443991239, -0.999892863689, -0.00966603998723
0.100768266603, -0.528360133334, 0.283324547754, 0.00954347230584, -0.00545311821639, -0.999893014006, -0.00965122687092
0.100778950331, -0.528460440885, 0.283331375809, 0.00954329396034, -0.0054612472105, -0.999892814748, -0.00966743684659
0.100809414044, -0.528562228122, 0.283334119853, 0.00954338192027, -0.00545930532425, -0.999892968332, -0.00965255026044
0.100775035832, -0.528661588195, 0.283343233873, 0.00954338563387, -0.00544838086975, -0.999892856342, -0.00967030365031
0.100762867146, -0.528762399653, 0.28334771992, 0.00954333694248, -0.00544650591049, -0.999892997475, -0.009656805598
0.100772324701, -0.528859875645, 0.283355139775, 0.00954311296966, -0.0054538492139, -0.999892792575, -0.00967408286308
0.10080186087, -0.528958933923, 0.283357604594, 0.00954316167259, -0.00545144737375, -0.999892937533, -0.00966039638644
0.100766813796, -0.529055801614, 0.283365558844, 0.00954313654283, -0.00544039064956, -0.999892817943, -0.00967901442344
0.100754302004, -0.529154395604, 0.2833681627, 0.00954305556691, -0.00543808535478, -0.999892951278, -0.00966660758496
0.100763744933, -0.529250050041, 0.283373005317, 0.00954280429226, -0.00544468859924, -0.999892743895, -0.00968457321943
0.100793588231, -0.529347675031, 0.28337241701, 0.00954283548721, -0.00544194773917, -0.999892881352, -0.00967188277744
0.100759145321, -0.52944359409, 0.28337688064, 0.00954280767235, -0.00543094325436, -0.999892756125, -0.0096910229803
0.100747487759, -0.529541671052, 0.283375822401, 0.00954271802076, -0.00542832896284, -0.999892882439, -0.00967953639711
0.100757994812, -0.529637312746, 0.28337686728, 0.00954246389739, -0.00543425458429, -0.999892674743, -0.00969789949924
0.100789071436, -0.529735326879, 0.28337262098, 0.00954250052141, -0.00543128795415, -0.999892805111, -0.00968607673865
0.100756062672, -0.529832084419, 0.283373565812, 0.00954249250771, -0.00542048928456, -0.999892675427, -0.00970550156375
0.100745879446, -0.529931310357, 0.283369404096, 0.00954241432569, -0.00541767472962, -0.999892794768, -0.00969484919093
0.100757845965, -0.530028445413, 0.28336772043, 0.00954217531074, -0.0054229902247, -0.999892587932, -0.00971342712366
0.10079032246, -0.530128126764, 0.283361361509, 0.00954222992725, -0.00541989258018, -0.999892711028, -0.00970242475303
0.100758757779, -0.530226751439, 0.283360700685, 0.00954225042308, -0.00540941339065, -0.999892577475, -0.00972199644489
0.100749838253, -0.530327861288, 0.283355655213, 0.00954219084286, -0.00540648370939, -0.999892689498, -0.00971215813882
0.100762850674, -0.530426930734, 0.283353647776, 0.00954197058816, -0.00541124831865, -0.999892484109, -0.00973084847235
0.100796135671, -0.530528408738, 0.283347688446, 0.00954204071973, -0.00540808735944, -0.999892599627, -0.00972066152297
0.100765301756, -0.530628740175, 0.283347919536, 0.00954208300814, -0.00539799828765, -0.999892462649, -0.00974029798037
0.100756815742, -0.530731290529, 0.283344398396, 0.00954203472141, -0.00539500833383, -0.999892567155, -0.0097312694889
0.100769964063, -0.530831607738, 0.283344279952, 0.00954182339224, -0.0053992626531, -0.999892363764, -0.00974999774967
0.100803105958, -0.530933979878, 0.283340677037, 0.00954189548114, -0.0053960763529, -0.999892471764, -0.00974061091177
0.100772024855, -0.531034952433, 0.283343422924, 0.0095419440164, -0.0053864102196, -0.999892332063, -0.00976023413979
0.100763028176, -0.531137754483, 0.283342679263, 0.00954189156458, -0.00538338531074, -0.999892429385, -0.00975198068582
0.100775436908, -0.531238064919, 0.283345288845, 0.00954167344662, -0.00538714769545, -0.999892228872, -0.0097706575054
0.100807665985, -0.531340055869, 0.283344462022, 0.0095417359272, -0.00538436604501, -0.999892327738, -0.00976200845261
0.100775635815, -0.531440428607, 0.283349717146, 0.00954178010335, -0.00537551436348, -0.999892184333, -0.00978151254791
0.100765575135, -0.53154231744, 0.283351343761, 0.00954171326622, -0.0053728583146, -0.999892273201, -0.00977394978582
0.100776854773, -0.531641577302, 0.28335589738, 0.00954148037058, -0.00537655936239, -0.999892074459, -0.0097924561008
0.100808063261, -0.531742293366, 0.283356731352, 0.00954159491387, -0.00538141235562, -0.999892126273, -0.00978438477487
0.100775078104, -0.531843050797, 0.283360379112, 0.00954185013029, -0.0053797566485, -0.999892158637, -0.00978173861715
0.100764125569, -0.531945211256, 0.283360051563, 0.00954198893722, -0.00538418492423, -0.999892415697, -0.00975284730838
0.100774620366, -0.53204462001, 0.283362402601, 0.00954195387908, -0.00539514897616, -0.999892367894, -0.00975172348884
0.100805033575, -0.532145609505, 0.283360488801, 0.00954218567243, -0.00539849064857, -0.999892624792, -0.00972326479335
0.100771395108, -0.532244807274, 0.283364086141, 0.0095423745282, -0.00539492991939, -0.999892622638, -0.00972527708495
0.100759971912, -0.532345734709, 0.283363034097, 0.00954247138891, -0.00539810401646, -0.999892862831, -0.00969868925459
0.100770190866, -0.532443941174, 0.283364577683, 0.00954238809533, -0.00540843228529, -0.999892777247, -0.0097018399393
0.100800504357, -0.532544094054, 0.283361335628, 0.00954258338367, -0.0054106141567, -0.999893018038, -0.00967557935283
0.100766930967, -0.532642546263, 0.283363625093, 0.00954272168252, -0.00540547531039, -0.999892986904, -0.00968153084826
0.100755748745, -0.532743097815, 0.283360923361, 0.00954278931819, -0.00540753460235, -0.999893211845, -0.00965705175287
0.100766370348, -0.532841043411, 0.283360966482, 0.0095426732752, -0.00541718193689, -0.999893095319, -0.00966382220638
0.1007972107, -0.532941274648, 0.283356065679, 0.00954284685987, -0.00541835531764, -0.99989332114, -0.00963959749945
0.100764283055, -0.533039907242, 0.283356961717, 0.00954295446154, -0.00541196375654, -0.999893265117, -0.0096488881193
0.100753823967, -0.533140917155, 0.283352871381, 0.00954300659733, -0.00541306697575, -0.999893475552, -0.00962638456731
0.100765217828, -0.533239383718, 0.283351889762, 0.00954287194919, -0.00542202936764, -0.999893333449, -0.00963622939093
0.100796837845, -0.533340331765, 0.283346094864, 0.00954303471179, -0.00542235967083, -0.999893544758, -0.00961393030024
0.100764732686, -0.533439684772, 0.283346506863, 0.00954312481371, -0.00541502816262, -0.999893466987, -0.00962605398126
0.100755043873, -0.53354151885, 0.283342138906, 0.00954316945902, -0.00541534497624, -0.999893663195, -0.00960542861359
0.100767131597, -0.533640750861, 0.283341298898, 0.00954302365486, -0.00542365340859, -0.999893499895, -0.00961787661473
0.100799339868, -0.533742478806, 0.283335874725, 0.00954317887426, -0.00542330772907, -0.999893696954, -0.00959740915384
0.100767806981, -0.533842494807, 0.28333702253, 0.00954325590546, -0.0054153186102, -0.999893600192, -0.00961191376851
0.100758545226, -0.533944930513, 0.283333593201, 0.00954329343534, -0.00541501344963, -0.9998937825, -0.00959306509718
0.100770908103, -0.534044607667, 0.283333977417, 0.00954313648975, -0.00542271874699, -0.999893601925, -0.00960767904738
0.100803232838, -0.534146665464, 0.283329915451, 0.00954328080471, -0.00542184856936, -0.999893785276, -0.00958892675181
0.100771789255, -0.534246835337, 0.283332586648, 0.00954334282772, -0.00541343566659, -0.999893672351, -0.009605379439
0.100762454423, -0.534349282117, 0.283330731496, 0.00954336823616, -0.00541264906274, -0.999893841538, -0.00958817019373
0.100774595349, -0.534448802649, 0.283332733522, 0.00954319573415, -0.00541980201868, -0.999893647505, -0.0096045218887
0.100806563675, -0.534550560111, 0.283330246509, 0.00954332317761, -0.00541852697137, -0.999893818233, -0.00958732540282
0.100774772448, -0.534650290885, 0.283334406509, 0.00954336666035, -0.00540986428098, -0.999893692211, -0.00960530047312
0.100764981861, -0.534752177426, 0.283333915323, 0.0095433739972, -0.00540869828342, -0.999893849616, -0.00958955134972
0.100776584853, -0.534851049219, 0.283337104624, 0.00954318157523, -0.00541533138294, -0.999893645908, -0.00960722352865
0.100807958463, -0.534952075806, 0.283335621084, 0.00954328805098, -0.00541373003885, -0.999893805579, -0.00959138914272
0.100775638057, -0.535051045335, 0.283340531928, 0.00954331220536, -0.00540493231215, -0.999893669606, -0.0096104828713
0.100765297021, -0.535152136261, 0.283340582538, 0.00954329857455, -0.00540344560359, -0.999893816921, -0.00959599449441
0.100776353968, -0.535250245475, 0.283344039346, 0.00954308537886, -0.00540956257012, -0.999893607091, -0.00961460620531
0.100807209416, -0.535350522027, 0.283342623328, 0.00954317130282, -0.00540767420792, -0.99989375742, -0.00959993825474
0.100774480344, -0.535448828756, 0.283347327657, 0.0095431799797, -0.00539881068236, -0.999893614343, -0.00961980016849
0.10076378045, -0.535549308448, 0.283347014802, 0.00954314722028, -0.0053970259373, -0.999893753205, -0.00960639129462
0.100774543243, -0.535646937777, 0.283349880705, 0.00954291683441, -0.00540260301245, -0.999893540259, -0.00962563079169
0.100805181984, -0.535746810168, 0.283347784035, 0.00954298697462, -0.00540044060943, -0.999893682677, -0.0096119708415
0.10077235527, -0.535844867709, 0.283351635735, 0.00954298764123, -0.00539155847761, -0.999893534659, -0.00963233259085
0.100761630609, -0.535945180984, 0.283350463612, 0.0095429412646, -0.00538948031741, -0.999893666237, -0.00961987493139
0.100772442135, -0.536042806082, 0.283352376743, 0.00954270007464, -0.00539447930431, -0.999893452379, -0.0096395206199
0.100803219223, -0.536142745097, 0.283349404528, 0.00954277024543, -0.00539299901827, -0.999893582577, -0.00962676577904
0.100770624246, -0.536241018064, 0.283352351422, 0.00954277960159, -0.00538502252988, -0.999893426188, -0.00964744299562
0.100760176848, -0.536341591421, 0.28335042939, 0.00954273486836, -0.00538356964474, -0.999893546052, -0.00963586798639
0.100771302092, -0.536439600365, 0.283351626494, 0.00954249882184, -0.00538893693878, -0.999893327341, -0.00965577621865
0.100802404749, -0.536539930115, 0.283348151561, 0.00954256411755, -0.00538705980654, -0.999893451394, -0.00964390564161
0.100770188201, -0.536638681496, 0.283350659472, 0.00954257688902, -0.00537890962837, -0.999893293356, -0.00966480520516
0.100760110009, -0.536739696831, 0.283348545358, 0.00954252787294, -0.00537706141847, -0.999893407027, -0.00965411603408
0.100771583434, -0.536838199364, 0.283349631101, 0.0095422907624, -0.00538179228201, -0.999893189557, -0.00967421705806
0.10080303191, -0.536938943275, 0.283346297606, 0.00954236869674, -0.00538117871457, -0.999893298381, -0.00966322758197
0.100771181326, -0.537038125852, 0.283349005729, 0.00954240146565, -0.00537446254891, -0.999893130606, -0.0096842703686
0.100761408036, -0.537139458337, 0.283347329696, 0.00954236422819, -0.00537382920224, -0.999893229232, -0.00967447054131
0.100773119978, -0.537238271668, 0.283348882336, 0.00954214256216, -0.00537959550019, -0.999893004532, -0.00969468699068
0.100804710717, -0.537339188204, 0.283346218649, 0.00954221465372, -0.00537849412719, -0.999893107448, -0.00968460729714
0.100773014797, -0.537438523497, 0.283349565095, 0.00954224782608, -0.00537143347229, -0.999892940207, -0.00970573715103
0.10076331336, -0.537539858517, 0.283348681952, 0.00954220338519, -0.00537035667226, -0.999893032721, -0.00969684176273
0.100775016724, -0.537638656849, 0.283350944126, 0.00954197857515, -0.00537555085003, -0.999892810281, -0.00971710075097
0.100806525143, -0.53773941004, 0.283349093584, 0.00954204202054, -0.00537410413905, -0.999892906717, -0.00970791096799
0.100774777614, -0.537838576825, 0.283353103182, 0.00954207381524, -0.00536691522841, -0.999892739866, -0.00972901905036
0.100764951092, -0.537939608926, 0.283352941913, 0.00954201974328, -0.00536554391523, -0.999892825898, -0.00972098327938
0.100776465451, -0.538038124331, 0.283355735425, 0.00954178944549, -0.00537025426758, -0.999892606494, -0.00974115506642
0.100807779649, -0.538138481119, 0.283354438588, 0.00954186889782, -0.00537133535136, -0.999892681674, -0.00973276059105
0.100775894283, -0.538237299787, 0.28335876909, 0.00954192360353, -0.0053667122924, -0.999892502184, -0.00975367466693
0.100765890177, -0.538337898216, 0.283358936106, 0.00954188466414, -0.00536779931047, -0.999892567861, -0.00974637904308
0.100777196847, -0.538436369679, 0.283361315181, 0.00954170466853, -0.00537490005978, -0.999892376812, -0.0097622289747
0.100808238545, -0.538536624648, 0.283359613186, 0.00954179818454, -0.00537540917292, -0.9998924877, -0.00975049256189
0.10077615823, -0.53863541309, 0.283363352742, 0.00954186995069, -0.00537011182463, -0.999892349503, -0.00976749827735
0.10076595816, -0.538735967998, 0.283362913956, 0.00954184447466, -0.0053706748037, -0.999892449627, -0.00975695830877
0.100777080689, -0.53883416034, 0.283365064933, 0.00954165384123, -0.00537740660024, -0.999892255638, -0.0097733031729
0.100807947922, -0.538934159629, 0.28336311377, 0.00954173313045, -0.00537748836461, -0.99989236039, -0.00976245778013
0.100775777438, -0.539032793725, 0.283366476004, 0.00954179428574, -0.00537170939323, -0.999892221228, -0.00977981737147
0.100765504604, -0.539133220475, 0.283365681204, 0.00954175599149, -0.00537186445844, -0.999892315932, -0.00977008215081
0.10077657557, -0.539231392481, 0.283367386957, 0.00954155795767, -0.00537823385914, -0.99989212151, -0.00978665494302
0.100807410389, -0.539331391581, 0.283365055112, 0.00954162679106, -0.00537793445041, -0.999892221445, -0.00977653691227
0.100775280814, -0.53943012777, 0.283367973626, 0.00954168264158, -0.00537175426769, -0.999892083081, -0.00979401552119
0.100765064231, -0.539530663029, 0.283366838572, 0.00954163528349, -0.00537152087134, -0.999892173655, -0.00978493862246
0.100776205351, -0.539629034236, 0.283368175296, 0.00954143349435, -0.00537748863994, -0.999891980868, -0.0098015436968
0.100807119579, -0.539729219661, 0.283365607401, 0.00954149555371, -0.00537680813117, -0.999892077149, -0.0097920300069
0.100775121182, -0.53982837096, 0.283368017836, 0.00954156465837, -0.00537024576903, -0.999891960996, -0.0098074124683
0.100765033204, -0.539929286615, 0.283366525498, 0.00954152556702, -0.00536958588129, -0.999892068571, -0.00979683855632
0.100776296738, -0.540028072737, 0.283367532656, 0.00954133507066, -0.00537506035188, -0.999891896755, -0.00981154702061
0.10080732273, -0.540128628657, 0.283364770985, 0.00954140614509, -0.0053739589576, -0.999892009361, -0.00980059944784
0.100775477242, -0.540227997791, 0.283367277845, 0.00954147304935, -0.00536707283072, -0.999891891262, -0.00981634396219
0.100765516972, -0.540329079478, 0.283365992844, 0.00954142795499, -0.0053659828417, -0.999891994436, -0.00980646952194
0.100776880644, -0.540428030663, 0.283367219816, 0.00954123307383, -0.00537090245781, -0.999891822342, -0.00982150146589
0.100808010649, -0.540528683928, 0.28336477341, 0.00954131805201, -0.00537141040155, -0.9998919196, -0.00981123431584
0.100776281706, -0.540629381621, 0.28336555225, 0.00954151457671, -0.0053659669105, -0.999891949852, -0.00981093882643
0.100766398282, -0.540731716641, 0.283362617375, 0.0095415960084, -0.0053662276178, -0.999892197579, -0.00978543648956
0.100777803066, -0.540831767201, 0.283362392172, 0.00954151796201, -0.00537247764352, -0.999892155943, -0.00978633758441
0.100808899233, -0.540933537441, 0.283358398665, 0.00954170164534, -0.00537213087494, -0.999892402118, -0.00976116421069
0.100777198782, -0.541033879066, 0.2833599551, 0.00954186402029, -0.00536598068896, -0.999892397556, -0.00976485492189
0.100767300371, -0.541135964793, 0.283357541993, 0.00954192648049, -0.00536556848295, -0.999892627581, -0.00974143842027
0.100778655967, -0.541235613967, 0.283358009839, 0.00954181746034, -0.00537118501641, -0.999892553398, -0.00974606334097
0.100809665735, -0.54133708297, 0.283354465236, 0.0095419800176, -0.00537025779691, -0.999892781945, -0.00972294002753
0.100777934874, -0.541436999131, 0.283356594684, 0.00954211006667, -0.0053636377023, -0.999892746616, -0.00973009712719
0.100767968923, -0.541538756374, 0.28335452876, 0.00954215318823, -0.00536269012112, -0.999892959371, -0.00970869030858
0.100779230465, -0.541637983578, 0.283355444368, 0.00954201521545, -0.0053677117001, -0.999892857557, -0.00971653349977
0.100810163113, -0.541739124301, 0.283352144418, 0.00954218244106, -0.00536894593102, -0.99989305493, -0.00969535333051
0.100778419792, -0.541838646072, 0.283354590052, 0.00954230871268, -0.00536448989454, -0.99989297965, -0.0097054540858
0.100768417332, -0.541940100753, 0.283352671033, 0.00954235792884, -0.00536565942177, -0.999893162178, -0.00968593487004
0.100779629551, -0.542038985512, 0.283353798427, 0.00954222089765, -0.00537284920747, -0.999893022751, -0.00969647184541
0.100810453192, -0.542139871304, 0.283350578927, 0.00954236625704, -0.0053734233871, -0.999893205586, -0.00967713752754
0.100778667416, -0.542239118052, 0.283353155032, 0.00954246423289, -0.00536822357884, -0.999893110899, -0.00968970223974
0.100768612645, -0.542340375346, 0.283351271027, 0.00954249370177, -0.00536881831066, -0.999893279324, -0.00967194737552
0.100779769813, -0.542439058956, 0.283352485718, 0.00954233538261, -0.00537558299555, -0.999893121124, -0.00968469269119
0.100810530591, -0.542539809169, 0.283349294921, 0.00954246188903, -0.00537569484583, -0.99989329023, -0.00966703053045
0.100778745078, -0.54263892594, 0.283351941583, 0.00954253839831, -0.00537001972471, -0.999893179517, -0.00968154972564
0.10076868401, -0.542740103748, 0.283350102674, 0.009542551527, -0.00537022031306, -0.999893334927, -0.00966536144421
0.100779832932, -0.542838719848, 0.283351405688, 0.00954237693799, -0.00537665747885, -0.999893162205, -0.00967981266486
0.100810579377, -0.542939436109, 0.283348304595, 0.00954248854553, -0.00537644878053, -0.999893319034, -0.00966360506613
0.100778834883, -0.543038532028, 0.283351069353, 0.00954255014975, -0.00537046722163, -0.999893195983, -0.0096795891028
0.100768805756, -0.543139705073, 0.283349369617, 0.00954255054827, -0.00537038242787, -0.999893340105, -0.00966473666438
0.100779980161, -0.543238329984, 0.283350834658, 0.00954236449387, -0.00537654314852, -0.999893156986, -0.00968042745305
0.100810742109, -0.543339054535, 0.283347928302, 0.00954246479281, -0.00537607710634, -0.999893303532, -0.00966543907169
0.100779061909, -0.543438170305, 0.283350888511, 0.00954251675032, -0.00536985525447, -0.999893171856, -0.00968245344633
0.100769081889, -0.54353934829, 0.283349421894, 0.00954250731181, -0.00536950853672, -0.99989330683, -0.00966870671909
0.100780291803, -0.543637989619, 0.283351109213, 0.00954231339913, -0.00537537344573, -0.999893117115, -0.00968524453102
0.10081107322, -0.543738704308, 0.28334846188, 0.00954240491997, -0.00537463599612, -0.999893255559, -0.0096712607685
0.100779459706, -0.543837821212, 0.283351644412, 0.00954245076893, -0.00536816366399, -0.999893118521, -0.00968896207218
0.100769524474, -0.543938966337, 0.283350433018, 0.00954243318259, -0.00536750699388, -0.999893246457, -0.00967613183872
0.100780758708, -0.544037588759, 0.283352327433, 0.00954223330958, -0.00537298813965, -0.999893053326, -0.00969322918916
0.100811543457, -0.544138246226, 0.283349914761, 0.00954231724516, -0.00537191470638, -0.999893185535, -0.00968009481026
0.100779984087, -0.544237322848, 0.283353261078, 0.00954235888604, -0.00536515460178, -0.999893045472, -0.00969825339499
0.100770076028, -0.544338388222, 0.283352237482, 0.00954233358111, -0.00536410676534, -0.999893167933, -0.00968622474895
0.10078131221, -0.544436954239, 0.283354244324, 0.00954212796734, -0.00536907631505, -0.999892973676, -0.00970371097641
0.100812105234, -0.54453751587, 0.283351965548, 0.00954222228164, -0.00536945172421, -0.999893090748, -0.00969133923032
0.10078060851, -0.544636525451, 0.283355356138, 0.00954227728243, -0.00536410284902, -0.999892939607, -0.00970982329954
0.100770734717, -0.544737487164, 0.283354403371, 0.00954226126767, -0.00536437777366, -0.999893047655, -0.00969855410111
0.100781979957, -0.544835985988, 0.283356396613, 0.00954206803929, -0.00537062773253, -0.999892843238, -0.00971634375461
0.100812725424, -0.544936446475, 0.283354139961, 0.00954215153819, -0.00537027000941, -0.9998929568, -0.0097047661627
0.100781238525, -0.545035396763, 0.283357462915, 0.00954219840029, -0.00536414157444, -0.999892806657, -0.00972356055234
0.100771349216, -0.545136265353, 0.283356488935, 0.00954217060282, -0.00536367684795, -0.999892910939, -0.00971311504527
0.100782555648, -0.545234719287, 0.283358383513, 0.00954196917288, -0.00536918802413, -0.999892707291, -0.00973121525338
0.100813240816, -0.545335100232, 0.283356089529, 0.0095420408654, -0.00536817226875, -0.99989281627, -0.0097205017413
0.100781752479, -0.54543402245, 0.283359296516, 0.00954208051533, -0.00536148983667, -0.99989266586, -0.00973960398417
0.100771837651, -0.545534825605, 0.28335828489, 0.00954204048221, -0.00536040102623, -0.999892764968, -0.00973006318617
0.10078299655, -0.545633269532, 0.283360076246, 0.00954182991813, -0.00536518509038, -0.999892562051, -0.00974846784376
0.100813668001, -0.545733596928, 0.283357771152, 0.00954192026688, -0.00536680716648, -0.999892647958, -0.00973867019786
0.100782200372, -0.545833230599, 0.28335973156, 0.0095420473218, -0.00536265762387, -0.999892572322, -0.00974859226275
0.100772286699, -0.545934696752, 0.283357582939, 0.00954208983779, -0.00536405684767, -0.999892740089, -0.00973055665495
0.100783432912, -0.546033779133, 0.283358312045, 0.00954196040418, -0.00537137978273, -0.999892601704, -0.00974085873636
0.100814021756, -0.546134744195, 0.283354979597, 0.00954209708442, -0.00537212734602, -0.999892770192, -0.00972300104731
0.10078254012, -0.546234234694, 0.283357222078, 0.00954219782088, -0.00536710754774, -0.999892676845, -0.00973526626559
0.100772598414, -0.546335597214, 0.283355313972, 0.00954222068282, -0.00536784038125, -0.999892831212, -0.00971897137241
0.100783708708, -0.546434544379, 0.2833563602, 0.00954207055402, -0.00537467466846, -0.999892675143, -0.00973139028075
0.100814247948, -0.546535398757, 0.283353320163, 0.00954218815041, -0.00537491167933, -0.999892830157, -0.00971520304075
0.100782764768, -0.546634756042, 0.283355900394, 0.00954226760973, -0.00536938604911, -0.999892721562, -0.00972934681888
0.100772809625, -0.546735996916, 0.283354316972, 0.00954227381861, -0.00536971418122, -0.999892862863, -0.00971462686206
0.100783899435, -0.546834810574, 0.283355712913, 0.00954210761929, -0.00537622693541, -0.999892692848, -0.00972867694006
0.100814408162, -0.546935532671, 0.283353016587, 0.00954220987419, -0.00537617108678, -0.999892835357, -0.00971394964046
0.100782944119, -0.547034755708, 0.283355932319, 0.00954227455532, -0.00537038433565, -0.999892714918, -0.00972947182016
0.100772997036, -0.547135855987, 0.283354682531, 0.00954226785802, -0.00537048931956, -0.999892844659, -0.00971607782483
0.100784087049, -0.547234538445, 0.283356385168, 0.00954209074818, -0.00537680422773, -0.999892664781, -0.00973125878851
0.100814586159, -0.547335118039, 0.283353995592, 0.00954218166413, -0.00537657287443, -0.999892796879, -0.00971771484366
0.10078316617, -0.547434217729, 0.283357162579, 0.00954223725259, -0.00537062220057, -0.999892668664, -0.00973412953817
0.100773250234, -0.547535180686, 0.283356165865, 0.00954222119403, -0.00537056658005, -0.99989278935, -0.00972177121206
0.100784360146, -0.547633755316, 0.283358055618, 0.00954203770871, -0.00537671294761, -0.999892603763, -0.00973762873387
0.100814866024, -0.547734212, 0.283355857074, 0.00954212070279, -0.00537630462616, -0.999892728262, -0.00972498070596
0.100783510879, -0.547833225646, 0.28335913064, 0.00954217140219, -0.00537015537328, -0.999892596304, -0.00974188138829
0.100773642179, -0.547934087285, 0.283358248482, 0.0095421485683, -0.00536988111304, -0.99989271085, -0.00973029117152
0.100784782238, -0.548032604418, 0.283360169855, 0.00954196162408, -0.00537577532264, -0.999892523282, -0.00974648107627
0.10081529957, -0.54813298817, 0.283358016727, 0.00954203881158, -0.00537509006011, -0.999892642964, -0.00973449785987
0.100784016484, -0.548231975621, 0.283361245707, 0.00954208697534, -0.00536863308661, -0.999892510418, -0.00975161345727
0.100774195807, -0.548332794925, 0.283360341221, 0.0095420584597, -0.00536800089996, -0.999892621329, -0.00974061079336
0.100785359957, -0.548431318609, 0.283362162638, 0.00954186876784, -0.00537346920773, -0.999892434541, -0.0097569420129
0.100815877356, -0.548531690846, 0.283359941848, 0.0095419405803, -0.00537236347239, -0.999892551343, -0.00974550403258
0.100784620855, -0.548631786243, 0.283361253713, 0.00954208359694, -0.00536536000909, -0.999892559832, -0.00974835091591
0.10077479673, -0.54873369217, 0.283358476502, 0.00954214624134, -0.00536408138793, -0.999892807963, -0.00972351071181
0.100785931871, -0.548833221717, 0.283358575031, 0.00954203904136, -0.00536879771707, -0.999892747092, -0.0097272716942
0.100816437529, -0.548934653468, 0.283354551109, 0.00954222573325, -0.00536996877956, -0.999892978735, -0.0097025996558
0.100785262425, -0.549034577406, 0.283356106367, 0.00954236996284, -0.0053652813631, -0.999892942004, -0.00970883426303
0.100775482994, -0.549136434944, 0.283353383439, 0.00954244529592, -0.00536623851695, -0.999893159902, -0.00968576296152
0.100786639064, -0.549235812598, 0.28335372742, 0.00954234107283, -0.00537322785082, -0.999893055725, -0.00969274277279
0.100817082369, -0.549337196782, 0.283349794671, 0.00954250681337, -0.00537338158873, -0.999893274561, -0.00966989250492
0.100785895967, -0.549436976618, 0.283351611594, 0.00954261830169, -0.00536754795951, -0.999893214541, -0.00967922409218
0.100776075609, -0.549538773585, 0.283349023284, 0.0095426728121, -0.00536750307882, -0.999893419374, -0.0096580121105
0.100787171781, -0.549638002921, 0.283349662024, 0.00954254098541, -0.00537361242499, -0.999893291803, -0.00966794750883
0.100817529354, -0.54973930398, 0.283345923239, 0.00954268472198, -0.00537290008441, -0.999893496583, -0.00964699975921
0.100786306323, -0.549838922134, 0.28334806708, 0.00954276721781, -0.00536628392128, -0.999893414105, -0.00965914183926
0.100776425298, -0.54994060579, 0.283345728072, 0.00954280065163, -0.00536545152429, -0.999893604263, -0.00963986721571
0.100787446611, -0.550039655492, 0.28334673139, 0.00954264217335, -0.00537075176575, -0.999893455852, -0.0096524582297
0.100817715395, -0.550140810321, 0.283343298945, 0.00954276457621, -0.00536944113674, -0.999893644875, -0.00963346690245
0.100786453512, -0.550240229057, 0.283345830412, 0.00954282322297, -0.00536247823915, -0.999893540767, -0.00964808192975
0.100776517176, -0.55034173419, 0.283343837945, 0.00954283702824, -0.00536117491271, -0.999893714661, -0.00963075521752
0.100787474804, -0.550440568461, 0.283345246015, 0.00954265509168, -0.00536587199171, -0.999893547936, -0.00964561808328
0.100817736914, -0.55054151666, 0.283342188052, 0.00954279591035, -0.005368166889, -0.999893699239, -0.00962850210452
0.100786516734, -0.550640708376, 0.283345115248, 0.00954287195735, -0.00536483869779, -0.999893556222, -0.00964511933349
0.100776614048, -0.55074198888, 0.283343503589, 0.00954290562478, -0.00536711973175, -0.999893693321, -0.00962959158051
0.100787604856, -0.550840596296, 0.283345289805, 0.00954274518985, -0.00537548719928, -0.999893489834, -0.0096461981395
0.100817829871, -0.550941315556, 0.283342608422, 0.00954286594597, -0.00537718826409, -0.999893627917, -0.00963080504903
0.100786622183, -0.551040293194, 0.28334587526, 0.00954292115987, -0.00537307311869, -0.999893474845, -0.00964892235194
0.100776732012, -0.551141351178, 0.283344607761, 0.00954293727332, -0.00537489887962, -0.999893599427, -0.00963496936677
0.100787737177, -0.551239767502, 0.283346682449, 0.00954276515255, -0.00538310611061, -0.999893385142, -0.00965277948945
0.100817968866, -0.55134028406, 0.283344302682, 0.00954287063106, -0.00538445868631, -0.999893511821, -0.00963878842811
0.100786822321, -0.551439104126, 0.283347788792, 0.00954291249623, -0.00537980512993, -0.999893352847, -0.00965781808284
0.100776988142, -0.551539990141, 0.283346761408, 0.00954291616167, -0.00538135168416, -0.999893467491, -0.00964507513124
0.100788043549, -0.551638291222, 0.28334898513, 0.00954273864585, -0.00538950901785, -0.999893247224, -0.00966351323659
0.100818310802, -0.551738675965, 0.283346782832, 0.00954283405228, -0.0053905905685, -0.999893365806, -0.00965053719367
0.100787256824, -0.551837428124, 0.283350339078, 0.00954286880281, -0.00538543289435, -0.999893205804, -0.00966994078467
0.100777500913, -0.551938227087, 0.283349417241, 0.00954286433991, -0.00538669101168, -0.999893314257, -0.0096580227788
0.100788618332, -0.552036509506, 0.283351641975, 0.00954268605998, -0.00539474644586, -0.999893092792, -0.00967661309259
0.100818922959, -0.552136853831, 0.283349483128, 0.00954277505183, -0.00539546503397, -0.999893207202, -0.00966429478109
0.100787963151, -0.552235633671, 0.283352972358, 0.00954280634659, -0.00538967716265, -0.999893050554, -0.00968368112181
0.100778277031, -0.552336435102, 0.283352032476, 0.00954279598092, -0.0053904789545, -0.999893156654, -0.00967228296164
0.100789437911, -0.552434785699, 0.283354141272, 0.00954261848738, -0.00539821885937, -0.999892937917, -0.00969073622712
0.100819753167, -0.552535169218, 0.283351922108, 0.00954270225862, -0.00539836975049, -0.999893051491, -0.0096788438416
0.100788858565, -0.552634047741, 0.283355254554, 0.0095427309614, -0.00539177272423, -0.999892900864, -0.00969803454075
0.100779205835, -0.552734914238, 0.283354219898, 0.00954271439658, -0.00539187493595, -0.999893007304, -0.00968701348453
0.100790367474, -0.552833382706, 0.283356155447, 0.00954253585923, -0.00539898610876, -0.999892793644, -0.00970526547756
0.100820648321, -0.552933845562, 0.283353831567, 0.00954261310901, -0.00539835079311, -0.999892908008, -0.00969375366041
0.100789762407, -0.553033064091, 0.283356624249, 0.00954265736782, -0.0053908118783, -0.999892792006, -0.00970985744561
0.100780084326, -0.553134226677, 0.283355125076, 0.00954265172246, -0.00538998237042, -0.999892927756, -0.00969633493425
0.100791188371, -0.553233002967, 0.283356581799, 0.00954248512638, -0.00539613288778, -0.999892744797, -0.00971193238586
0.100821381103, -0.553333740553, 0.283353833648, 0.00954257145263, -0.00539456144711, -0.999892886366, -0.00969813542152
0.100790466893, -0.553433007243, 0.283356573938, 0.00954260530255, -0.00538618747634, -0.999892767969, -0.00971494885449
0.100780728663, -0.553534194465, 0.283355059174, 0.00954258647062, -0.00538439852981, -0.999892900466, -0.00970231386762
0.100791745213, -0.553632993676, 0.283356504257, 0.00954240547395, -0.00538943193007, -0.99989271591, -0.00971870321426
0.100821831025, -0.553733722619, 0.283353792381, 0.00954247755789, -0.00538700661744, -0.99989285239, -0.00970592713723
0.100790860031, -0.553832979162, 0.283356563105, 0.00954250028946, -0.00537808651215, -0.999892728465, -0.00972360199674
0.100781041054, -0.553934117656, 0.28335513853, 0.00954246598708, -0.00537548632215, -0.99989285433, -0.00971212379576
0.100791957275, -0.554032871274, 0.283356668123, 0.00954226769278, -0.00537941665578, -0.999892666778, -0.00972943614088
0.100821995135, -0.554133507768, 0.283354107938, 0.00954235998454, -0.00538009596711, -0.999892774327, -0.00971791042105
0.100790918332, -0.554235166187, 0.283352862577, 0.00954262947601, -0.00537418350355, -0.9998929506, -0.00970276839448
0.100781161373, -0.554334375226, 0.283354643656, 0.00954245367678, -0.00537490022663, -0.999892809901, -0.00971703318677
0.100791951621, -0.554435463607, 0.283352265211, 0.00954249727021, -0.00538146602686, -0.999892920167, -0.00970199818742
0.100821983614, -0.554534120198, 0.283352998814, 0.00954241012012, -0.00538157813052, -0.999892779121, -0.00971654714745
0.100790871753, -0.554635565925, 0.283352089937, 0.00954265470766, -0.00537502015686, -0.999892940996, -0.0097032698843
0.100781079983, -0.554734553861, 0.28335422396, 0.00954245869896, -0.00537515290549, -0.999892785838, -0.00971936429682
0.100791833983, -0.554835408716, 0.28335221803, 0.00954248140541, -0.00538116780902, -0.999892881573, -0.00970615587284
0.100821835397, -0.554933841717, 0.283353311175, 0.00954237636427, -0.00538096634853, -0.999892726819, -0.00972229958965
0.100790743643, -0.555035045186, 0.283352786389, 0.00954260336827, -0.00537433848166, -0.999892872549, -0.009710748348
0.100780971004, -0.555133818939, 0.283355263143, 0.00954239387414, -0.00537436261923, -0.999892705203, -0.00972815642539
0.100791742009, -0.555234436974, 0.283353639548, 0.00954240074449, -0.00538022990606, -0.999892786681, -0.00971652494739
0.100821644207, -0.555335366385, 0.283350554773, 0.00954252398413, -0.00537974935672, -0.999892976718, -0.0096970945676
0.100790699593, -0.555434744551, 0.283353069858, 0.0095425971985, -0.00537359901266, -0.999892895447, -0.00970880565863
0.100780877457, -0.555536000243, 0.283351395001, 0.00954261841185, -0.00537348273783, -0.999893069011, -0.00969095773597
0.100791782443, -0.555634788314, 0.283352830547, 0.00954246831385, -0.00537972022668, -0.99989292137, -0.00970287090771
0.100821739297, -0.555735504809, 0.283350104926, 0.0095425794316, -0.00537949480959, -0.999893093808, -0.00968510035129
0.100790910715, -0.555834671386, 0.283352975938, 0.00954264088625, -0.00537365186498, -0.999892993399, -0.00969864017187
0.100781185539, -0.55593576148, 0.283351581905, 0.00954265481862, -0.00537380622614, -0.99989315211, -0.00968216446766
0.100792171544, -0.556034398303, 0.283353280339, 0.00954249773845, -0.00538029352848, -0.999892989496, -0.00969550080922
0.100822186918, -0.556135002875, 0.283350752663, 0.0095426034043, -0.00538023633558, -0.999893150336, -0.00967882679639
0.100791478682, -0.556234078984, 0.283353782707, 0.00954265901805, -0.0053744467078, -0.99989303941, -0.00969343701832
0.100781845555, -0.556335111865, 0.283352492054, 0.00954266953797, -0.00537465953622, -0.999893189561, -0.00967780777442
0.100792897403, -0.556433716712, 0.28335425572, 0.00954251049461, -0.00538121610391, -0.999893019005, -0.00969193232865
0.10082294496, -0.556534316827, 0.283351746379, 0.00954261344762, -0.00538101932608, -0.999893174316, -0.00967590386328
0.100792329186, -0.556633412273, 0.283354749831, 0.00954266531986, -0.00537487156235, -0.999893059703, -0.00969110165798
0.100782752744, -0.556734486035, 0.283353394864, 0.0095426729797, -0.00537474567631, -0.999893206803, -0.00967597496401
0.100793828028, -0.556833151878, 0.283355063181, 0.00954251213699, -0.00538097374418, -0.999893033486, -0.00969057119995
0.100823859715, -0.556933828311, 0.283352430873, 0.00954261158618, -0.0053802284944, -0.999893187571, -0.00967497564528
0.100793285482, -0.557033012915, 0.283355283883, 0.00954265841045, -0.00537333655764, -0.99989307274, -0.00969061462309
0.100783711577, -0.557134184164, 0.283353762419, 0.00954266051621, -0.00537244356458, -0.999893219792, -0.00967592343573
0.100794754222, -0.557232952906, 0.283355257738, 0.00954249362514, -0.00537785812797, -0.999893046204, -0.0096910066911
0.10082471652, -0.557333732891, 0.283352449374, 0.00954258582425, -0.00537621785374, -0.999893200214, -0.009675923889
0.100794126907, -0.557433017822, 0.283355126444, 0.00954262438222, -0.00536840327598, -0.999893084629, -0.00969215549752
0.100784500807, -0.557534281633, 0.283353440894, 0.00954261620152, -0.00536645865364, -0.999893231133, -0.00967811615191
0.100795459562, -0.557633133437, 0.283354791801, 0.00954243657566, -0.00537066083726, -0.999893056956, -0.00969394434915
0.100825353426, -0.557733978416, 0.283351864534, 0.00954254259326, -0.00537069576949, -0.999893193945, -0.00967968031611
0.1007947431, -0.557833313843, 0.283354443698, 0.00954259431224, -0.00536459040592, -0.999893060361, -0.00969679875555
0.100785068117, -0.557934601815, 0.283352704783, 0.00954259648142, -0.00536417775318, -0.999893188556, -0.00968379727665
0.100795956808, -0.558033462544, 0.283354032981, 0.00954242558363, -0.00536979867767, -0.999892996391, -0.00970067753622
0.100825721004, -0.558134281576, 0.283351145905, 0.00954251133393, -0.00536853738607, -0.999893128137, -0.00968770292429
0.100795025116, -0.558233578249, 0.283353785205, 0.00954254372568, -0.00536132601889, -0.999892988842, -0.00970602422836
0.100785250606, -0.558334782366, 0.283352183552, 0.00954252409897, -0.00535975611686, -0.999893109052, -0.00969452004838
0.100795958752, -0.558434971479, 0.283351284057, 0.00954245738221, -0.00536393340655, -0.999893099471, -0.0096932634636
0.100825633685, -0.558537062845, 0.283346256274, 0.00954270387358, -0.0053675622358, -0.999893375541, -0.00966248554247
0.10079489534, -0.558637471825, 0.283347024899, 0.00954288447908, -0.00536527914269, -0.999893362615, -0.00966491246997
0.100785070399, -0.558739834734, 0.283343475521, 0.00954302071452, -0.00536861809929, -0.999893617337, -0.0096365296765
0.100795814821, -0.55883952405, 0.28334342003, 0.00954296605074, -0.00537809744694, -0.999893525179, -0.00964085951745
0.100825421204, -0.55894125735, 0.283339006481, 0.00954317452886, -0.00538062458834, -0.999893773106, -0.0096134907114
0.100794660867, -0.559041163006, 0.28334063383, 0.00954330071433, -0.00537708681956, -0.999893717752, -0.00962109919438
0.100784815801, -0.559143140792, 0.283337742666, 0.00954340325515, -0.00537966468181, -0.99989394407, -0.00959600304927
0.100795558186, -0.559242334263, 0.283338535541, 0.0095433099582, -0.0053888525929, -0.999893809274, -0.0096049819438
0.100825158564, -0.559343672788, 0.283334798398, 0.00954348685473, -0.00539096697214, -0.999894029203, -0.00958069399451
0.100794443994, -0.559443107185, 0.283337228667, 0.00954357275016, -0.00538692871403, -0.999893938178, -0.00959237267153
0.100784645639, -0.559544700374, 0.283334991454, 0.00954365021292, -0.00538937515751, -0.99989413795, -0.0095700715068
0.100795445767, -0.559643464632, 0.283336515809, 0.0095435315145, -0.00539879418252, -0.999893969235, -0.00958250048036
0.100825096171, -0.559744449519, 0.283333379903, 0.00954368685009, -0.00540094946207, -0.99989416519, -0.00956065921795
0.100794488616, -0.559843513929, 0.283336434913, 0.0095437466792, -0.0053967452849, -0.999894048517, -0.00957516476715
0.10078479154, -0.559944803676, 0.283334706676, 0.00954380875812, -0.00539936697901, -0.999894227474, -0.00955491572944
0.100795692302, -0.560043271525, 0.283336730062, 0.00954367809399, -0.00540930227396, -0.999894034979, -0.00956955962338
0.100825423414, -0.560144019901, 0.283333989523, 0.00954382149675, -0.0054115854431, -0.999894214367, -0.00954936071606
0.10079495706, -0.560242872005, 0.283337394502, 0.00954386629646, -0.00540708811594, -0.999894083743, -0.00956552715447
0.100785384273, -0.560344003364, 0.283335922237, 0.00954392074602, -0.00540978104951, -0.999894250325, -0.0095465183966
0.100796394545, -0.560442347855, 0.283338145132, 0.00954378794409, -0.00542014539998, -0.999894044331, -0.00956233482689
0.100826199461, -0.560543021974, 0.283335519939, 0.00954392597893, -0.00542226377575, -0.999894216081, -0.0095430173979
0.100795868007, -0.560641838546, 0.283338971002, 0.00954396176517, -0.00541699467858, -0.99989408225, -0.00955998137532
0.100786400628, -0.560742977754, 0.283337469953, 0.00954401223514, -0.00541929444171, -0.999894245271, -0.00954155916438
0.100797488373, -0.560841366545, 0.28333960665, 0.00954388080589, -0.0054296210627, -0.999894034419, -0.00955790188161
0.100827322167, -0.560942122621, 0.283336832061, 0.00954401522378, -0.00543102188937, -0.999894206328, -0.00953896881914
0.100797078168, -0.561041049436, 0.283340083335, 0.00954404257824, -0.00542438694718, -0.999894076325, -0.00955632815897
0.100787658757, -0.561142328788, 0.283338331931, 0.00954408771225, -0.00542564991813, -0.999894242228, -0.00953819020773
0.100798757989, -0.561240874276, 0.283340195979, 0.00954395409206, -0.00543522538246, -0.999894031877, -0.00955490879264
0.100828550581, -0.561341808402, 0.283337114174, 0.00954408161104, -0.00543531559929, -0.999894208064, -0.00953627442912
0.100798319242, -0.561440915273, 0.283340053385, 0.00954409695224, -0.00542689227464, -0.999894083363, -0.00955411479974
0.10078886917, -0.561542385264, 0.283337973072, 0.00954413118985, -0.00542655294245, -0.999894254017, -0.00953639696697
0.100799899844, -0.561641109102, 0.283339535593, 0.00954398639907, -0.00543465311228, -0.999894045407, -0.00955378611017
0.100829579085, -0.561742220377, 0.283336155803, 0.00954410024479, -0.00543304816801, -0.999894224813, -0.00953579175263
0.100799283155, -0.561841478917, 0.283338839159, 0.0095440984903, -0.00542282466512, -0.999894101173, -0.0095545588818
0.100789729298, -0.561943086255, 0.283336528535, 0.00954411441634, -0.00542064248329, -0.999894273093, -0.00953777498218
0.100800624357, -0.562041913059, 0.283337925552, 0.00954394771988, -0.0054267942266, -0.999894063698, -0.00955637729533
0.100830142159, -0.56214309919, 0.2833344282, 0.00954404048279, -0.00542350863212, -0.999894240293, -0.00953965796856
0.100799730105, -0.562242393756, 0.283337058419, 0.00954401823784, -0.0054119857334, -0.999894109547, -0.00955990691852
0.100790032167, -0.562343995603, 0.283334765775, 0.00954400970771, -0.0054081917055, -0.999894274945, -0.00954475113798
0.100800762677, -0.562442780788, 0.283336247863, 0.00954381308349, -0.00541236768003, -0.999894060053, -0.00956507080652
0.100830115021, -0.562543870436, 0.283332927099, 0.00954387993162, -0.00540787396477, -0.999894224833, -0.00955030891901
0.10079958255, -0.562643041019, 0.283335778259, 0.00954383810151, -0.00539598222036, -0.999894078148, -0.00957240903767
0.100789751097, -0.562744453043, 0.283333818072, 0.00954380306891, -0.0053912643325, -0.999894227615, -0.00955948079915
0.100800340026, -0.56284303729, 0.283335656308, 0.00954357495395, -0.005393934791, -0.999894002694, -0.00958170237625
0.100829684945, -0.562943847095, 0.283332812304, 0.00954368664563, -0.00539643604859, -0.999894107043, -0.00956928547772
0.10079918426, -0.563042748193, 0.283336120137, 0.00954369755089, -0.00539207061132, -0.999893902055, -0.00959312492171
0.100789389073, -0.563143808461, 0.283334754877, 0.00954370827636, -0.00539445756433, -0.999893989911, -0.00958260926122
0.10080002286, -0.56324207783, 0.283337128666, 0.00954353017037, -0.00540407392273, -0.999893711806, -0.00960635770681
0.100829314292, -0.563342489291, 0.283334969864, 0.00954361244397, -0.00540594274509, -0.999893796925, -0.00959635952326
0.100798602437, -0.56344434782, 0.283333279049, 0.00954389250252, -0.00540063623763, -0.999894019599, -0.0095758453877
0.100788914081, -0.563543358895, 0.283335390829, 0.00954373416469, -0.00540307535747, -0.999893870747, -0.00959015941382
0.100799379509, -0.563644507056, 0.283332898674, 0.00954382899974, -0.00541239476162, -0.999894009751, -0.00957029654355
0.100828816181, -0.563742837181, 0.283334273093, 0.009543746892, -0.00541470081276, -0.999893853271, -0.00958541089834
0.100798205397, -0.563844231367, 0.28333336919, 0.00954400001869, -0.00540964734151, -0.999894048818, -0.00956759723782
0.100788632013, -0.563942799918, 0.28333623283, 0.00954382417003, -0.00541262712332, -0.999893872996, -0.00958444739814
0.100799219853, -0.564043542136, 0.283334427252, 0.00954390637213, -0.00542277658947, -0.999893986435, -0.00956677776845
0.100828779229, -0.564141518273, 0.283336402774, 0.00954381314017, -0.00542569235023, -0.999893809677, -0.00958367684897
0.100798350139, -0.564242592332, 0.28333603319, 0.00954405320834, -0.00542094981405, -0.999893988002, -0.00956750273101
0.100788955412, -0.564340914375, 0.283339308529, 0.0095438741334, -0.005424592109, -0.999893798358, -0.00958541975018
0.100799713612, -0.564441442839, 0.283337856367, 0.00954395742792, -0.00543577212657, -0.999893895883, -0.00956881574241
0.100829417132, -0.564539292094, 0.283340041647, 0.0095438657755, -0.00543909828704, -0.999893712643, -0.00958614900101
0.100799195243, -0.564640271474, 0.28333981798, 0.00954410132874, -0.00543408700825, -0.999893887425, -0.00957051301267
0.100789984505, -0.564738588637, 0.283343089882, 0.0095439275338, -0.00543790925479, -0.999893697419, -0.00958834984664
0.100800898593, -0.564839143802, 0.283341579024, 0.00954402040778, -0.0054497200316, -0.999893790638, -0.00957181638923
0.100830706593, -0.564937104064, 0.283343567794, 0.00954393554112, -0.00545275165338, -0.999893613023, -0.00958871364072
0.100800649856, -0.565038224128, 0.283343088766, 0.00954416914427, -0.00544651830809, -0.999893797105, -0.00957281488095
0.100791563567, -0.565136751362, 0.283345991738, 0.00954400059365, -0.00544960641011, -0.99989361691, -0.00959003160583
0.100802556513, -0.56523754279, 0.283344067032, 0.00954410268029, -0.00546113858926, -0.999893715974, -0.00957302589313
0.100832377651, -0.565335788253, 0.283345565441, 0.00954402096079, -0.00546292471137, -0.999893551008, -0.00958930499524
0.100802387344, -0.565437213681, 0.283344554277, 0.00954424898182, -0.00545455120704, -0.999893751667, -0.00957290758091
0.100793317421, -0.565536069374, 0.283346891334, 0.00954407760297, -0.00545589861888, -0.999893585238, -0.00958967954403
0.100804272151, -0.565637201078, 0.283344381208, 0.00954417935885, -0.00546601870853, -0.999893695549, -0.0095722975493
0.10083399229, -0.565735783475, 0.283345306938, 0.00954409015602, -0.0054657281326, -0.999893543141, -0.00958845888884
0.100803945163, -0.565837546466, 0.28334371531, 0.00954430484537, -0.00545475033663, -0.999893758946, -0.00957197810028
0.100794770222, -0.565936710611, 0.283345527698, 0.00954411799635, -0.00545365453811, -0.999893602921, -0.00958907202452
0.100805568581, -0.566038138301, 0.283342515239, 0.00954420380634, -0.00546139736408, -0.999893723192, -0.00957202348397
0.100835090372, -0.566136966517, 0.283343030373, 0.00954409395565, -0.00545866736265, -0.999893576352, -0.00958901409234
0.10080488222, -0.566238947673, 0.283341068906, 0.00954428707929, -0.00544535411693, -0.999893796925, -0.00957337837032
0.100795510579, -0.566338265581, 0.283342627577, 0.00954407280982, -0.00544173221034, -0.999893641946, -0.0095918204858
0.100806076009, -0.566439803797, 0.283339436145, 0.00954412649659, -0.00544666706982, -0.999893764441, -0.00957618397843
0.100835355712, -0.566538672375, 0.283339896565, 0.00954398582815, -0.00544180798566, -0.999893611897, -0.00959499595026
0.100804941564, -0.566640634524, 0.283337975101, 0.00954415253282, -0.00542718913864, -0.999893820939, -0.00958131608274
0.100795347079, -0.566739868415, 0.283339690621, 0.00954390478688, -0.00542169230935, -0.999893655157, -0.00960195346099
0.100805675831, -0.566841248893, 0.283336782339, 0.00954391562167, -0.00542412824516, -0.999893768243, -0.00958878182927
0.100834786894, -0.566939907933, 0.283337613076, 0.00954376912713, -0.0054209610142, -0.999893583203, -0.00960999071669
0.100804242589, -0.567041573781, 0.283336203169, 0.00954393620811, -0.00540920806429, -0.999893749703, -0.00959911741274
0.100794520925, -0.56714048641, 0.283338477882, 0.00954368510084, -0.00540581959155, -0.999893548587, -0.00962219740604
0.100804733872, -0.567241449447, 0.283336292479, 0.00954368109578, -0.00540971333084, -0.999893624892, -0.0096120785367
0.10083340898, -0.567344410131, 0.283329814235, 0.00954391558784, -0.00540562914776, -0.999894050648, -0.00956976110924
0.100802810294, -0.567445328737, 0.28332969151, 0.00954403764299, -0.00539487368849, -0.999894150024, -0.00956532436895
0.100792726415, -0.567548344755, 0.283324992796, 0.00954416698772, -0.00539125991163, -0.999894538714, -0.00952652308665
0.100802944488, -0.567648296837, 0.283324550145, 0.00954408880291, -0.0053950606829, -0.99989452748, -0.00952562886416
0.100831736561, -0.567750483001, 0.283319398973, 0.00954433402781, -0.00539737925557, -0.999894863139, -0.00948876460057
0.100801321803, -0.567850429389, 0.283320939096, 0.00954445372848, -0.00539373433034, -0.999894847425, -0.00949237201738
0.100791428496, -0.567952687104, 0.283317533643, 0.00954460447927, -0.00539686633535, -0.999895150372, -0.00945846823553
0.100801874835, -0.568051747642, 0.283318613965, 0.0095445350972, -0.00540735347414, -0.999895038207, -0.00946440418378
0.100830821454, -0.568153239454, 0.283314650887, 0.00954475142597, -0.00541076256659, -0.999895325992, -0.00943177760849
0.100800629683, -0.568252415616, 0.283317505132, 0.00954483144333, -0.00540807435997, -0.999895252731, -0.0094410004643
0.10079096523, -0.5683540839, 0.283315098737, 0.00954496510604, -0.00541258648863, -0.99989551445, -0.00941051169903
0.100801660964, -0.568452525709, 0.283317229203, 0.00954487911118, -0.00542493704403, -0.999895351315, -0.00942081526359
0.100830837532, -0.568553569691, 0.28331401961, 0.00954508477162, -0.00542955842494, -0.999895607247, -0.00939073268064
0.100800948715, -0.568652303183, 0.283317614234, 0.00954514487348, -0.00542732402326, -0.999895501812, -0.0094031813107
0.100791569818, -0.568753691249, 0.283315665174, 0.00954527676431, -0.00543291308686, -0.999895740697, -0.00937437370675
0.10080254128, -0.568851877893, 0.283318212313, 0.00954519503453, -0.00544700317941, -0.999895547345, -0.00938689552791
0.100831935561, -0.568952822863, 0.283315150419, 0.00954540309428, -0.00545209929681, -0.999895791098, -0.00935771542808
0.100802336974, -0.569051488193, 0.283318836737, 0.00954545346348, -0.00544902003259, -0.999895677223, -0.00937161509665
0.100793203083, -0.569152955905, 0.283316723261, 0.00954559070508, -0.00545455609308, -0.999895912878, -0.0093430682957
0.1008043811, -0.569251244741, 0.283319071928, 0.00954552085621, -0.00546938091116, -0.999895707013, -0.00935649517114
0.100833890931, -0.569352431309, 0.283315573982, 0.0095457343019, -0.00547360601239, -0.999895956173, -0.00932713372449
0.100804474453, -0.569451341005, 0.283318818344, 0.0095457736966, -0.00546810552482, -0.999895849864, -0.00934170492116
0.100795454735, -0.569553179379, 0.283316045752, 0.00954591255794, -0.0054720248057, -0.999896097077, -0.00931276268757
0.100806690222, -0.569651812669, 0.283317787207, 0.00954584659742, -0.00548598059676, -0.999895889753, -0.00932686895853
0.100836153227, -0.569753455217, 0.283313493808, 0.00954605738053, -0.00548786762695, -0.999896154133, -0.00929715263563
0.100806746629, -0.569852760897, 0.283316046376, 0.00954607548579, -0.00547874037634, -0.999896059335, -0.00931269954551
0.100797660009, -0.569955086549, 0.283312426269, 0.00954620281865, -0.00547962272465, -0.999896323064, -0.00928368835539
0.100808769889, -0.570054112239, 0.283313491524, 0.00954612042819, -0.00549103190078, -0.999896116658, -0.00929924969964
0.100838017427, -0.570156216079, 0.283308406412, 0.00954631263454, -0.00548955869673, -0.999896394745, -0.0092699749416
0.100808441465, -0.570255857068, 0.283310385324, 0.00954629573912, -0.00547652622149, -0.999896302604, -0.00928762283103
0.100799118255, -0.57035856065, 0.283306119683, 0.00954639403459, -0.00547366384345, -0.999896575939, -0.00925974028358
0.100809947819, -0.570457814842, 0.283306804797, 0.00954627048816, -0.00548137294259, -0.999896364601, -0.0092781101219
0.100838865856, -0.570560162062, 0.283301314508, 0.00954642651455, -0.00547641004136, -0.999896643676, -0.00925076430527
0.100808998842, -0.570659884839, 0.283303167512, 0.00954636445003, -0.00546037754101, -0.999896536104, -0.00927190870375
0.1007993436, -0.57076265702, 0.283298799262, 0.00954641862738, -0.00545412929423, -0.999896802251, -0.00924679475465
0.100809824159, -0.5708618201, 0.283299664114, 0.0095462345577, -0.00545796955336, -0.999896574997, -0.0092692654765
0.100838399669, -0.570964035068, 0.283294421585, 0.00954634203738, -0.00545043866578, -0.999896835247, -0.00924548187526
0.100808226765, -0.571063482635, 0.283296768582, 0.00954623388602, -0.00543333578713, -0.999896691955, -0.00927112176101
0.100798259667, -0.571165914542, 0.283293005609, 0.00954623740546, -0.00542512201931, -0.999896929908, -0.00925024122875
0.100808440144, -0.571264626793, 0.28329467208, 0.0095459870679, -0.00542605488781, -0.999896675614, -0.00927740022967
0.10083693857, -0.571366299542, 0.283290367891, 0.00954614574718, -0.00542869016772, -0.999896837489, -0.0092582290061
0.100806716935, -0.57146514005, 0.283293764602, 0.00954609750597, -0.00542301514619, -0.999896589607, -0.009288327169
0.100796733293, -0.571566863393, 0.283291223532, 0.00954615445576, -0.00542543766633, -0.999896724842, -0.00927228183864
0.100806940433, -0.571664858486, 0.283294130015, 0.00954595781903, -0.00543661909077, -0.999896376042, -0.0093034961742
0.100835361197, -0.571765706993, 0.283291260434, 0.00954606277965, -0.00543874945017, -0.999896496459, -0.00928919047952
0.100805091841, -0.571863778314, 0.283295995675, 0.00954597337018, -0.00543325640095, -0.999896215114, -0.0093227205036
0.100795126902, -0.571964617876, 0.28329498561, 0.00954598753131, -0.00543620396831, -0.999896306629, -0.00931116526851
0.100805407061, -0.572061848677, 0.283299218491, 0.00954576393295, -0.00544821133875, -0.99989592925, -0.00934484096659
0.100833969069, -0.572161821451, 0.283297861964, 0.00954583672342, -0.00545167599207, -0.999896007524, -0.00933436488705
0.100803886577, -0.57225919874, 0.283303794122, 0.00954573500119, -0.00544784085104, -0.999895703695, -0.00936918911528
0.100794165895, -0.572359241812, 0.283304152788, 0.00954573213666, -0.00545283242321, -0.999895757355, -0.00936055762674
0.1008047218, -0.572455910492, 0.283309351609, 0.00954551650161, -0.00546727671957, -0.999895364537, -0.0093942523658
0.100833593913, -0.572555232413, 0.283309110313, 0.00954558482219, -0.00547291233997, -0.99989541411, -0.00938562108954
0.100803879899, -0.572652233315, 0.283315680493, 0.00954549759648, -0.00547071550952, -0.999895111309, -0.00941918929383
0.10079455448, -0.572751827483, 0.283316798188, 0.00954550369701, -0.00547801389951, -0.99989514626, -0.00941122781507
0.100805349651, -0.57285025692, 0.283318957757, 0.00954549323439, -0.00549518779229, -0.999895012968, -0.00941538698112
0.100834437261, -0.572951285618, 0.283315769692, 0.00954574396284, -0.00550226467822, -0.99989531193, -0.00937918097154
0.100805020975, -0.573050070685, 0.28331925756, 0.00954583044154, -0.00550002070331, -0.999895264745, -0.00938543728408
0.100795963959, -0.573151555612, 0.283317106228, 0.00954601830615, -0.00550826265045, -0.999895549798, -0.00934997703544
0.100807154477, -0.573249893811, 0.283319409127, 0.00954602462776, -0.00552767376368, -0.999895384753, -0.00935616296975
0.10083652968, -0.573351085684, 0.283315926215, 0.00954628905151, -0.00553483005464, -0.999895682442, -0.00931977768224
0.100807482645, -0.573450033317, 0.283319117212, 0.00954636527028, -0.00553049195388, -0.999895635388, -0.00932732017936
0.100798712254, -0.573551920746, 0.283316251243, 0.00954656613224, -0.00553781256836, -0.999895930986, -0.00929101205077
0.100810124132, -0.573650628799, 0.283317899795, 0.0095465890634, -0.00555745249128, -0.999895755897, -0.00929810190782
0.100839574006, -0.573752414979, 0.283313376165, 0.00954686262972, -0.00556243892342, -0.999896074035, -0.0092605515959
0.100810670826, -0.573851879934, 0.283315656995, 0.00954691820571, -0.00555370612031, -0.99989604298, -0.00926908481248
0.100801936638, -0.573954485903, 0.28331153043, 0.00954711850652, -0.00555770457098, -0.999896365024, -0.00923166609742
0.100813304733, -0.574053783087, 0.283312147514, 0.00954713576364, -0.00557499477199, -0.999896190091, -0.00924016633051
0.100842563121, -0.574156333607, 0.283306291033, 0.00954739951015, -0.00557578077797, -0.99989653574, -0.00920193707732
0.1008135223, -0.574256380678, 0.283307553727, 0.00954741463326, -0.0055613456801, -0.999896517218, -0.00921266319366
0.100804543813, -0.574359710725, 0.283302162379, 0.00954759022582, -0.00556025901182, -0.999896864822, -0.00917533425987
0.100815599558, -0.574459501841, 0.283301920494, 0.00954756646276, -0.00557293116039, -0.999896687341, -0.00918700481487
0.100844440155, -0.574562652278, 0.283295022454, 0.00954779411604, -0.00556851205579, -0.999897049965, -0.00914990558394
0.100815021999, -0.57466303329, 0.28329570607, 0.00954774916625, -0.00554872090677, -0.999897023039, -0.00916490584251
0.100805588534, -0.57476676372, 0.283289621168, 0.00954787445791, -0.00554216624337, -0.999897378196, -0.00912992678145
0.100816155662, -0.57486666992, 0.283289189242, 0.00954777489098, -0.0055491063012, -0.999897184972, -0.0091469611975
0.100844477662, -0.574969961118, 0.2832820556, 0.00954794286498, -0.00554000110232, -0.999897539457, -0.00911349340381
0.100814571667, -0.575070232064, 0.283282942019, 0.00954783080941, -0.00551695465908, -0.999897478028, -0.00913430737058
0.100804621796, -0.575173839574, 0.283277083527, 0.00954789131673, -0.0055062247914, -0.99989781559, -0.00910371562601
0.100814675506, -0.575273458567, 0.283277173174, 0.00954770648996, -0.00550795543602, -0.999897605605, -0.00912589903064
0.100842539502, -0.575376414877, 0.283270639775, 0.00954781421147, -0.0054961730689, -0.999897937636, -0.00909646282838
0.100812202925, -0.57547623367, 0.28327233375, 0.00954765783147, -0.00547317659625, -0.999897839076, -0.00912129266427
0.100801846168, -0.57557932211, 0.283267399525, 0.00954766950625, -0.00546093496829, -0.999898155045, -0.00909393942471
0.10081153873, -0.575678310782, 0.283268615383, 0.00954741537186, -0.00545957782502, -0.99989793317, -0.00911938114572
0.100839451133, -0.5757805543, 0.283263317794, 0.00954766153471, -0.00546764860014, -0.999898131851, -0.00909246390578
0.100809187927, -0.575879565427, 0.283266415637, 0.00954765421053, -0.00546624304591, -0.99989789062, -0.00911980366007
0.100798974729, -0.575981780107, 0.283262997464, 0.00954781292187, -0.00547451014821, -0.999898073151, -0.0090946311428
0.100808904677, -0.576079825101, 0.283265854563, 0.00954770313416, -0.00549337394847, -0.999897719066, -0.00912225932015
0.100836849686, -0.576181083194, 0.283262292349, 0.00954790644777, -0.00550151937995, -0.999897897465, -0.00909754982815
0.100806655112, -0.57627907327, 0.283267188236, 0.00954785602852, -0.00550043017049, -0.999897634672, -0.00912709646092
0.100796616966, -0.57638023987, 0.283265607158, 0.00954798509816, -0.00551019160486, -0.999897788793, -0.0091041603482
0.100806828027, -0.576477237644, 0.283270298673, 0.00954785876125, -0.00553171397725, -0.999897398898, -0.00913401390037
0.100835125299, -0.576577447804, 0.283268565309, 0.00954803916334, -0.00554215286491, -0.999897542305, -0.00911177160272
0.100805347348, -0.576674446789, 0.283275187572, 0.00954796513247, -0.00554274300348, -0.999897249454, -0.00914357131905
0.100795798552, -0.576774644893, 0.283275284434, 0.00954808290247, -0.00555553824938, -0.99989736213, -0.00912333895212
0.100806551931, -0.576870860309, 0.283281328098, 0.00954797399517, -0.00558148104533, -0.999896935373, -0.00915433739214
0.100835391977, -0.57697033085, 0.283280867525, 0.00954815439323, -0.00559463725921, -0.999897046482, -0.00913395963366
0.100806223897, -0.577066888669, 0.283288238385, 0.00954808688854, -0.00559592522833, -0.999896756231, -0.00916496238525
0.100797299695, -0.577166703681, 0.283288974309, 0.00954822196434, -0.00561120445249, -0.999896853927, -0.00914479902298
0.100808248638, -0.577262860576, 0.283295129057, 0.00954791557432, -0.00561353855887, -0.999896580613, -0.00917352559267
0.100837226324, -0.577362348412, 0.283294643839, 0.00954788814162, -0.00560219921396, -0.99989684358, -0.00915179736531
0.100808312426, -0.577459222454, 0.283301460985, 0.00954763108676, -0.00557879521469, -0.999896724989, -0.00917927784585
0.100799559136, -0.577559442952, 0.283301484836, 0.00954757194898, -0.00556951646983, -0.99989698698, -0.0091564067472
0.100810967809, -0.577656251698, 0.283306467723, 0.00954733234001, -0.00557437026674, -0.999896739885, -0.00918065409604
0.100840289454, -0.577756488874, 0.28330463984, 0.00954737716787, -0.00556539024271, -0.999897024183, -0.00915505598096
0.100811833158, -0.577854299738, 0.283309781009, 0.00954720094321, -0.00554393543313, -0.99989693547, -0.0091779176191
0.100803374423, -0.577955555485, 0.283307960151, 0.00954720517441, -0.00553516842048, -0.999897232885, -0.00915076239309
